date,Precipitation,Runoff,SW_In,SW_Out,SW_Diversions,SW_Returns,GW_Diversions,GW_Returns,Recharge,GW_In,SW_to_GW,GW_Out,ET_Land_Surface,ET_SW,ET_Human_Use,ET_GW,ET_Total,Cumulative_Storage_Change_Human_Use,Cumulative_Storage_Change_GW,Monthly_Storage_Change_Human_Use,Monthly_Storage_Change_GW
Jan 2016,79.31,1.18,8.06,8.88,0.01,1.78,4.92,0.0,0.6,0,0.55,0,77.52,1.58,3.14,0.0,82.24,0,-712.52,0,0.0
Feb 2016,71.13,1.06,28.66,23.92,0.01,1.78,4.92,0.0,0.54,0,1.95,0,69.53,5.63,3.14,0.0,78.3,0,-716.29,0,-3.7699999999999796
Mar 2016,16.56,0.25,108.43,79.93,4.72,4.64,7.16,0.72,0.13,0,7.36,0,16.18,21.3,6.52,0.03,44.04,0,-718.71,0,-2.4200000000000697
Apr 2016,21.85,0.33,87.78,56.75,25.23,17.08,16.91,3.83,0.17,0,5.96,0,21.36,17.25,21.24,0.16,60.0,0,-717.7,0,1.00999999999999
May 2016,0.79,0.01,99.34,62.22,32.15,21.28,20.2,4.88,0.01,0,6.74,0,0.78,19.52,26.19,0.21,46.7,0,-724.82,0,-7.12
Jun 2016,48.21,0.72,128.32,83.16,34.92,22.96,21.52,5.3,0.37,0,8.71,0,47.13,25.21,28.18,0.23,100.75,0,-733.6,0,-8.779999999999971
Jul 2016,229.3,3.42,138.29,94.52,31.54,20.91,19.92,4.79,1.75,0,9.39,0,224.13,27.17,25.76,0.23,277.3,0,-740.98,0,-7.38
Aug 2016,387.65,5.77,113.51,82.03,22.94,15.7,15.84,3.48,2.95,0,7.71,0,378.93,22.3,19.6,0.2,421.02,0,-745.21,0,-4.23000000000002
Sep 2016,1013.9,15.1,81.06,75.08,3.65,4.0,6.68,0.56,7.72,0,5.5,0,991.08,15.92,5.77,0.15,1012.92,0,-747.11,0,-1.89999999999998
Oct 2016,651.24,9.7,28.19,30.89,3.4,3.85,6.56,0.52,4.96,0,1.91,0,636.58,5.54,5.59,0.11,647.82,0,-740.15,0,6.960000000000041
Nov 2016,81.84,1.22,0.5,3.37,0.01,1.8,4.95,0.0,0.62,0,0.03,0,79.99,0.1,3.16,0.0,83.25,0,-739.42,0,0.7300000000000179
Dec 2016,74.53,1.11,0.55,3.3,0.01,1.8,4.96,0.0,0.57,0,0.04,0,72.85,0.11,3.16,0.0,76.12,0,-743.72,0,-4.30000000000007
Jan 2017,207.75,3.09,10.2,12.39,0.01,1.8,4.96,0.0,1.58,0,0.69,0,203.07,2.0,3.17,0.0,208.24,0,-748.06,0,-4.33999999999992
Feb 2017,60.25,0.9,28.36,23.55,0.01,1.8,4.96,0.0,0.46,0,1.93,0,58.89,5.57,3.17,0.0,67.63,0,-750.74,0,-2.68000000000006
Mar 2017,299.99,4.47,112.7,88.63,1.38,2.63,5.62,0.21,2.29,0,7.65,0,293.23,22.14,4.15,0.02,319.55,0,-753.32,0,-2.58000000000004
Apr 2017,180.59,2.69,90.59,64.25,17.46,12.39,13.27,2.65,1.38,0,6.15,0,176.53,17.8,15.69,0.13,210.15,0,-748.81,0,4.510000000000099
May 2017,10.63,0.16,99.47,63.7,29.05,19.42,18.77,4.41,0.08,0,6.75,0,10.39,19.54,24.0,0.18,54.11,0,-752.03,0,-3.22000000000003
Jun 2017,181.12,2.7,129.2,87.67,30.17,20.1,19.31,4.58,1.38,0,8.77,0,177.04,25.38,24.81,0.23,227.45,0,-759.75,0,-7.72000000000003
Jul 2017,214.39,3.19,137.17,93.53,31.45,20.88,19.92,4.77,1.63,0,9.31,0,209.56,26.95,25.72,0.23,262.46,0,-764.55,0,-4.79999999999995
Aug 2017,496.94,7.4,113.07,84.66,19.65,13.72,14.32,2.98,3.79,0,7.68,0,485.75,22.22,17.26,0.19,525.42,0,-768.99,0,-4.44000000000005
Sep 2017,181.58,2.7,62.28,41.26,23.05,15.79,15.94,3.5,1.38,0,4.23,0,177.49,12.24,19.71,0.15,209.59,0,-769.05,0,-0.0599999999999454
Oct 2017,13.39,0.2,13.59,9.53,10.2,9.53,15.53,1.93,0.1,0,0.92,0,13.08,2.67,14.27,0.11,30.13,0,-776.04,0,-6.990000000000009
Nov 2017,101.0,1.5,0.41,3.56,0.14,1.89,5.06,0.02,0.77,0,0.03,0,98.73,0.08,3.28,0.0,102.09,0,-788.72,0,-12.680000000000101
Dec 2017,1.96,0.03,0.08,1.9,0.01,1.82,5.0,0.0,0.01,0,0.01,0,1.92,0.02,3.19,0.0,5.12,0,-792.96,0,-4.240000000000009
Jan 2018,20.67,0.31,7.23,7.43,0.01,1.82,5.0,0.0,0.16,0,0.49,0,20.2,1.42,3.19,0.0,24.81,0,-797.94,0,-4.98000000000002
Feb 2018,36.46,0.54,27.85,22.83,0.02,1.83,5.01,0.01,0.28,0,1.89,0,35.64,5.47,3.2,0.0,44.31,0,-802.29,0,-4.34999999999991
Mar 2018,37.97,0.57,108.18,74.46,19.08,13.39,14.07,2.9,0.29,0,7.35,0,37.11,21.25,16.87,0.11,75.35,0,-805.13,0,-2.8400000000000296
Apr 2018,24.9,0.37,86.99,56.35,24.99,16.97,16.88,3.79,0.19,0,5.91,0,24.34,17.09,21.11,0.16,62.69,0,-808.78,0,-3.64999999999998
May 2018,6.08,0.09,98.93,62.34,31.37,20.85,19.92,4.76,0.05,0,6.72,0,5.94,19.44,25.69,0.2,51.27,0,-815.94,0,-7.16000000000008
Jun 2018,130.22,1.94,127.59,85.03,31.99,21.22,20.22,4.85,0.99,0,8.66,0,127.28,25.07,26.14,0.23,178.72,0,-824.54,0,-8.59999999999991
Jul 2018,163.31,2.43,135.58,90.68,33.83,22.34,21.1,5.13,1.24,0,9.21,0,159.63,26.64,27.46,0.24,213.96,0,-830.48,0,-5.94000000000005
Aug 2018,462.65,6.89,111.88,82.71,21.13,14.64,15.07,3.21,3.52,0,7.6,0,452.23,21.98,18.35,0.2,492.77,0,-836.23,0,-5.75
Sep 2018,229.3,3.42,59.87,40.57,22.14,15.25,15.55,3.36,1.75,0,4.06,0,224.14,11.76,19.08,0.16,255.13,0,-837.17,0,-0.939999999999941
Oct 2018,17.13,0.26,14.05,9.72,10.59,9.72,15.5,1.98,0.13,0,0.95,0,16.74,2.76,14.4,0.11,34.01,0,-843.71,0,-6.54000000000008
Nov 2018,0.97,0.01,0.09,2.12,0.08,2.12,5.96,0.08,0.01,0,0.01,0,0.95,0.02,3.84,0.01,4.82,0,-856.26,0,-12.55
Dec 2018,44.51,0.66,0.09,2.55,0.01,1.84,5.05,0.0,0.34,0,0.01,0,43.51,0.02,3.21,0.0,46.74,0,-862.15,0,-5.889999999999991
Jan 2019,3.71,0.06,7.12,7.12,0.01,1.84,5.05,0.0,0.03,0,0.48,0,3.63,1.4,3.22,0.0,8.24,0,-866.84,0,-4.69000000000005
Feb 2019,7.54,0.11,27.54,21.56,1.64,2.83,5.83,0.25,0.06,0,1.87,0,7.37,5.41,4.39,0.01,17.19,0,-871.38,0,-4.53999999999996
Mar 2019,13.49,0.2,107.89,73.59,19.85,13.88,14.49,3.01,0.1,0,7.33,0,13.19,21.2,17.45,0.11,51.95,0,-875.03,0,-3.64999999999998
Apr 2019,24.79,0.37,88.21,57.34,24.8,16.88,16.84,3.76,0.19,0,5.99,0,24.23,17.33,21.0,0.16,62.71,0,-879.19,0,-4.16000000000008
May 2019,3.71,0.06,99.87,62.91,31.64,21.03,20.1,4.8,0.03,0,6.78,0,3.62,19.62,25.91,0.2,49.36,0,-886.25,0,-7.05999999999995
Jun 2019,109.9,1.64,129.39,85.56,33.29,22.03,20.88,5.05,0.84,0,8.79,0,107.42,25.42,27.09,0.24,160.17,0,-894.94,0,-8.69000000000005
Jul 2019,259.64,3.87,137.72,95.12,30.24,20.18,19.44,4.59,1.98,0,9.35,0,253.79,27.06,24.91,0.23,305.99,0,-901.38,0,-6.43999999999994
Aug 2019,315.1,4.69,110.66,77.86,25.63,17.39,17.25,3.89,2.4,0,7.51,0,308.01,21.74,21.6,0.2,351.56,0,-905.13,0,-3.75
Sep 2019,208.36,3.1,59.02,38.97,23.87,16.32,16.42,3.62,1.59,0,4.01,0,203.67,11.6,20.34,0.17,235.77,0,-908.78,0,-3.64999999999998
Oct 2019,42.47,0.63,14.54,10.12,11.33,10.12,15.65,2.07,0.32,0,0.99,0,41.52,2.86,14.79,0.12,59.29,0,-916.15,0,-7.37
Nov 2019,55.21,0.82,0.46,2.73,1.16,2.73,6.27,0.22,0.42,0,0.03,0,53.96,0.09,4.48,0.01,58.55,0,-928.54,0,-12.39
Dec 2019,0.57,0.01,0.09,1.92,0.01,1.86,5.09,0.0,0.0,0,0.01,0,0.56,0.02,3.24,0.0,3.82,0,-934.15,0,-5.610000000000009
Jan 2020,4.02,0.06,7.22,7.22,0.01,1.86,5.09,0.0,0.03,0,0.49,0,3.93,1.42,3.24,0.0,8.59,0,-939.23,0,-5.08000000000004
Feb 2020,2.65,0.04,27.88,22.2,0.52,2.17,5.34,0.08,0.02,0,1.89,0,2.59,5.48,3.61,0.0,11.67,0,-943.8,0,-4.569999999999941
Mar 2020,0.95,0.01,108.69,72.99,22.45,15.47,15.77,3.41,0.01,0,7.38,0,0.93,21.36,19.34,0.13,41.75,0,-947.14,0,-3.3400000000000296
Apr 2020,1.35,0.02,88.54,56.61,26.44,17.89,17.66,4.01,0.01,0,6.01,0,1.32,17.4,22.2,0.17,41.08,0,-952.24,0,-5.10000000000002
May 2020,33.14,0.49,100.49,64.35,30.3,20.24,19.5,4.6,0.25,0,6.82,0,32.4,19.74,24.97,0.2,77.31,0,-960.04,0,-7.79999999999995
Jun 2020,130.55,1.94,130.15,86.91,32.12,21.34,20.37,4.87,0.99,0,8.84,0,127.61,25.57,26.28,0.23,179.69,0,-968.07,0,-8.03000000000009
Jul 2020,391.81,5.84,140.88,100.94,26.43,17.89,17.67,4.01,2.98,0,9.57,0,382.99,27.68,22.2,0.23,433.1,0,-973.97,0,-5.899999999999981
Aug 2020,375.6,5.59,112.31,80.75,23.7,16.23,16.37,3.6,2.86,0,7.63,0,367.14,22.07,20.24,0.2,409.65,0,-975.3,0,-1.32999999999993
Sep 2020,675.03,10.06,69.73,59.31,9.91,7.88,9.83,1.51,5.14,0,4.73,0,659.83,13.7,10.36,0.15,684.04,0,-977.79,0,-2.49000000000001
Oct 2020,309.78,4.61,19.0,15.64,12.23,9.28,10.93,1.86,2.36,0,1.29,0,302.8,3.73,12.02,0.1,318.67,0,-976.39,0,1.39999999999998
Nov 2020,43.27,0.64,0.09,2.57,0.01,1.87,5.13,0.0,0.33,0,0.01,0,42.3,0.02,3.26,0.0,45.58,0,-981.92,0,-5.52999999999997
Dec 2020,669.92,9.98,10.34,19.45,0.01,1.87,5.13,0.0,5.1,0,0.7,0,654.83,2.03,3.26,0.0,660.13,0,-986.71,0,-4.79000000000008
Jan 2021,162.36,2.42,9.0,10.91,0.01,1.87,5.13,0.0,1.24,0,0.61,0,158.71,1.77,3.26,0.0,163.74,0,-986.03,0,0.6800000000000639
Feb 2021,33.64,0.5,28.02,22.98,0.01,1.88,5.14,0.0,0.26,0,1.9,0,32.88,5.51,3.27,0.0,41.65,0,-989.32,0,-3.29000000000008
Mar 2021,44.19,0.66,108.65,81.92,1.35,2.69,5.78,0.21,0.34,0,7.38,0,43.19,21.35,4.23,0.01,68.77,0,-992.29,0,-2.96999999999991
Apr 2021,49.73,0.74,88.76,58.92,22.86,15.74,16.0,3.47,0.38,0,6.03,0,48.61,17.44,19.66,0.15,85.86,0,-990.15,0,2.13999999999999
May 2021,166.14,2.47,101.5,69.08,25.26,17.2,17.15,3.83,1.27,0,6.89,0,162.4,19.94,21.38,0.19,203.92,0,-996.43,0,-6.27999999999997
Jun 2021,15.52,0.23,126.03,80.53,36.33,23.91,22.41,5.51,0.12,0,8.56,0,15.17,24.76,29.32,0.24,69.49,0,-1001.78,0,-5.35000000000002
Jul 2021,264.32,3.94,137.31,95.01,30.04,20.1,19.43,4.56,2.01,0,9.32,0,258.37,26.98,24.81,0.23,310.39,0,-1010.24,0,-8.46000000000004
Aug 2021,558.5,8.32,113.04,86.2,18.18,12.9,13.79,2.76,4.25,0,7.68,0,545.93,22.21,16.31,0.19,584.64,0,-1014.0,0,-3.7599999999999905
Sep 2021,139.51,2.08,60.93,38.77,25.45,17.32,17.25,3.86,1.06,0,4.14,0,136.37,11.97,21.52,0.16,170.03,0,-1013.3,0,0.700000000000045
Oct 2021,159.15,2.37,16.33,10.92,14.38,10.92,13.15,2.26,1.21,0,1.11,0,155.56,3.21,14.35,0.11,173.23,0,-1021.65,0,-8.35000000000002
Nov 2021,445.13,6.63,5.23,12.36,0.01,1.89,5.17,0.0,3.39,0,0.36,0,435.11,1.03,3.28,0.0,439.42,0,-1030.32,0,-8.669999999999959
Dec 2021,5.99,0.09,0.09,2.04,0.01,1.89,5.17,0.0,0.05,0,0.01,0,5.86,0.02,3.29,0.0,9.16,0,-1031.73,0,-1.41000000000008
Jan 2022,141.39,2.11,8.03,9.9,0.01,1.89,5.18,0.0,1.08,0,0.55,0,138.21,1.58,3.29,0.0,143.07,0,-1036.85,0,-5.11999999999989
Feb 2022,106.19,1.58,28.46,24.41,0.01,1.89,5.18,0.0,0.81,0,1.93,0,103.8,5.59,3.29,0.0,112.68,0,-1040.4,0,-3.55000000000018
Mar 2022,120.7,1.8,108.74,82.24,3.65,4.1,6.91,0.56,0.92,0,7.38,0,117.99,21.36,5.9,0.03,145.28,0,-1042.83,0,-2.42999999999984
Apr 2022,75.92,1.13,88.03,58.95,22.42,15.49,15.84,3.4,0.58,0,5.98,0,74.22,17.29,19.37,0.15,111.03,0,-1040.91,0,1.91999999999985
May 2022,21.79,0.32,98.75,62.88,30.44,20.35,19.65,4.62,0.17,0,6.71,0,21.3,19.4,25.12,0.2,66.01,0,-1046.94,0,-6.02999999999997
Jun 2022,121.92,1.82,126.53,83.93,32.68,21.71,20.72,4.96,0.93,0,8.59,0,119.17,24.86,26.72,0.23,170.99,0,-1055.3,0,-8.3599999999999
Jul 2022,267.9,3.99,135.64,94.14,29.29,19.66,19.11,4.44,2.04,0,9.21,0,261.87,26.65,24.3,0.22,313.04,0,-1061.77,0,-6.47000000000003
Aug 2022,410.62,6.12,109.44,79.73,22.32,15.44,15.8,3.39,3.13,0,7.43,0,401.38,21.5,19.3,0.2,442.38,0,-1065.41,0,-3.6400000000001
Sep 2022,498.05,7.42,63.78,50.68,14.11,10.46,11.9,2.14,3.79,0,4.33,0,486.84,12.53,13.42,0.15,512.94,0,-1067.46,0,-2.04999999999995
Oct 2022,61.45,0.92,14.77,10.33,11.78,10.33,15.55,2.11,0.47,0,1.0,0,60.07,2.9,14.89,0.12,77.98,0,-1069.25,0,-1.78999999999996
Nov 2022,58.24,0.87,0.09,2.67,0.43,2.16,5.41,0.07,0.44,0,0.01,0,56.93,0.02,3.61,0.0,60.56,0,-1081.34,0,-12.0899999999999
Dec 2022,8.11,0.12,0.09,2.09,0.01,1.91,5.21,0.0,0.06,0,0.01,0,7.92,0.02,3.31,0.0,11.25,0,-1086.23,0,-4.890000000000099
Jan 2023,122.87,1.83,7.52,9.26,0.01,1.91,5.22,0.0,0.94,0,0.51,0,120.11,1.48,3.31,0.0,124.89,0,-1091.37,0,-5.13999999999987
Feb 2023,92.22,1.37,28.22,24.03,0.01,1.91,5.22,0.0,0.7,0,1.92,0,90.14,5.54,3.31,0.0,99.0,0,-1095.14,0,-3.7700000000002096
Mar 2023,30.72,0.46,108.55,80.13,5.3,5.12,7.74,0.81,0.23,0,7.37,0,30.03,21.33,7.11,0.03,58.5,0,-1097.73,0,-2.58999999999992
Apr 2023,10.31,0.15,88.19,57.17,24.82,16.96,17.02,3.77,0.08,0,5.99,0,10.08,17.33,21.11,0.15,48.67,0,-1097.09,0,0.6400000000000999
May 2023,3.5,0.05,99.52,62.72,31.65,21.11,20.27,4.8,0.03,0,6.76,0,3.42,19.55,26.01,0.2,49.18,0,-1104.43,0,-7.34000000000015
Jun 2023,29.92,0.45,128.26,81.76,37.98,24.95,23.28,5.76,0.23,0,8.71,0,29.24,25.2,30.55,0.26,85.25,0,-1113.31,0,-8.87999999999988
Jul 2023,263.77,3.93,136.81,94.42,30.66,20.51,19.8,4.65,2.01,0,9.29,0,257.83,26.88,25.3,0.23,310.24,0,-1122.15,0,-8.84000000000015
Aug 2023,328.73,4.9,109.86,77.61,25.44,17.34,17.33,3.86,2.5,0,7.46,0,321.33,21.58,21.56,0.2,364.68,0,-1126.24,0,-4.08999999999992
Sep 2023,286.51,4.27,59.75,41.91,20.91,14.6,15.17,3.17,2.18,0,4.06,0,280.06,11.74,18.31,0.16,310.27,0,-1129.94,0,-3.70000000000005
Oct 2023,105.0,1.56,15.25,10.73,12.79,10.73,15.25,2.21,0.8,0,1.04,0,102.63,3.0,15.1,0.12,120.85,0,-1135.86,0,-5.91999999999985
Nov 2023,30.91,0.46,0.09,2.44,0.01,1.92,5.25,0.0,0.24,0,0.01,0,30.22,0.02,3.33,0.0,33.56,0,-1147.2,0,-11.3400000000001
Dec 2023,41.6,0.62,0.09,2.6,0.01,1.93,5.25,0.0,0.32,0,0.01,0,40.67,0.02,3.33,0.0,44.02,0,-1152.2,0,-5.0
Jan 2024,20.91,0.31,7.34,7.63,0.01,1.93,5.26,0.0,0.16,0,0.5,0,20.44,1.44,3.33,0.0,25.21,0,-1157.13,0,-4.930000000000059
Feb 2024,60.42,0.9,28.16,23.53,0.01,1.93,5.26,0.0,0.46,0,1.91,0,59.06,5.53,3.34,0.0,67.93,0,-1161.72,0,-4.58999999999992
Mar 2024,6.69,0.1,108.45,73.64,20.74,14.5,15.12,3.15,0.05,0,7.36,0,6.54,21.31,18.2,0.12,46.17,0,-1164.61,0,-2.88999999999987
Apr 2024,7.14,0.11,87.26,56.13,25.65,17.48,17.45,3.89,0.05,0,5.92,0,6.98,17.14,21.72,0.16,46.01,0,-1169.28,0,-4.67000000000007
May 2024,38.98,0.58,100.04,64.4,29.73,19.96,19.39,4.51,0.3,0,6.79,0,38.11,19.65,24.65,0.2,82.61,0,-1177.02,0,-7.740000000000009
Jun 2024,136.79,2.04,128.41,85.89,31.86,21.25,20.41,4.83,1.04,0,8.72,0,133.71,25.23,26.18,0.23,185.35,0,-1185.01,0,-7.990000000000009
Jul 2024,494.85,7.37,138.46,102.44,22.16,15.37,15.8,3.36,3.77,0,9.4,0,483.7,27.2,19.23,0.22,530.35,0,-1191.05,0,-6.039999999999959
Aug 2024,326.23,4.86,109.06,77.22,24.9,17.03,17.11,3.78,2.49,0,7.4,0,318.89,21.43,21.2,0.2,361.71,0,-1190.54,0,0.509999999999991
Sep 2024,248.46,3.7,60.44,41.58,21.65,15.07,15.57,3.29,1.89,0,4.1,0,242.87,11.88,18.87,0.16,273.77,0,-1194.18,0,-3.6400000000001
Oct 2024,61.38,0.91,14.84,10.36,11.83,10.36,15.54,2.11,0.47,0,1.01,0,60.0,2.92,14.9,0.12,77.94,0,-1200.62,0,-6.43999999999983
Nov 2024,125.34,1.87,0.69,3.96,0.89,2.48,5.71,0.14,0.95,0,0.05,0,122.51,0.14,3.99,0.01,126.64,0,-1212.7,0,-12.0800000000002
Dec 2024,34.35,0.51,0.09,2.51,0.01,1.94,5.3,0.0,0.26,0,0.01,0,33.58,0.02,3.36,0.0,36.95,0,-1217.27,0,-4.569999999999941
Jan 2025,19.71,0.29,7.13,7.48,0.01,1.95,5.3,0.0,0.15,0,0.48,0,19.26,1.4,3.36,0.0,24.02,0,-1222.3,0,-5.029999999999969
Feb 2025,38.61,0.58,28.06,23.14,0.04,1.97,5.32,0.01,0.29,0,1.91,0,37.74,5.51,3.38,0.0,46.64,0,-1226.96,0,-4.66000000000008
Mar 2025,13.85,0.21,108.55,73.97,20.4,14.32,15.0,3.1,0.11,0,7.37,0,13.54,21.33,17.99,0.12,52.96,0,-1230.07,0,-3.1099999999999
Apr 2025,37.22,0.55,88.79,58.55,23.55,16.23,16.5,3.57,0.28,0,6.03,0,36.38,17.44,20.24,0.15,74.22,0,-1234.61,0,-4.53999999999996
May 2025,66.63,0.99,101.64,66.57,28.3,19.11,18.76,4.29,0.51,0,6.9,0,65.13,19.97,23.65,0.19,108.95,0,-1241.37,0,-6.759999999999991
Jun 2025,158.73,2.36,129.6,87.22,31.59,21.1,20.32,4.79,1.21,0,8.8,0,155.15,25.46,26.01,0.23,206.86,0,-1248.61,0,-7.240000000000009
Jul 2025,383.52,5.71,138.4,99.29,25.88,17.65,17.62,3.93,2.92,0,9.4,0,374.89,27.19,21.92,0.22,424.23,0,-1254.37,0,-5.759999999999991
Aug 2025,200.01,2.98,108.93,73.69,28.89,19.48,19.05,4.38,1.52,0,7.4,0,195.51,21.4,24.09,0.2,241.19,0,-1255.96,0,-1.59000000000015
Sep 2025,401.17,5.98,63.13,47.77,16.76,12.12,13.29,2.55,3.06,0,4.29,0,392.14,12.4,15.39,0.15,420.08,0,-1261.91,0,-5.95000000000005
Oct 2025,1.1,0.02,14.04,9.82,10.35,9.82,16.14,1.97,0.01,0,0.95,0,1.08,2.76,14.7,0.11,18.65,0,-1265.46,0,-3.54999999999995
Nov 2025,15.51,0.23,0.09,2.61,0.3,2.61,7.23,0.17,0.12,0,0.01,0,15.16,0.02,4.75,0.02,19.94,0,-1278.78,0,-13.319999999999899
Dec 2025,77.06,1.15,0.36,3.37,0.01,1.96,5.34,0.0,0.59,0,0.02,0,75.32,0.07,3.38,0.0,78.77,0,-1285.74,0,-6.960000000000041
Jan 2026,48.18,0.72,7.58,8.25,0.01,1.96,5.34,0.0,0.37,0,0.51,0,47.09,1.49,3.38,0.0,51.96,0,-1290.47,0,-4.73000000000002
Feb 2026,104.0,1.55,28.69,24.61,0.01,1.97,5.34,0.0,0.79,0,1.95,0,101.66,5.64,3.38,0.0,110.68,0,-1294.92,0,-4.45000000000005
Mar 2026,8.03,0.12,108.21,79.73,4.97,4.98,7.71,0.76,0.06,0,7.35,0,7.85,21.26,6.94,0.03,36.08,0,-1297.52,0,-2.5999999999999104
Apr 2026,41.98,0.63,88.18,57.72,24.74,16.97,17.1,3.75,0.32,0,5.99,0,41.03,17.32,21.12,0.16,79.64,0,-1297.09,0,0.430000000000064
May 2026,30.73,0.46,100.61,64.42,30.54,20.49,19.86,4.63,0.23,0,6.83,0,30.04,19.77,25.28,0.2,75.29,0,-1304.29,0,-7.20000000000005
Jun 2026,39.71,0.59,128.75,83.16,35.85,23.71,22.39,5.44,0.3,0,8.74,0,38.82,25.29,29.09,0.24,93.44,0,-1312.66,0,-8.37000000000012
Jul 2026,313.56,4.67,138.79,97.67,28.12,19.02,18.72,4.27,2.39,0,9.42,0,306.5,27.27,23.55,0.22,357.54,0,-1320.8,0,-8.139999999999871
Aug 2026,340.22,5.07,111.49,79.19,25.05,17.16,17.26,3.8,2.59,0,7.57,0,332.56,21.9,21.35,0.2,376.02,0,-1323.67,0,-2.8700000000001205
Sep 2026,368.77,5.49,63.33,46.86,18.27,13.05,14.05,2.77,2.81,0,4.3,0,360.47,12.44,16.49,0.16,389.56,0,-1327.17,0,-3.5
Oct 2026,49.4,0.74,15.09,10.36,11.84,10.36,15.5,2.1,0.38,0,1.02,0,48.28,2.96,14.87,0.11,66.23,0,-1331.49,0,-4.31999999999994
Nov 2026,37.41,0.56,0.09,3.13,0.62,3.13,8.56,0.29,0.28,0,0.01,0,36.57,0.02,5.76,0.03,42.38,0,-1343.6,0,-12.1099999999999
Dec 2026,796.21,11.86,10.31,21.42,0.01,1.98,5.38,0.0,6.06,0,0.7,0,778.29,2.03,3.4,0.0,783.72,0,-1351.61,0,-8.009999999999991
Jan 2027,61.87,0.92,7.85,8.67,0.01,1.98,5.38,0.0,0.47,0,0.53,0,60.47,1.54,3.41,0.0,65.42,0,-1350.22,0,1.38999999999987
Feb 2027,39.0,0.58,28.07,23.21,0.01,1.98,5.39,0.0,0.3,0,1.91,0,38.12,5.52,3.41,0.0,47.04,0,-1354.59,0,-4.36999999999989
Mar 2027,11.86,0.18,108.66,76.56,14.06,10.5,12.06,2.13,0.09,0,7.38,0,11.59,21.35,13.48,0.08,46.51,0,-1357.77,0,-3.18000000000006
Apr 2027,91.65,1.37,88.92,59.62,23.21,16.06,16.42,3.52,0.7,0,6.04,0,89.59,17.47,20.05,0.16,127.27,0,-1360.32,0,-2.54999999999995
May 2027,449.11,6.69,106.55,80.29,17.2,12.41,13.57,2.61,3.42,0,7.23,0,439.0,20.93,15.74,0.19,475.87,0,-1366.64,0,-6.32000000000016
Jun 2027,186.27,2.77,130.28,88.73,30.16,20.27,19.73,4.58,1.42,0,8.85,0,182.08,25.6,25.03,0.23,232.93,0,-1367.13,0,-0.49000000000000893
Jul 2027,279.39,4.16,138.05,96.19,29.24,19.72,19.3,4.44,2.13,0,9.37,0,273.1,27.12,24.38,0.23,324.83,0,-1372.24,0,-5.109999999999901
Aug 2027,257.94,3.84,109.94,75.79,27.72,18.8,18.57,4.21,1.96,0,7.46,0,252.13,21.6,23.29,0.21,297.23,0,-1375.82,0,-3.5799999999999303
Sep 2027,253.78,3.78,62.5,42.84,22.64,15.72,16.16,3.44,1.93,0,4.24,0,248.06,12.28,19.65,0.17,280.15,0,-1380.97,0,-5.15000000000009
Oct 2027,9.6,0.14,14.11,9.94,10.52,9.94,16.22,1.99,0.07,0,0.96,0,9.39,2.77,14.81,0.12,27.09,0,-1387.69,0,-6.72000000000003
Nov 2027,0.16,0.0,0.09,2.15,0.07,2.15,5.85,0.04,0.0,0,0.01,0,0.16,0.02,3.73,0.0,3.91,0,-1401.0,0,-13.3099999999999
Dec 2027,81.62,1.22,0.76,3.76,0.01,2.0,5.42,0.0,0.62,0,0.05,0,79.78,0.15,3.43,0.0,83.36,0,-1406.8,0,-5.79999999999995
Jan 2028,183.59,2.73,9.03,11.37,0.01,2.0,5.42,0.0,1.4,0,0.61,0,179.46,1.77,3.43,0.0,184.66,0,-1411.54,0,-4.740000000000009
Feb 2028,65.11,0.97,28.43,23.6,0.7,2.42,5.76,0.11,0.5,0,1.93,0,63.64,5.58,3.93,0.0,73.16,0,-1414.95,0,-3.41000000000008
Mar 2028,102.54,1.53,109.41,77.13,17.49,12.6,13.74,2.65,0.78,0,7.43,0,100.23,21.49,15.96,0.11,137.8,0,-1418.17,0,-3.22000000000003
Apr 2028,21.4,0.32,87.84,57.38,24.3,16.73,16.98,3.69,0.16,0,5.96,0,20.91,17.26,20.85,0.15,59.18,0,-1421.16,0,-2.9900000000000095
May 2028,9.5,0.14,99.64,63.41,30.57,20.54,19.96,4.64,0.07,0,6.77,0,9.29,19.58,25.36,0.2,54.42,0,-1428.47,0,-7.30999999999995
Jun 2028,90.52,1.35,128.48,84.57,33.77,22.48,21.49,5.12,0.69,0,8.72,0,88.49,25.24,27.65,0.23,141.61,0,-1437.15,0,-8.68000000000006
Jul 2028,590.91,8.8,142.09,107.63,19.58,13.88,14.75,2.97,4.5,0,9.65,0,577.6,27.92,17.48,0.21,623.21,0,-1444.34,0,-7.18999999999983
Aug 2028,624.66,9.3,115.15,89.5,16.56,12.05,13.32,2.52,4.76,0,7.82,0,610.6,22.62,15.31,0.2,648.73,0,-1442.18,0,2.15999999999985
Sep 2028,252.27,3.76,63.45,43.98,21.5,15.04,15.66,3.26,1.92,0,4.31,0,246.59,12.47,18.85,0.16,278.06,0,-1440.6,0,1.58000000000015
Oct 2028,130.78,1.95,15.49,10.79,13.34,10.79,14.36,2.2,1.0,0,1.05,0,127.84,3.04,14.71,0.11,145.71,0,-1446.93,0,-6.33000000000015
Nov 2028,171.21,2.55,1.71,5.42,1.01,2.62,5.93,0.16,1.3,0,0.12,0,167.36,0.34,4.16,0.01,171.87,0,-1457.16,0,-10.23
Dec 2028,7.64,0.11,0.09,2.19,0.01,2.02,5.46,0.0,0.06,0,0.01,0,7.47,0.02,3.45,0.0,10.94,0,-1461.52,0,-4.3599999999999
Jan 2029,206.14,3.07,9.16,11.82,0.01,2.02,5.47,0.0,1.57,0,0.62,0,201.5,1.8,3.45,0.0,206.76,0,-1466.92,0,-5.400000000000089
Feb 2029,103.78,1.55,28.62,24.61,0.01,2.02,5.47,0.0,0.79,0,1.94,0,101.44,5.62,3.46,0.0,110.52,0,-1470.19,0,-3.2699999999999796
Mar 2029,100.57,1.5,109.35,82.41,3.94,4.4,7.34,0.6,0.77,0,7.43,0,98.31,21.48,6.28,0.03,126.1,0,-1472.92,0,-2.7300000000000204
Apr 2029,33.38,0.5,88.61,58.2,24.15,16.66,16.95,3.67,0.25,0,6.02,0,32.63,17.41,20.77,0.15,70.97,0,-1471.5,0,1.42000000000007
May 2029,19.21,0.29,98.86,63.14,30.21,20.34,19.83,4.58,0.15,0,6.71,0,18.78,19.42,25.12,0.2,63.51,0,-1478.67,0,-7.17000000000007
Jun 2029,44.88,0.67,127.67,82.33,36.3,24.04,22.73,5.51,0.34,0,8.67,0,43.87,25.08,29.49,0.25,98.69,0,-1487.25,0,-8.579999999999929
Jul 2029,286.39,4.27,137.82,96.16,29.27,19.77,19.39,4.44,2.18,0,9.36,0,279.94,27.08,24.45,0.23,331.69,0,-1495.71,0,-8.46000000000004
Aug 2029,326.02,4.86,110.79,78.25,25.74,17.63,17.72,3.91,2.48,0,7.52,0,318.68,21.77,21.92,0.21,362.57,0,-1499.34,0,-3.6299999999998795
Sep 2029,563.71,8.4,66.25,54.15,12.71,9.73,11.53,1.93,4.29,0,4.5,0,551.02,13.02,12.58,0.16,576.77,0,-1503.36,0,-4.01999999999998
Oct 2029,16.51,0.25,14.2,9.7,10.69,9.7,14.96,1.92,0.13,0,0.96,0,16.14,2.79,14.04,0.1,33.07,0,-1504.32,0,-0.9600000000000359
Nov 2029,38.08,0.57,0.09,2.66,0.01,2.03,5.5,0.0,0.29,0,0.01,0,37.22,0.02,3.47,0.0,40.72,0,-1516.37,0,-12.05
Dec 2029,409.23,6.1,4.11,11.14,0.01,2.03,5.51,0.0,3.12,0,0.28,0,400.01,0.81,3.48,0.0,404.29,0,-1521.57,0,-5.20000000000005
Jan 2030,96.27,1.43,7.99,9.34,0.01,2.04,5.51,0.0,0.73,0,0.54,0,94.11,1.57,3.48,0.0,99.15,0,-1523.68,0,-2.11000000000013
Feb 2030,65.02,0.97,28.24,23.77,0.01,2.04,5.51,0.0,0.5,0,1.92,0,63.56,5.55,3.48,0.0,72.58,0,-1527.91,0,-4.23000000000002
Mar 2030,14.75,0.22,108.61,79.69,6.26,5.83,8.49,0.95,0.11,0,7.37,0,14.41,21.34,7.96,0.04,43.76,0,-1531.0,0,-3.08999999999992
Apr 2030,2.31,0.03,88.78,57.61,24.84,17.1,17.32,3.77,0.02,0,6.03,0,2.26,17.44,21.29,0.15,41.15,0,-1531.09,0,-0.0899999999999181
May 2030,11.58,0.17,101.22,64.82,30.12,20.3,19.83,4.57,0.09,0,6.87,0,11.32,19.89,25.08,0.19,56.48,0,-1538.75,0,-7.66000000000008
Jun 2030,103.83,1.55,43.66,22.46,33.66,22.46,21.53,5.11,0.79,0,2.96,0,101.49,8.58,27.63,0.24,137.94,0,-1547.24,0,-8.490000000000009
Jul 2030,704.6,10.5,44.97,38.94,16.95,12.32,13.58,2.57,5.37,0,3.05,0,688.74,8.83,15.64,0.21,713.42,0,-1560.15,0,-12.9100000000001
Aug 2030,280.92,4.18,75.53,51.46,26.25,17.96,18.0,3.98,2.14,0,5.13,0,274.6,14.84,22.31,0.2,311.94,0,-1562.94,0,-2.78999999999996
Sep 2030,1085.67,16.17,62.47,62.75,3.59,4.22,7.24,0.55,8.27,0,4.24,0,1061.22,12.27,6.06,0.15,1079.71,0,-1569.89,0,-6.95000000000005
Oct 2030,8.68,0.13,15.12,10.23,11.26,10.23,15.94,2.05,0.07,0,1.03,0,8.49,2.97,14.91,0.11,26.48,0,-1564.23,0,5.66000000000008
Nov 2030,79.26,1.18,0.53,3.19,1.09,2.71,6.06,0.17,0.6,0,0.04,0,77.47,0.1,4.27,0.01,81.86,0,-1577.13,0,-12.9000000000001
Dec 2030,1.16,0.02,0.09,2.13,0.01,2.05,5.55,0.0,0.01,0,0.01,0,1.14,0.02,3.5,0.0,4.65,0,-1582.38,0,-5.25
Jan 2031,33.25,0.5,7.4,7.99,0.01,2.05,5.55,0.0,0.25,0,0.5,0,32.5,1.45,3.5,0.0,37.45,0,-1587.91,0,-5.52999999999997
Feb 2031,22.5,0.34,27.93,20.97,4.98,5.07,7.91,0.76,0.17,0,1.9,0,21.99,5.49,7.06,0.03,34.57,0,-1592.7,0,-4.78999999999996
Mar 2031,2.0,0.03,108.36,73.42,21.29,14.96,15.67,3.23,0.02,0,7.36,0,1.96,21.29,18.76,0.12,42.13,0,-1597.82,0,-5.11999999999989
Apr 2031,4.71,0.07,88.92,57.39,25.77,17.68,17.8,3.91,0.04,0,6.04,0,4.6,17.47,21.98,0.16,44.21,0,-1603.0,0,-5.180000000000059
May 2031,30.24,0.45,24.78,14.98,18.68,14.98,20.36,3.24,0.23,0,1.68,0,29.56,4.87,20.82,0.21,55.46,0,-1610.98,0,-7.980000000000019
Jun 2031,69.25,1.03,10.66,10.84,8.87,10.84,22.41,2.2,0.53,0,0.72,0,67.69,2.09,18.25,0.24,88.28,0,-1626.4,0,-15.4200000000001
Jul 2031,541.42,8.06,33.3,26.2,21.39,15.03,15.73,3.25,4.12,0,2.26,0,529.23,6.54,18.84,0.22,554.83,0,-1645.6,0,-19.1999999999998
Aug 2031,502.89,7.49,49.35,38.09,19.74,14.03,14.95,3.0,3.83,0,3.35,0,491.57,9.7,17.66,0.2,519.12,0,-1651.92,0,-6.32000000000016
Sep 2031,348.96,5.2,45.7,33.56,18.57,13.32,14.4,2.82,2.66,0,3.1,0,341.1,8.98,16.83,0.16,367.06,0,-1656.89,0,-4.970000000000031
Oct 2031,1042.4,15.53,29.79,39.5,0.01,2.07,5.58,0.0,7.94,0,2.02,0,1018.93,5.85,3.52,0.11,1028.41,0,-1662.86,0,-5.9699999999998
Nov 2031,306.31,4.56,3.49,9.19,0.01,2.07,5.58,0.0,2.33,0,0.24,0,299.42,0.69,3.52,0.0,303.62,0,-1658.58,0,4.27999999999997
Dec 2031,53.62,0.8,0.15,2.97,0.01,2.07,5.59,0.0,0.41,0,0.01,0,52.41,0.03,3.52,0.0,55.97,0,-1661.59,0,-3.0099999999999905
Jan 2032,30.14,0.45,7.32,7.89,0.01,2.07,5.59,0.0,0.23,0,0.5,0,29.46,1.44,3.52,0.0,34.42,0,-1666.76,0,-5.17000000000007
Feb 2032,10.66,0.16,27.84,22.7,0.01,2.07,5.59,0.0,0.08,0,1.89,0,10.42,5.47,3.53,0.0,19.41,0,-1671.62,0,-4.859999999999901
Mar 2032,64.01,0.95,109.25,80.64,6.98,6.3,8.91,1.06,0.49,0,7.42,0,62.57,21.46,8.53,0.05,92.61,0,-1675.23,0,-3.61000000000013
Apr 2032,0.85,0.01,88.67,56.52,27.41,18.69,18.62,4.16,0.01,0,6.02,0,0.83,17.42,23.18,0.18,41.61,0,-1675.22,0,0.009999999999990909
May 2032,34.18,0.51,101.59,65.37,30.37,20.49,20.03,4.61,0.26,0,6.9,0,33.41,19.96,25.3,0.2,78.88,0,-1683.84,0,-8.619999999999889
Jun 2032,35.61,0.53,25.57,16.07,19.34,16.07,23.19,3.5,0.27,0,1.74,0,34.81,5.02,22.96,0.25,63.05,0,-1692.3,0,-8.46000000000004
Jul 2032,459.57,6.85,32.89,23.73,23.84,16.54,16.94,3.62,3.5,0,2.23,0,449.23,6.46,20.63,0.22,476.54,0,-1710.23,0,-17.930000000000103
Aug 2032,593.61,8.84,43.08,35.66,17.67,12.79,14.01,2.68,4.52,0,2.93,0,580.25,8.46,16.2,0.2,605.11,0,-1718.04,0,-7.80999999999995
Sep 2032,434.32,6.47,43.82,34.68,15.52,11.49,12.99,2.36,3.31,0,2.98,0,424.54,8.61,14.66,0.15,447.96,0,-1722.12,0,-4.07999999999993
Oct 2032,34.57,0.51,15.6,10.51,11.99,10.51,15.61,2.11,0.26,0,1.06,0,33.79,3.06,14.98,0.11,51.94,0,-1726.62,0,-4.5
Nov 2032,68.59,1.02,0.46,3.41,1.36,3.41,8.12,0.34,0.52,0,0.03,0,67.04,0.09,5.74,0.03,72.9,0,-1738.9,0,-12.2800000000002
Dec 2032,765.13,11.4,8.94,20.06,0.01,2.09,5.63,0.0,5.83,0,0.61,0,747.9,1.76,3.55,0.0,753.21,0,-1746.16,0,-7.259999999999991
Jan 2033,82.99,1.24,7.78,9.04,0.01,2.09,5.63,0.0,0.63,0,0.53,0,81.12,1.53,3.55,0.0,86.2,0,-1745.35,0,0.810000000000173
Feb 2033,113.28,1.69,28.5,24.74,0.01,2.09,5.64,0.0,0.86,0,1.94,0,110.73,5.6,3.55,0.0,119.88,0,-1749.81,0,-4.46000000000004
Mar 2033,18.68,0.28,108.49,81.4,1.97,3.28,6.57,0.3,0.14,0,7.37,0,18.26,21.31,4.96,0.01,44.55,0,-1752.65,0,-2.8400000000001495
Apr 2033,32.43,0.48,87.83,58.38,22.36,15.65,16.26,3.39,0.25,0,5.96,0,31.7,17.26,19.58,0.14,68.68,0,-1751.42,0,1.23000000000002
May 2033,350.16,5.22,104.13,75.91,20.33,14.42,15.3,3.09,2.67,0,7.07,0,342.27,20.46,18.13,0.19,381.05,0,-1758.22,0,-6.79999999999995
Jun 2033,84.79,1.26,128.25,84.41,33.77,22.57,21.69,5.12,0.65,0,8.71,0,82.88,25.2,27.77,0.23,136.08,0,-1760.89,0,-2.6700000000000697
Jul 2033,217.67,3.24,136.62,93.93,30.25,20.44,20.03,4.59,1.66,0,9.28,0,212.77,26.84,25.25,0.22,265.07,0,-1768.34,0,-7.44999999999982
Aug 2033,461.75,6.88,111.44,82.73,20.89,14.77,15.58,3.17,3.52,0,7.57,0,451.36,21.89,18.54,0.2,491.98,0,-1773.06,0,-4.720000000000031
Sep 2033,207.2,3.09,65.73,44.47,23.04,16.07,16.6,3.5,1.58,0,4.46,0,202.54,12.91,20.08,0.16,235.69,0,-1774.58,0,-1.51999999999998
Oct 2033,138.45,2.06,16.1,11.35,13.9,11.35,15.31,2.32,1.05,0,1.09,0,135.33,3.16,15.55,0.13,154.16,0,-1781.8,0,-7.22000000000003
Nov 2033,38.61,0.58,0.12,3.14,0.67,3.14,8.34,0.26,0.29,0,0.01,0,37.74,0.02,5.6,0.03,43.39,0,-1792.78,0,-10.98
Dec 2033,10.09,0.15,0.1,2.32,0.01,2.11,5.67,0.0,0.08,0,0.01,0,9.86,0.02,3.57,0.0,13.45,0,-1800.57,0,-7.789999999999959
Jan 2034,61.52,0.92,7.59,8.6,0.01,2.11,5.67,0.0,0.47,0,0.52,0,60.14,1.49,3.57,0.0,65.2,0,-1806.15,0,-5.58000000000015
Feb 2034,85.41,1.27,28.22,24.09,0.12,2.18,5.73,0.02,0.65,0,1.92,0,83.49,5.54,3.65,0.0,92.68,0,-1810.84,0,-4.68999999999983
Mar 2034,17.68,0.26,108.6,74.39,19.98,14.22,15.17,3.03,0.13,0,7.37,0,17.29,21.34,17.9,0.11,56.63,0,-1813.98,0,-3.1400000000001
Apr 2034,0.41,0.01,88.74,56.94,26.56,18.21,18.3,4.03,0.0,0,6.03,0,0.4,17.44,22.61,0.17,40.62,0,-1818.73,0,-4.75
May 2034,10.93,0.16,100.67,64.2,30.82,20.8,20.33,4.68,0.08,0,6.84,0,10.69,19.78,25.67,0.2,56.34,0,-1827.14,0,-8.41000000000008
Jun 2034,190.02,2.83,102.67,68.58,30.19,20.42,20.04,4.58,1.45,0,6.97,0,185.74,20.17,25.23,0.23,231.36,0,-1836.07,0,-8.92999999999984
Jul 2034,467.51,6.96,58.32,43.05,22.69,15.87,16.47,3.44,3.56,0,3.96,0,456.99,11.46,19.85,0.21,488.51,0,-1843.33,0,-7.259999999999991
Aug 2034,443.17,6.6,52.44,38.99,21.09,14.9,15.71,3.2,3.38,0,3.56,0,433.19,10.3,18.7,0.19,462.38,0,-1849.05,0,-5.72000000000003
Sep 2034,281.44,4.19,43.97,30.58,20.51,14.56,15.45,3.11,2.14,0,2.99,0,275.1,8.64,18.29,0.16,302.19,0,-1854.82,0,-5.769999999999981
Oct 2034,64.21,0.96,15.71,10.83,12.51,10.83,15.82,2.18,0.49,0,1.07,0,62.77,3.09,15.32,0.12,81.29,0,-1862.18,0,-7.36000000000013
Nov 2034,97.79,1.46,0.65,3.46,1.5,3.02,6.42,0.23,0.74,0,0.04,0,95.58,0.13,4.66,0.01,100.38,0,-1874.38,0,-12.2
Dec 2034,50.53,0.75,0.21,3.02,0.01,2.12,5.71,0.0,0.38,0,0.01,0,49.39,0.04,3.59,0.0,53.03,0,-1879.79,0,-5.40999999999985
Jan 2035,54.23,0.81,7.81,8.67,0.01,2.13,5.72,0.0,0.41,0,0.53,0,53.01,1.53,3.59,0.0,58.14,0,-1885.1,0,-5.30999999999995
Feb 2035,31.82,0.47,27.94,22.5,1.65,3.12,6.5,0.25,0.24,0,1.9,0,31.1,5.49,4.77,0.01,41.37,0,-1889.86,0,-4.759999999999991
Mar 2035,17.06,0.25,108.34,74.28,19.81,14.14,15.13,3.01,0.13,0,7.36,0,16.68,21.29,17.8,0.11,55.87,0,-1893.98,0,-4.12000000000012
Apr 2035,19.52,0.29,88.77,58.21,24.17,16.78,17.2,3.67,0.15,0,6.03,0,19.08,17.44,20.92,0.15,57.59,0,-1898.73,0,-4.75
May 2035,1.05,0.02,48.79,25.05,32.99,22.13,21.4,5.01,0.01,0,3.31,0,1.03,9.59,27.25,0.22,38.08,0,-1906.24,0,-7.509999999999991
Jun 2035,204.65,3.05,27.67,17.09,23.4,17.09,19.71,3.74,1.56,0,1.88,0,200.04,5.44,22.28,0.23,227.98,0,-1919.53,0,-13.29
Jul 2035,262.27,3.91,36.85,21.54,29.49,20.01,19.74,4.47,2.0,0,2.5,0,256.37,7.24,24.74,0.22,288.57,0,-1932.29,0,-12.76
Aug 2035,255.17,3.8,36.49,22.13,27.06,18.54,18.59,4.11,1.94,0,2.48,0,249.42,7.17,23.0,0.2,279.79,0,-1943.28,0,-10.99
Sep 2035,559.61,8.34,38.46,33.83,12.51,9.72,11.68,1.9,4.26,0,2.61,0,547.01,7.56,12.57,0.15,567.29,0,-1953.54,0,-10.26
Oct 2035,102.36,1.52,16.27,11.05,13.5,11.05,14.88,2.23,0.78,0,1.1,0,100.05,3.2,15.09,0.11,118.45,0,-1956.6,0,-3.05999999999995
Nov 2035,9.58,0.14,0.1,2.34,0.21,2.34,6.1,0.05,0.07,0,0.01,0,9.37,0.02,3.93,0.0,13.31,0,-1967.47,0,-10.8700000000001
Dec 2035,35.49,0.53,0.1,2.73,0.01,2.14,5.75,0.0,0.27,0,0.01,0,34.69,0.02,3.61,0.0,38.32,0,-1973.44,0,-5.97000000000003
Jan 2036,70.48,1.05,7.53,8.72,0.01,2.14,5.75,0.0,0.54,0,0.51,0,68.89,1.48,3.62,0.0,73.99,0,-1978.91,0,-5.47000000000003
Feb 2036,46.91,0.7,28.05,23.47,0.01,2.14,5.76,0.0,0.36,0,1.9,0,45.85,5.51,3.62,0.0,54.98,0,-1983.61,0,-4.699999999999821
Mar 2036,36.92,0.55,108.7,80.04,6.65,6.17,8.91,1.01,0.28,0,7.38,0,36.09,21.36,8.38,0.04,65.87,0,-1987.1,0,-3.4900000000000095
Apr 2036,134.7,2.01,88.78,60.54,22.64,15.87,16.52,3.44,1.03,0,6.03,0,131.67,17.44,19.85,0.17,169.13,0,-1987.38,0,-0.28000000000020003
May 2036,74.57,1.11,100.79,65.91,29.18,19.84,19.63,4.43,0.57,0,6.84,0,72.89,19.8,24.54,0.2,117.43,0,-1993.57,0,-6.18999999999983
Jun 2036,18.89,0.28,128.39,82.92,35.46,23.65,22.61,5.38,0.14,0,8.72,0,18.47,25.23,29.05,0.23,72.97,0,-2001.56,0,-7.990000000000009
Jul 2036,426.89,6.36,115.92,84.27,24.17,16.8,17.25,3.67,3.25,0,7.87,0,417.28,22.77,20.95,0.22,461.22,0,-2010.16,0,-8.60000000000014
Aug 2036,288.81,4.3,77.87,53.31,26.47,18.2,18.35,4.02,2.2,0,5.29,0,282.31,15.3,22.61,0.2,320.41,0,-2012.84,0,-2.67999999999984
Sep 2036,378.1,5.63,47.36,35.85,17.2,12.58,13.95,2.61,2.88,0,3.22,0,369.59,9.31,15.96,0.15,395.01,0,-2019.89,0,-7.05000000000018
Oct 2036,294.13,4.38,17.74,14.02,14.13,10.72,12.49,2.15,2.24,0,1.2,0,287.51,3.49,13.76,0.11,304.87,0,-2025.28,0,-5.38999999999987
Nov 2036,38.45,0.57,0.1,2.6,0.64,2.6,6.32,0.12,0.29,0,0.01,0,37.58,0.02,4.24,0.01,41.85,0,-2032.3,0,-7.019999999999981
Dec 2036,23.69,0.35,0.1,2.57,0.01,2.16,5.79,0.0,0.18,0,0.01,0,23.16,0.02,3.64,0.0,26.81,0,-2038.2,0,-5.900000000000089
Jan 2037,18.74,0.28,7.03,7.6,0.01,2.16,5.79,0.0,0.14,0,0.48,0,18.32,1.38,3.64,0.0,23.34,0,-2043.8,0,-5.599999999999911
Feb 2037,42.01,0.63,27.97,23.15,0.53,2.48,6.04,0.08,0.32,0,1.9,0,41.06,5.5,4.02,0.0,50.58,0,-2048.96,0,-5.16000000000008
Mar 2037,20.61,0.31,108.15,73.92,20.58,14.64,15.57,3.12,0.16,0,7.34,0,20.15,21.25,18.39,0.12,59.9,0,-2052.71,0,-3.75
Apr 2037,5.5,0.08,87.81,56.48,26.31,18.11,18.3,3.99,0.04,0,5.96,0,5.37,17.25,22.5,0.17,45.29,0,-2057.77,0,-5.05999999999995
May 2037,488.86,7.28,106.13,80.93,16.74,12.31,13.75,2.54,3.72,0,7.21,0,477.86,20.85,15.64,0.2,514.55,0,-2066.24,0,-8.4699999999998
Jun 2037,38.77,0.58,128.0,83.3,34.57,23.12,22.23,5.24,0.3,0,8.69,0,37.9,25.15,28.43,0.23,91.7,0,-2066.72,0,-0.48000000000001797
Jul 2037,647.0,9.64,141.09,108.59,17.79,12.95,14.26,2.7,4.93,0,9.58,0,632.43,27.72,16.4,0.21,676.76,0,-2074.94,0,-8.220000000000251
Aug 2037,451.9,6.73,111.46,82.4,21.57,15.24,16.06,3.27,3.44,0,7.57,0,441.73,21.9,19.11,0.2,482.94,0,-2072.2,0,2.74000000000024
Sep 2037,203.2,3.03,48.85,32.37,22.25,15.66,16.38,3.38,1.55,0,3.32,0,198.63,9.6,19.6,0.15,227.97,0,-2074.18,0,-1.98000000000002
Oct 2037,249.08,3.71,17.69,12.85,15.34,11.47,13.1,2.33,1.9,0,1.2,0,243.48,3.48,14.65,0.11,261.71,0,-2082.47,0,-8.28999999999996
Nov 2037,75.05,1.12,0.16,2.92,1.22,2.91,6.4,0.19,0.57,0,0.01,0,73.36,0.03,4.53,0.01,77.92,0,-2090.26,0,-7.790000000000419
Dec 2037,909.06,13.54,10.0,23.06,0.01,2.17,5.82,0.0,6.92,0,0.68,0,888.59,1.97,3.66,0.0,894.22,0,-2095.89,0,-5.629999999999651
Jan 2038,36.43,0.54,7.01,7.86,0.01,2.17,5.83,0.0,0.28,0,0.48,0,35.61,1.38,3.66,0.0,40.65,0,-2094.11,0,1.77999999999975
Feb 2038,90.44,1.35,28.12,24.19,0.03,2.19,5.84,0.01,0.69,0,1.91,0,88.4,5.53,3.67,0.0,97.6,0,-2099.18,0,-5.06999999999971
Mar 2038,120.8,1.8,108.87,77.57,16.5,12.18,13.67,2.51,0.92,0,7.39,0,118.08,21.39,15.49,0.11,155.07,0,-2102.41,0,-3.2300000000000204
Apr 2038,37.24,0.55,88.52,58.99,22.51,15.83,16.53,3.42,0.28,0,6.01,0,36.4,17.39,19.8,0.14,73.73,0,-2105.38,0,-2.9700000000002498
May 2038,39.77,0.59,101.03,65.33,29.88,20.3,20.04,4.53,0.3,0,6.86,0,38.88,19.85,25.09,0.2,84.01,0,-2112.34,0,-6.960000000000041
Jun 2038,186.76,2.78,128.53,87.82,29.71,20.19,19.96,4.51,1.42,0,8.73,0,182.55,25.25,24.97,0.22,232.99,0,-2120.88,0,-8.53999999999996
Jul 2038,546.55,8.14,138.88,104.61,20.0,14.31,15.35,3.04,4.16,0,9.43,0,534.25,27.29,18.0,0.21,579.75,0,-2126.4,0,-5.519999999999981
Aug 2038,555.46,8.27,111.84,85.49,18.38,13.33,14.58,2.79,4.23,0,7.59,0,542.95,21.97,16.85,0.2,581.97,0,-2125.33,0,1.07000000000016
Sep 2038,505.35,7.53,66.79,53.82,12.74,9.91,11.91,1.94,3.85,0,4.53,0,493.97,13.12,12.81,0.14,520.05,0,-2125.49,0,-0.159999999999854
Oct 2038,279.7,4.17,16.77,13.43,13.35,10.28,12.2,2.03,2.13,0,1.14,0,273.4,3.3,13.24,0.11,290.05,0,-2127.22,0,-1.73000000000002
Nov 2038,201.13,3.0,0.91,5.84,0.01,2.19,5.86,0.0,1.53,0,0.06,0,196.6,0.18,3.68,0.0,200.45,0,-2134.22,0,-7.0
Dec 2038,73.82,1.1,0.1,3.36,0.01,2.19,5.86,0.0,0.56,0,0.01,0,72.16,0.02,3.68,0.0,75.86,0,-2138.48,0,-4.26000000000022
Jan 2039,159.89,2.38,7.83,10.33,0.01,2.19,5.87,0.0,1.22,0,0.53,0,156.29,1.54,3.68,0.0,161.51,0,-2143.77,0,-5.28999999999996
Feb 2039,83.38,1.24,28.03,23.96,0.21,2.31,5.97,0.04,0.64,0,1.9,0,81.5,5.51,3.83,0.0,90.84,0,-2147.88,0,-4.11000000000013
Mar 2039,123.66,1.84,108.16,77.04,16.65,12.29,13.78,2.53,0.94,0,7.34,0,120.88,21.25,15.62,0.11,157.86,0,-2151.27,0,-3.38999999999987
Apr 2039,43.76,0.65,86.48,56.78,24.61,17.11,17.57,3.73,0.33,0,5.87,0,42.78,16.99,21.33,0.16,81.26,0,-2154.35,0,-3.0799999999999303
May 2039,107.16,1.6,99.71,65.94,28.44,19.44,19.39,4.32,0.82,0,6.77,0,104.75,19.59,24.07,0.2,148.62,0,-2162.14,0,-7.789999999999959
Jun 2039,430.01,6.41,128.44,94.38,22.12,15.6,16.39,3.36,3.28,0,8.72,0,420.33,25.24,19.54,0.22,465.33,0,-2169.83,0,-7.69000000000005
Jul 2039,562.72,8.38,135.48,102.56,19.51,14.03,15.15,2.96,4.29,0,9.2,0,550.06,26.62,17.68,0.21,594.56,0,-2171.08,0,-1.25
Aug 2039,512.14,7.63,107.21,81.09,19.31,13.91,15.06,2.93,3.9,0,7.28,0,500.61,21.06,17.54,0.19,539.4,0,-2170.0,0,1.0799999999999301
Sep 2039,633.78,9.44,91.39,74.93,10.02,8.27,10.65,1.52,4.83,0,6.21,0,619.52,17.96,10.87,0.15,648.49,0,-2171.14,0,-1.13999999999987
Oct 2039,139.46,2.08,201.69,145.14,19.08,13.77,14.95,2.9,1.06,0,13.69,0,136.32,39.63,17.37,0.12,193.43,0,-2169.38,0,1.7599999999997602
Nov 2039,154.72,2.3,155.0,118.15,0.96,2.78,6.35,0.15,1.18,0,10.52,0,151.24,30.45,4.38,0.01,186.08,0,-2166.8,0,2.5799999999999303
Dec 2039,63.24,0.94,60.82,47.88,0.01,2.21,5.9,0.0,0.48,0,4.13,0,61.81,11.95,3.7,0.0,77.46,0,-2161.3,0,5.5
Jan 2040,159.41,2.37,100.47,78.48,0.01,2.21,5.9,0.0,1.21,0,6.82,0,155.83,19.74,3.7,0.0,179.27,0,-2162.59,0,-1.2899999999999598
Feb 2040,6.44,0.1,49.03,38.37,0.01,2.21,5.91,0.0,0.05,0,3.33,0,6.29,9.63,3.7,0.0,19.63,0,-2160.45,0,2.14000000000033
Mar 2040,19.91,0.3,108.02,79.16,7.12,6.52,9.29,1.08,0.15,0,7.33,0,19.47,21.22,8.8,0.04,49.53,0,-2162.97,0,-2.51999999999998
Apr 2040,4.85,0.07,115.04,76.53,26.37,18.2,18.44,4.0,0.04,0,7.81,0,4.74,22.6,22.61,0.17,50.12,0,-2163.74,0,-0.7699999999999821
May 2040,89.69,1.34,144.73,98.17,30.1,20.46,20.21,4.57,0.68,0,9.83,0,87.67,28.43,25.29,0.21,141.61,0,-2170.49,0,-6.75
Jun 2040,129.32,1.93,156.18,106.22,32.55,21.95,21.38,4.94,0.99,0,10.6,0,126.41,30.69,27.04,0.23,184.37,0,-2175.85,0,-5.36000000000013
Jul 2040,294.0,4.38,184.79,131.44,28.17,19.29,19.3,4.27,2.24,0,12.55,0,287.38,36.31,23.9,0.22,347.81,0,-2180.93,0,-5.07999999999993
Aug 2040,487.39,7.26,117.49,88.1,19.84,14.24,15.35,3.01,3.71,0,7.98,0,476.42,23.08,17.94,0.19,517.63,0,-2181.4,0,-0.47000000000025505
Sep 2040,383.14,5.71,67.62,51.08,16.72,12.35,13.87,2.54,2.92,0,4.59,0,374.52,13.29,15.7,0.15,403.65,0,-2182.24,0,-0.839999999999691
Oct 2040,11.93,0.18,14.88,10.54,11.13,10.54,17.06,2.08,0.09,0,1.01,0,11.66,2.92,15.56,0.12,30.27,0,-2186.21,0,-3.9700000000002498
Nov 2040,139.74,2.08,53.15,40.92,6.3,6.04,8.93,0.96,1.06,0,3.61,0,136.59,10.44,8.23,0.04,155.31,0,-2200.2,0,-13.9899999999998
Dec 2040,5.23,0.08,30.17,24.48,0.01,2.22,5.94,0.0,0.04,0,2.05,0,5.12,5.93,3.72,0.0,14.77,0,-2203.54,0,-3.3400000000001495
Jan 2041,305.58,4.55,125.77,99.29,0.01,2.22,5.94,0.0,2.33,0,8.54,0,298.7,24.71,3.72,0.0,327.14,0,-2207.38,0,-3.8400000000001495
Feb 2041,75.66,1.13,69.51,54.25,0.59,2.57,6.22,0.09,0.58,0,4.72,0,73.95,13.66,4.14,0.0,91.75,0,-2202.45,0,4.93000000000029
Mar 2041,81.84,1.22,108.43,75.95,18.43,13.4,14.7,2.8,0.62,0,7.36,0,80.0,21.3,16.94,0.12,118.36,0,-2203.29,0,-0.8400000000001461
Apr 2041,6.61,0.1,88.23,57.35,25.09,17.44,17.87,3.81,0.05,0,5.99,0,6.46,17.33,21.71,0.16,45.66,0,-2207.33,0,-4.03999999999996
May 2041,21.1,0.31,98.57,62.88,30.93,20.98,20.65,4.69,0.16,0,6.69,0,20.62,19.37,25.91,0.2,66.1,0,-2215.51,0,-8.18000000000029
Jun 2041,187.32,2.79,126.26,86.05,30.12,20.49,20.27,4.57,1.43,0,8.57,0,183.1,24.81,25.32,0.23,233.46,0,-2224.81,0,-9.29999999999973
Jul 2041,540.31,8.05,207.86,154.8,21.3,15.15,16.08,3.23,4.12,0,14.11,0,528.15,40.84,19.01,0.22,588.21,0,-2230.74,0,-5.92999999999984
Aug 2041,497.46,7.41,171.7,128.06,20.05,14.39,15.49,3.04,3.79,0,11.66,0,486.26,33.73,18.11,0.2,538.3,0,-2225.58,0,5.15999999999985
Sep 2041,439.58,6.55,100.47,76.57,15.56,11.66,13.36,2.36,3.35,0,6.82,0,429.68,19.74,14.89,0.15,464.46,0,-2222.77,0,2.80999999999995
Oct 2041,406.08,6.05,140.35,107.46,10.33,8.5,10.88,1.57,3.09,0,9.53,0,396.94,27.57,11.15,0.11,435.77,0,-2223.75,0,-0.9800000000000179
Nov 2041,99.1,1.48,101.64,78.31,0.42,2.49,6.18,0.07,0.75,0,6.9,0,96.87,19.97,4.04,0.0,120.88,0,-2220.55,0,3.19999999999982
Dec 2041,32.18,0.48,56.69,44.41,0.01,2.24,5.98,0.0,0.25,0,3.85,0,31.45,11.14,3.75,0.0,46.34,0,-2219.01,0,1.53999999999996
Jan 2042,26.79,0.4,40.78,32.63,0.01,2.24,5.99,0.0,0.2,0,2.77,0,26.18,8.01,3.75,0.0,37.94,0,-2220.89,0,-1.8799999999996497
Feb 2042,5.58,0.08,51.72,40.32,0.13,2.32,6.05,0.02,0.04,0,3.51,0,5.46,10.16,3.84,0.0,19.46,0,-2223.9,0,-3.01000000000022
Mar 2042,3.63,0.05,107.63,73.0,21.52,15.29,16.22,3.27,0.03,0,7.31,0,3.55,21.15,19.18,0.12,44.0,0,-2226.37,0,-2.4699999999998
Apr 2042,142.06,2.12,153.62,108.57,22.34,15.79,16.61,3.39,1.08,0,10.43,0,138.86,30.18,19.77,0.17,188.98,0,-2232.11,0,-5.740000000000241
May 2042,43.01,0.64,152.12,103.08,29.74,20.28,20.13,4.51,0.33,0,10.33,0,42.04,29.89,25.08,0.2,97.2,0,-2233.99,0,-1.8799999999996497
Jun 2042,43.38,0.65,146.34,96.63,35.37,23.69,22.81,5.37,0.33,0,9.94,0,42.41,28.75,29.11,0.24,100.51,0,-2239.15,0,-5.160000000000309
Jul 2042,720.46,10.73,237.1,180.85,16.64,12.34,13.91,2.53,5.49,0,16.1,0,704.24,46.58,15.69,0.21,766.72,0,-2246.56,0,-7.40999999999985
Aug 2042,399.22,5.95,155.18,113.58,22.29,15.76,16.6,3.38,3.04,0,10.54,0,390.23,30.49,19.74,0.19,440.65,0,-2236.57,0,9.98999999999978
Sep 2042,285.46,4.25,74.89,53.65,20.19,14.5,15.61,3.07,2.17,0,5.09,0,279.03,14.71,18.24,0.15,312.14,0,-2236.41,0,0.160000000000309
Oct 2042,350.45,5.22,36.94,29.39,13.38,10.36,12.37,2.03,2.67,0,2.51,0,342.56,7.26,13.35,0.12,363.3,0,-2241.84,0,-5.430000000000289
Nov 2042,27.16,0.4,16.02,14.21,0.58,2.61,6.3,0.09,0.21,0,1.09,0,26.55,3.15,4.18,0.0,33.88,0,-2247.13,0,-5.28999999999996
Dec 2042,346.39,5.16,65.14,55.33,0.01,2.26,6.03,0.0,2.64,0,4.42,0,338.59,12.8,3.77,0.0,355.16,0,-2252.04,0,-4.90999999999985
Jan 2043,2.77,0.04,25.85,21.27,0.11,2.32,6.08,0.02,0.02,0,1.76,0,2.71,5.08,3.84,0.0,11.64,0,-2251.0,0,1.0399999999999598
Feb 2043,104.36,1.55,77.12,54.5,15.36,11.57,13.33,2.33,0.79,0,5.24,0,102.01,15.15,14.78,0.09,132.04,0,-2255.29,0,-4.28999999999996
Mar 2043,4.53,0.07,108.0,73.41,21.27,15.16,16.14,3.23,0.03,0,7.33,0,4.43,21.22,19.02,0.12,44.79,0,-2260.34,0,-5.050000000000179
Apr 2043,46.05,0.69,87.13,57.71,23.71,16.64,17.31,3.6,0.35,0,5.92,0,45.01,17.12,20.78,0.15,83.06,0,-2266.01,0,-5.67000000000007
May 2043,0.58,0.01,99.6,63.18,31.43,21.32,20.98,4.77,0.0,0,6.76,0,0.57,19.57,26.31,0.2,46.65,0,-2273.61,0,-7.599999999999911
Jun 2043,165.74,2.47,127.8,86.48,31.18,21.18,20.86,4.73,1.26,0,8.68,0,162.01,25.11,26.14,0.23,213.49,0,-2283.25,0,-9.63999999999987
Jul 2043,259.66,3.87,134.52,93.19,30.24,20.6,20.42,4.59,1.98,0,9.13,0,253.82,26.43,25.46,0.23,305.94,0,-2289.67,0,-6.42000000000007
Aug 2043,401.23,5.98,107.26,77.92,23.46,16.5,17.2,3.56,3.06,0,7.28,0,392.19,21.07,20.61,0.2,434.08,0,-2294.62,0,-4.949999999999821
Sep 2043,214.1,3.19,67.31,46.05,22.69,16.03,16.84,3.44,1.63,0,4.57,0,209.28,13.23,20.06,0.16,242.73,0,-2298.13,0,-3.51000000000022
Oct 2043,447.47,6.67,17.27,17.65,10.14,8.42,10.88,1.54,3.41,0,1.17,0,437.4,3.39,11.06,0.12,451.96,0,-2305.48,0,-7.349999999999911
Nov 2043,93.61,1.39,0.1,3.55,0.49,2.57,6.3,0.08,0.71,0,0.01,0,91.5,0.02,4.14,0.0,95.67,0,-2310.36,0,-4.88000000000011
Dec 2043,131.3,1.96,0.1,4.3,0.01,2.28,6.07,0.0,1.0,0,0.01,0,128.34,0.02,3.8,0.0,132.16,0,-2315.86,0,-5.5
Jan 2044,70.73,1.05,7.36,8.74,0.01,2.28,6.08,0.0,0.54,0,0.5,0,69.14,1.45,3.8,0.0,74.38,0,-2320.92,0,-5.05999999999995
Feb 2044,50.94,0.76,27.61,23.29,0.16,2.38,6.15,0.03,0.39,0,1.87,0,49.8,5.43,3.91,0.0,59.14,0,-2325.96,0,-5.03999999999996
Mar 2044,113.09,1.68,107.87,77.06,15.91,11.93,13.64,2.42,0.86,0,7.32,0,110.55,21.19,15.2,0.1,147.05,0,-2329.82,0,-3.86000000000013
Apr 2044,41.1,0.61,88.7,58.88,23.54,16.56,17.27,3.57,0.31,0,6.02,0,40.17,17.43,20.68,0.15,78.43,0,-2332.96,0,-3.13999999999987
May 2044,36.98,0.55,106.61,69.62,29.57,20.22,20.14,4.49,0.28,0,7.24,0,36.15,20.95,25.01,0.19,82.3,0,-2340.48,0,-7.519999999999981
Jun 2044,64.51,0.96,127.99,83.89,34.32,23.1,22.4,5.21,0.49,0,8.69,0,63.06,25.15,28.42,0.23,116.86,0,-2348.8,0,-8.32000000000016
Jul 2044,389.41,5.8,136.15,98.05,25.9,17.99,18.4,3.93,2.97,0,9.24,0,380.65,26.75,22.38,0.22,430.0,0,-2357.05,0,-8.25
Aug 2044,673.25,10.03,110.1,87.09,15.79,11.87,13.6,2.4,5.13,0,7.48,0,658.09,21.63,15.13,0.2,695.06,0,-2359.53,0,-2.48000000000002
Sep 2044,258.67,3.85,67.44,47.45,21.08,15.07,16.12,3.2,1.97,0,4.58,0,252.85,13.25,18.93,0.16,285.18,0,-2358.33,0,1.20000000000027
Oct 2044,493.81,7.36,17.61,18.96,9.24,7.9,10.5,1.4,3.76,0,1.2,0,482.7,3.46,10.44,0.12,496.71,0,-2364.86,0,-6.5300000000002
Nov 2044,72.82,1.08,0.1,3.07,0.97,2.88,6.57,0.15,0.55,0,0.01,0,71.18,0.02,4.51,0.01,75.71,0,-2369.11,0,-4.25
Dec 2044,57.99,0.86,0.1,3.23,0.01,2.3,6.12,0.0,0.44,0,0.01,0,56.68,0.02,3.82,0.0,60.53,0,-2374.98,0,-5.869999999999889
Jan 2045,125.62,1.87,6.96,9.28,0.01,2.3,6.12,0.0,0.96,0,0.47,0,122.79,1.37,3.83,0.0,127.99,0,-2380.64,0,-5.65999999999985
Feb 2045,151.9,2.26,27.37,24.69,0.02,2.31,6.13,0.01,1.16,0,1.86,0,148.48,5.38,3.83,0.0,157.69,0,-2385.33,0,-4.69000000000005
Mar 2045,49.33,0.73,108.26,75.77,17.54,12.93,14.46,2.66,0.38,0,7.35,0,48.22,21.27,16.4,0.1,85.99,0,-2388.44,0,-3.11000000000013
Apr 2045,6.29,0.09,88.48,58.08,23.9,16.8,17.49,3.63,0.05,0,6.01,0,6.14,17.38,20.97,0.15,44.64,0,-2392.61,0,-4.17000000000007
May 2045,8.57,0.13,99.0,62.84,31.56,21.44,21.13,4.79,0.07,0,6.72,0,8.38,19.45,26.46,0.21,54.5,0,-2400.56,0,-7.94999999999982
Jun 2045,75.0,1.12,127.21,82.64,36.48,24.43,23.47,5.53,0.57,0,8.64,0,73.31,24.99,29.99,0.26,128.55,0,-2410.32,0,-9.76000000000022
Jul 2045,287.16,4.28,135.11,94.11,30.15,20.59,20.47,4.57,2.19,0,9.17,0,280.69,26.54,25.45,0.24,332.92,0,-2419.31,0,-8.98999999999978
Aug 2045,305.65,4.55,107.99,75.46,27.53,19.01,19.23,4.18,2.33,0,7.33,0,298.77,21.22,23.58,0.22,343.78,0,-2424.08,0,-4.76999999999998
Sep 2045,158.75,2.36,67.35,44.02,25.92,18.03,18.47,3.93,1.21,0,4.57,0,155.18,13.23,22.43,0.17,191.01,0,-2429.68,0,-5.599999999999911
Oct 2045,11.34,0.17,14.9,10.7,11.13,10.7,17.52,2.1,0.09,0,1.01,0,11.09,2.93,15.85,0.12,29.99,0,-2438.61,0,-8.93000000000029
Nov 2045,0.14,0.0,0.3,4.78,0.22,4.78,14.9,0.62,0.0,0,0.02,0,0.14,0.06,9.73,0.09,10.01,0,-2453.05,0,-14.4400000000001
Dec 2045,4.79,0.07,0.1,2.46,0.01,2.32,6.17,0.0,0.04,0,0.01,0,4.69,0.02,3.85,0.0,8.56,0,-2467.4,0,-14.3499999999999
Jan 2046,81.17,1.21,7.42,8.98,0.01,2.32,6.17,0.0,0.62,0,0.5,0,79.35,1.46,3.85,0.0,84.66,0,-2473.52,0,-6.119999999999889
Feb 2046,5.73,0.09,27.42,20.88,4.29,4.92,8.21,0.65,0.04,0,1.86,0,5.6,5.39,6.93,0.02,17.94,0,-2478.56,0,-5.03999999999996
Mar 2046,0.99,0.01,108.27,73.56,21.38,15.29,16.33,3.25,0.01,0,7.35,0,0.97,21.27,19.18,0.12,41.55,0,-2484.23,0,-5.67000000000007
Apr 2046,0.38,0.01,88.72,56.86,27.27,18.86,19.13,4.14,0.0,0,6.02,0,0.37,17.43,23.41,0.17,41.39,0,-2490.08,0,-5.849999999999911
May 2046,4.41,0.07,101.04,63.37,33.92,22.89,22.3,5.15,0.03,0,6.86,0,4.31,19.85,28.18,0.23,52.57,0,-2499.22,0,-9.13999999999987
Jun 2046,183.64,2.74,129.37,87.91,31.3,21.31,21.06,4.75,1.4,0,8.78,0,179.51,25.42,26.3,0.24,231.46,0,-2509.71,0,-10.4900000000002
Jul 2046,305.64,4.55,136.6,95.75,29.51,20.22,20.21,4.48,2.33,0,9.28,0,298.76,26.84,25.02,0.23,350.85,0,-2516.07,0,-6.36000000000013
Aug 2046,569.8,8.49,111.41,85.37,18.81,13.73,15.13,2.86,4.34,0,7.56,0,556.97,21.89,17.35,0.2,596.41,0,-2520.43,0,-4.35999999999967
Sep 2046,556.69,8.29,71.49,58.08,13.04,10.23,12.39,1.98,4.24,0,4.85,0,544.16,14.05,13.21,0.16,571.57,0,-2521.0,0,-0.5700000000001639
Oct 2046,123.5,1.84,16.05,11.37,13.65,11.37,15.52,2.26,0.94,0,1.09,0,120.72,3.15,15.53,0.12,139.52,0,-2522.47,0,-1.4699999999998001
Nov 2046,102.26,1.52,0.23,4.52,1.69,4.52,11.3,0.55,0.78,0,0.02,0,99.95,0.05,7.92,0.06,107.98,0,-2533.82,0,-11.350000000000401
Dec 2046,37.42,0.56,0.1,2.96,0.01,2.34,6.21,0.0,0.29,0,0.01,0,36.57,0.02,3.87,0.0,40.47,0,-2543.83,0,-10.0099999999998
Jan 2047,12.08,0.18,7.22,7.82,0.01,2.34,6.21,0.0,0.09,0,0.49,0,11.81,1.42,3.88,0.0,17.11,0,-2549.74,0,-5.90999999999985
Feb 2047,5.4,0.08,27.63,20.95,4.55,5.1,8.37,0.69,0.04,0,1.88,0,5.28,5.43,7.14,0.02,17.87,0,-2555.36,0,-5.620000000000349
Mar 2047,6.12,0.09,107.94,73.34,21.58,15.43,16.47,3.28,0.05,0,7.33,0,5.98,21.21,19.35,0.12,46.66,0,-2561.14,0,-5.77999999999975
Apr 2047,0.34,0.01,88.36,56.25,28.19,19.43,19.61,4.28,0.0,0,6.0,0,0.33,17.36,24.09,0.18,41.96,0,-2567.09,0,-5.950000000000269
May 2047,11.19,0.17,101.34,64.32,32.37,21.97,21.6,4.91,0.09,0,6.88,0,10.94,19.91,27.09,0.21,58.15,0,-2576.6,0,-9.50999999999976
Jun 2047,197.66,2.94,129.95,88.71,30.91,21.09,20.91,4.69,1.51,0,8.82,0,193.21,25.53,26.05,0.24,245.03,0,-2586.54,0,-9.940000000000051
Jul 2047,295.36,4.4,137.33,96.04,29.8,20.41,20.39,4.52,2.25,0,9.32,0,288.71,26.98,25.25,0.23,341.17,0,-2592.67,0,-6.130000000000111
Aug 2047,456.54,6.8,111.47,82.57,21.78,15.55,16.58,3.31,3.48,0,7.57,0,446.26,21.9,19.5,0.2,487.87,0,-2597.19,0,-4.51999999999998
Sep 2047,555.79,8.28,72.93,59.12,13.1,10.29,12.46,1.99,4.23,0,4.95,0,543.27,14.33,13.28,0.16,571.04,0,-2599.62,0,-2.42999999999984
Oct 2047,243.06,3.62,17.01,12.8,14.44,11.11,13.1,2.19,1.85,0,1.15,0,237.59,3.34,14.24,0.11,255.28,0,-2601.06,0,-1.4400000000000501
Nov 2047,76.86,1.14,0.39,3.77,0.01,2.35,6.24,0.0,0.59,0,0.03,0,75.13,0.08,3.9,0.0,79.11,0,-2609.07,0,-8.01000000000022
Dec 2047,197.48,2.94,1.34,6.28,0.01,2.35,6.25,0.0,1.5,0,0.09,0,193.04,0.26,3.9,0.0,197.2,0,-2614.69,0,-5.619999999999889
Jan 2048,313.66,4.67,9.74,14.19,0.01,2.36,6.25,0.0,2.39,0,0.66,0,306.6,1.91,3.9,0.0,312.41,0,-2619.34,0,-4.65000000000009
Feb 2048,133.82,1.99,28.62,25.4,0.01,2.36,6.25,0.0,1.02,0,1.94,0,130.81,5.62,3.9,0.0,140.33,0,-2622.54,0,-3.19999999999982
Mar 2048,246.78,3.68,110.14,85.51,3.92,4.73,8.12,0.6,1.88,0,7.48,0,241.23,21.64,6.71,0.04,269.62,0,-2625.82,0,-3.2800000000002
Apr 2048,161.19,2.4,89.16,62.45,20.07,14.53,15.8,3.05,1.23,0,6.05,0,157.56,17.52,18.29,0.15,193.52,0,-2624.03,0,1.78999999999996
May 2048,39.89,0.59,100.02,64.72,30.01,20.55,20.52,4.55,0.3,0,6.79,0,39.0,19.65,25.42,0.2,84.26,0,-2629.65,0,-5.619999999999889
Jun 2048,206.19,3.07,128.14,87.66,30.57,20.9,20.79,4.64,1.57,0,8.7,0,201.55,25.17,25.82,0.24,252.79,0,-2638.72,0,-9.06999999999971
Jul 2048,476.08,7.09,137.86,101.4,24.06,16.95,17.7,3.65,3.63,0,9.36,0,465.36,27.09,21.16,0.23,513.84,0,-2644.83,0,-6.11000000000013
Aug 2048,413.44,6.16,109.79,80.27,22.9,16.25,17.15,3.48,3.15,0,7.45,0,404.13,21.57,20.33,0.2,446.23,0,-2646.13,0,-1.30000000000018
Sep 2048,465.73,6.94,70.54,55.01,15.71,11.89,13.74,2.39,3.55,0,4.79,0,455.24,13.86,15.17,0.16,484.44,0,-2649.4,0,-3.2699999999999796
Oct 2048,191.23,2.85,16.43,11.81,14.93,11.81,14.81,2.36,1.46,0,1.12,0,186.92,3.23,15.57,0.12,205.84,0,-2652.58,0,-3.17999999999984
Nov 2048,3.08,0.05,0.11,2.78,0.13,2.78,7.58,0.11,0.02,0,0.01,0,3.01,0.02,4.82,0.01,7.87,0,-2662.57,0,-9.99000000000024
Dec 2048,299.16,4.46,1.77,8.12,0.01,2.37,6.29,0.0,2.28,0,0.12,0,292.42,0.35,3.92,0.0,296.69,0,-2670.03,0,-7.460000000000041
Jan 2049,172.68,2.57,7.97,10.8,0.01,2.37,6.29,0.0,1.32,0,0.54,0,168.79,1.57,3.92,0.0,174.28,0,-2673.91,0,-3.87999999999965
Feb 2049,84.87,1.26,28.11,24.26,0.14,2.45,6.36,0.02,0.65,0,1.91,0,82.96,5.52,4.02,0.0,92.5,0,-2678.35,0,-4.44000000000005
Mar 2049,16.92,0.25,107.79,73.45,21.51,15.41,16.51,3.26,0.13,0,7.32,0,16.54,21.18,19.34,0.13,57.19,0,-2682.12,0,-3.7699999999999796
Apr 2049,7.59,0.11,86.8,55.62,27.24,18.89,19.24,4.13,0.06,0,5.89,0,7.42,17.05,23.46,0.18,48.11,0,-2688.05,0,-5.930000000000289
May 2049,3.22,0.05,98.56,62.24,32.25,21.94,21.63,4.89,0.02,0,6.69,0,3.15,19.36,27.05,0.21,49.78,0,-2697.39,0,-9.339999999999689
Jun 2049,166.83,2.49,128.41,86.58,32.38,22.01,21.69,4.91,1.27,0,8.72,0,163.08,25.23,27.14,0.24,215.7,0,-2707.61,0,-10.2200000000003
Jul 2049,363.92,5.42,136.67,97.29,28.06,19.39,19.64,4.26,2.77,0,9.28,0,355.73,26.85,24.05,0.24,406.86,0,-2714.65,0,-7.039999999999959
Aug 2049,420.39,6.26,109.22,79.94,23.0,16.33,17.24,3.49,3.2,0,7.42,0,410.92,21.46,20.42,0.2,453.01,0,-2718.22,0,-3.56999999999971
Sep 2049,791.09,11.78,72.96,64.57,8.3,7.41,10.26,1.26,6.03,0,4.95,0,773.28,14.33,9.88,0.16,797.66,0,-2721.55,0,-3.3300000000003798
Oct 2049,64.1,0.95,15.11,10.79,12.07,10.79,16.08,2.1,0.49,0,1.03,0,62.66,2.97,15.25,0.11,80.99,0,-2719.73,0,1.82000000000016
Nov 2049,33.64,0.5,0.11,3.01,0.58,3.01,7.61,0.16,0.26,0,0.01,0,32.88,0.02,5.02,0.01,37.94,0,-2732.3,0,-12.570000000000201
Dec 2049,34.48,0.51,0.11,2.97,0.01,2.39,6.33,0.0,0.26,0,0.01,0,33.7,0.02,3.94,0.0,37.67,0,-2739.5,0,-7.19999999999982
Jan 2050,70.96,1.06,7.72,9.12,0.01,2.39,6.33,0.0,0.54,0,0.52,0,69.36,1.52,3.95,0.0,74.83,0,-2745.56,0,-6.05999999999995
Feb 2050,1.04,0.02,27.62,22.71,0.03,2.41,6.35,0.01,0.01,0,1.88,0,1.02,5.43,3.97,0.0,10.41,0,-2750.82,0,-5.26000000000022
Mar 2050,2.61,0.04,108.58,72.9,23.9,16.88,17.69,3.63,0.02,0,7.37,0,2.55,21.33,21.08,0.14,45.11,0,-2755.28,0,-4.46000000000004
Apr 2050,2.41,0.04,88.82,57.0,27.37,18.99,19.35,4.15,0.02,0,6.03,0,2.35,17.45,23.57,0.18,43.55,0,-2762.1,0,-6.819999999999711
May 2050,18.62,0.28,101.14,64.44,32.11,21.86,21.6,4.87,0.14,0,6.87,0,18.2,19.87,26.97,0.21,65.26,0,-2771.42,0,-9.32000000000016
Jun 2050,114.41,1.7,129.45,85.64,34.77,23.48,22.87,5.28,0.87,0,8.79,0,111.84,25.43,28.88,0.25,166.41,0,-2781.35,0,-9.92999999999984
Jul 2050,477.28,7.11,139.02,102.37,23.9,16.89,17.71,3.63,3.64,0,9.44,0,466.53,27.31,21.09,0.23,515.17,0,-2789.53,0,-8.18000000000029
Aug 2050,405.82,6.04,110.88,80.88,23.2,16.46,17.38,3.52,3.09,0,7.53,0,396.68,21.78,20.59,0.2,439.26,0,-2790.77,0,-1.2399999999997802
Sep 2050,360.51,5.37,70.54,52.24,18.86,13.84,15.32,2.86,2.75,0,4.79,0,352.4,13.86,17.48,0.16,383.9,0,-2794.21,0,-3.44000000000005
Oct 2050,284.12,4.23,18.34,14.51,14.26,11.05,13.14,2.17,2.16,0,1.24,0,277.73,3.6,14.18,0.11,295.62,0,-2799.29,0,-5.07999999999993
Nov 2050,70.37,1.05,0.29,3.4,1.26,3.4,7.8,0.25,0.54,0,0.02,0,68.79,0.06,5.42,0.02,74.28,0,-2806.96,0,-7.67000000000007
Dec 2050,8.48,0.13,0.11,2.6,0.01,2.41,6.37,0.0,0.06,0,0.01,0,8.29,0.02,3.97,0.0,12.28,0,-2813.97,0,-7.009999999999759
Jan 2051,41.06,0.61,7.57,8.58,0.01,2.41,6.38,0.0,0.31,0,0.51,0,40.13,1.49,3.97,0.0,45.59,0,-2820.27,0,-6.30000000000018
Feb 2051,34.68,0.52,28.1,22.93,1.69,3.43,7.18,0.26,0.26,0,1.91,0,33.9,5.52,5.18,0.01,44.61,0,-2825.81,0,-5.539999999999959
Mar 2051,19.02,0.28,108.28,74.1,20.95,15.12,16.34,3.18,0.14,0,7.35,0,18.59,21.27,18.99,0.12,58.98,0,-2830.57,0,-4.76000000000022
Apr 2051,0.0,0.0,88.8,57.15,26.91,18.73,19.17,4.08,0.0,0,6.03,0,0.0,17.45,23.26,0.17,40.88,0,-2836.35,0,-5.77999999999975
May 2051,0.7,0.01,101.13,64.14,32.2,21.94,21.69,4.89,0.01,0,6.87,0,0.69,19.87,27.06,0.21,47.83,0,-2845.58,0,-9.230000000000018
Jun 2051,9.32,0.14,128.46,81.71,39.0,26.06,24.92,5.92,0.07,0,8.72,0,9.11,25.24,31.94,0.26,66.55,0,-2855.71,0,-10.1300000000001
Jul 2051,233.85,3.48,137.69,94.59,32.01,21.83,21.6,4.86,1.78,0,9.35,0,228.59,27.05,26.93,0.24,282.81,0,-2866.19,0,-10.48
Aug 2051,662.97,9.88,115.93,91.19,16.23,12.26,14.11,2.46,5.05,0,7.87,0,648.04,22.78,15.61,0.2,686.63,0,-2872.04,0,-5.849999999999911
Sep 2051,431.59,6.43,63.57,49.19,16.31,12.31,14.15,2.48,3.29,0,4.32,0,421.87,12.49,15.68,0.16,450.19,0,-2870.96,0,1.0799999999999301
Oct 2051,145.51,2.17,16.54,11.88,14.34,11.88,16.05,2.37,1.11,0,1.12,0,142.24,3.25,16.14,0.13,161.76,0,-2875.19,0,-4.23000000000002
Nov 2051,37.83,0.56,0.13,3.29,0.66,3.29,8.44,0.22,0.29,0,0.01,0,36.98,0.03,5.59,0.02,42.62,0,-2886.77,0,-11.5799999999999
Dec 2051,806.57,12.01,9.63,21.52,0.01,2.43,6.41,0.0,6.14,0,0.65,0,788.41,1.89,3.99,0.0,794.3,0,-2894.71,0,-7.94000000000005
Jan 2052,73.04,1.09,7.9,9.32,0.01,2.43,6.42,0.0,0.56,0,0.54,0,71.39,1.55,3.99,0.0,76.94,0,-2894.32,0,0.38999999999987295
Feb 2052,111.16,1.66,28.98,25.39,0.02,2.44,6.43,0.01,0.85,0,1.97,0,108.66,5.69,4.0,0.0,118.35,0,-2899.64,0,-5.31999999999971
Mar 2052,11.18,0.17,108.77,74.4,20.84,15.07,16.32,3.16,0.09,0,7.39,0,10.93,21.37,18.94,0.12,51.35,0,-2903.25,0,-3.61000000000013
Apr 2052,7.72,0.12,88.86,57.97,25.24,17.74,18.42,3.83,0.06,0,6.03,0,7.55,17.46,22.1,0.16,47.26,0,-2909.06,0,-5.80999999999995
May 2052,245.09,3.65,103.6,72.28,25.42,17.84,18.51,3.86,1.87,0,7.03,0,239.58,20.35,22.22,0.21,282.37,0,-2917.71,0,-8.65000000000009
Jun 2052,430.21,6.41,133.33,97.66,23.54,16.71,17.62,3.57,3.28,0,9.05,0,420.52,26.2,20.88,0.23,467.83,0,-2923.68,0,-5.9699999999998
Jul 2052,507.69,7.56,125.96,93.63,22.92,16.33,17.33,3.48,3.87,0,8.55,0,496.26,24.75,20.43,0.23,541.67,0,-2925.62,0,-1.9400000000000501
Aug 2052,587.89,8.76,90.54,70.76,17.86,13.27,14.93,2.71,4.48,0,6.15,0,574.66,17.79,16.81,0.2,609.45,0,-2927.28,0,-1.66000000000031
Sep 2052,580.75,8.65,52.33,44.91,11.88,9.64,12.09,1.8,4.42,0,3.55,0,567.68,10.28,12.52,0.15,590.63,0,-2929.06,0,-1.77999999999975
Oct 2052,257.51,3.84,17.31,13.27,14.58,11.28,13.37,2.21,1.96,0,1.18,0,251.71,3.4,14.46,0.11,269.68,0,-2931.52,0,-2.46000000000004
Nov 2052,113.97,1.7,1.03,3.97,2.34,3.86,7.56,0.36,0.87,0,0.07,0,111.4,0.2,5.69,0.02,117.31,0,-2939.65,0,-8.130000000000111
Dec 2052,83.66,1.25,0.49,4.04,0.01,2.44,6.46,0.0,0.64,0,0.03,0,81.78,0.1,4.02,0.0,85.89,0,-2945.93,0,-6.27999999999975
Jan 2053,34.67,0.52,7.31,8.33,0.01,2.45,6.46,0.0,0.26,0,0.5,0,33.89,1.44,4.02,0.0,39.34,0,-2951.72,0,-5.789999999999959
Feb 2053,47.59,0.71,27.9,23.67,0.01,2.45,6.46,0.0,0.36,0,1.89,0,46.52,5.48,4.02,0.0,56.02,0,-2957.41,0,-5.69000000000005
Mar 2053,21.92,0.33,108.29,79.94,6.31,6.27,9.46,0.96,0.17,0,7.35,0,21.42,21.27,8.54,0.04,51.28,0,-2961.61,0,-4.20000000000027
Apr 2053,8.43,0.13,88.05,57.09,26.07,18.26,18.86,3.96,0.06,0,5.98,0,8.24,17.3,22.71,0.17,48.43,0,-2962.64,0,-1.02999999999975
May 2053,69.31,1.03,100.3,65.61,29.6,20.4,20.54,4.49,0.53,0,6.81,0,67.75,19.71,25.25,0.2,112.91,0,-2971.66,0,-9.019999999999982
Jun 2053,121.13,1.8,129.48,86.3,33.55,22.8,22.42,5.09,0.92,0,8.79,0,118.4,25.44,28.08,0.24,172.16,0,-2980.57,0,-8.910000000000311
Jul 2053,203.66,3.03,92.57,60.62,32.93,22.42,22.13,5.0,1.55,0,6.29,0,199.07,18.19,27.64,0.24,245.14,0,-2988.43,0,-7.85999999999967
Aug 2053,229.12,3.41,67.06,43.53,29.64,20.43,20.57,4.5,1.75,0,4.55,0,223.96,13.18,25.28,0.22,262.64,0,-2997.96,0,-9.530000000000198
Sep 2053,508.01,7.57,48.97,40.39,14.37,11.17,13.31,2.18,3.87,0,3.33,0,496.57,9.62,14.33,0.16,520.68,0,-3007.95,0,-9.98999999999978
Oct 2053,376.47,5.61,20.31,17.53,13.93,10.9,13.11,2.12,2.87,0,1.38,0,368.0,3.99,14.02,0.13,386.14,0,-3012.04,0,-4.09000000000015
Nov 2053,3.33,0.05,0.13,3.1,0.14,3.1,8.61,0.16,0.03,0,0.01,0,3.25,0.03,5.49,0.02,8.79,0,-3018.92,0,-6.880000000000111
Dec 2053,14.92,0.22,0.11,2.76,0.01,2.46,6.5,0.0,0.11,0,0.01,0,14.58,0.02,4.04,0.0,18.65,0,-3027.35,0,-8.42999999999984
Jan 2054,40.76,0.61,7.9,8.87,0.01,2.47,6.51,0.01,0.31,0,0.54,0,39.84,1.55,4.05,0.0,45.44,0,-3033.73,0,-6.380000000000111
Feb 2054,41.04,0.61,28.12,18.47,13.45,10.62,12.9,2.04,0.31,0,1.91,0,40.11,5.53,13.69,0.06,59.39,0,-3039.38,0,-5.650000000000089
Mar 2054,21.78,0.32,108.89,74.92,20.24,14.74,16.13,3.07,0.17,0,7.39,0,21.29,21.39,18.56,0.12,61.35,0,-3048.08,0,-8.69999999999982
Apr 2054,3.05,0.05,78.74,50.4,25.48,17.92,18.62,3.87,0.02,0,5.35,0,2.98,15.47,22.31,0.16,40.92,0,-3053.69,0,-5.61000000000013
May 2054,32.87,0.49,17.09,12.68,13.06,12.68,21.24,2.56,0.25,0,1.16,0,32.13,3.36,19.06,0.21,54.75,0,-3063.23,0,-9.53999999999996
Jun 2054,256.34,3.82,33.97,20.01,28.81,20.01,20.49,4.39,1.95,0,2.31,0,250.57,6.67,24.89,0.24,282.38,0,-3080.71,0,-17.48
Jul 2054,486.59,7.25,35.62,26.61,23.66,16.82,17.76,3.59,3.71,0,2.42,0,475.63,7.0,21.01,0.23,503.87,0,-3092.78,0,-12.070000000000201
Aug 2054,389.27,5.8,48.93,34.8,24.05,17.06,17.96,3.65,2.97,0,3.32,0,380.51,9.61,21.3,0.21,411.63,0,-3101.06,0,-8.279999999999749
Sep 2054,1011.73,15.07,56.42,57.57,3.77,4.76,8.32,0.58,7.71,0,3.83,0,988.95,11.09,6.76,0.15,1006.94,0,-3109.28,0,-8.220000000000251
Oct 2054,109.8,1.64,17.22,11.88,14.3,11.88,16.05,2.36,0.84,0,1.17,0,107.33,3.38,16.12,0.12,126.95,0,-3105.64,0,3.64000000000033
Nov 2054,87.14,1.3,0.8,3.7,1.88,3.7,7.75,0.31,0.66,0,0.05,0,85.18,0.16,5.62,0.01,90.97,0,-3117.45,0,-11.8099999999999
Dec 2054,65.37,0.97,0.37,3.72,0.01,2.48,6.54,0.0,0.5,0,0.02,0,63.9,0.07,4.07,0.0,68.04,0,-3124.18,0,-6.730000000000019
Jan 2055,2.2,0.03,7.26,7.85,0.01,2.48,6.55,0.0,0.02,0,0.49,0,2.15,1.43,4.07,0.0,7.64,0,-3130.2,0,-6.019999999999981
Feb 2055,22.02,0.33,27.98,23.2,0.47,2.77,6.77,0.08,0.17,0,1.9,0,21.53,5.5,4.4,0.0,31.43,0,-3136.23,0,-6.0300000000002
Mar 2055,21.3,0.32,108.73,74.67,20.62,14.99,16.35,3.13,0.16,0,7.38,0,20.82,21.36,18.85,0.12,61.16,0,-3140.86,0,-4.63000000000011
Apr 2055,3.0,0.04,81.42,52.85,24.32,17.24,18.11,3.69,0.02,0,5.53,0,2.93,16.0,21.51,0.15,40.58,0,-3146.66,0,-5.799999999999731
May 2055,40.78,0.61,39.09,20.48,29.36,20.48,21.2,4.5,0.31,0,2.65,0,39.86,7.68,25.58,0.21,73.33,0,-3155.68,0,-9.019999999999982
Jun 2055,16.4,0.24,1.5,7.97,1.35,7.97,24.52,1.37,0.12,0,0.1,0,16.03,0.29,16.52,0.25,33.1,0,-3169.62,0,-13.9400000000001
Jul 2055,242.28,3.61,20.94,15.65,19.02,15.65,21.65,3.29,1.85,0,1.42,0,236.83,4.11,21.72,0.24,262.9,0,-3192.79,0,-23.1700000000001
Aug 2055,318.65,4.75,26.97,17.58,24.59,17.58,18.92,3.78,2.43,0,1.83,0,311.48,5.3,22.15,0.21,339.13,0,-3208.12,0,-15.3299999999999
Sep 2055,552.86,8.24,40.13,35.3,12.59,10.12,12.55,1.91,4.21,0,2.73,0,540.42,7.89,13.1,0.15,561.56,0,-3219.21,0,-11.0900000000001
Oct 2055,2.89,0.04,15.19,11.08,11.22,11.08,18.53,2.15,0.02,0,1.03,0,2.82,2.98,16.52,0.13,22.46,0,-3223.07,0,-3.86000000000013
Nov 2055,14.64,0.22,0.16,3.64,0.34,3.64,10.24,0.29,0.11,0,0.01,0,14.31,0.03,6.64,0.04,21.02,0,-3238.53,0,-15.46
Dec 2055,95.54,1.42,0.75,4.47,0.01,2.5,6.59,0.0,0.73,0,0.05,0,93.39,0.15,4.09,0.0,97.63,0,-3248.39,0,-9.859999999999669
Jan 2056,41.72,0.62,7.69,8.77,0.02,2.51,6.6,0.01,0.32,0,0.52,0,40.78,1.51,4.1,0.0,46.39,0,-3254.19,0,-5.80000000000018
Feb 2056,11.53,0.17,27.83,16.34,17.29,12.99,14.81,2.63,0.09,0,1.89,0,11.27,5.47,16.49,0.08,33.3,0,-3259.94,0,-5.75
Mar 2056,27.14,0.4,108.68,74.93,20.14,14.72,16.17,3.06,0.21,0,7.38,0,26.53,21.35,18.54,0.12,66.53,0,-3270.23,0,-10.29
Apr 2056,1.04,0.02,88.95,57.79,25.84,18.17,18.88,3.92,0.01,0,6.04,0,1.01,17.48,22.62,0.16,41.27,0,-3275.87,0,-5.63999999999987
May 2056,32.34,0.48,87.99,55.48,31.09,21.36,21.38,4.72,0.25,0,5.97,0,31.61,17.29,26.39,0.21,75.49,0,-3284.94,0,-9.07000000000016
Jun 2056,71.39,1.06,13.05,12.02,10.67,12.02,22.98,2.38,0.54,0,0.89,0,69.78,2.56,19.24,0.24,91.82,0,-3295.58,0,-10.6399999999999
Jul 2056,308.27,4.59,30.55,19.24,27.07,19.24,20.63,4.19,2.35,0,2.07,0,301.33,6.0,24.28,0.24,331.85,0,-3314.99,0,-19.409999999999897
Aug 2056,694.56,10.35,43.87,38.84,15.97,12.19,14.2,2.43,5.29,0,2.98,0,678.92,8.62,15.55,0.2,703.3,0,-3327.25,0,-12.2600000000002
Sep 2056,330.21,4.92,42.4,31.13,19.03,14.05,15.66,2.89,2.52,0,2.88,0,322.78,8.33,17.75,0.16,349.02,0,-3330.96,0,-3.71000000000004
Oct 2056,8.15,0.12,15.24,10.87,11.34,10.87,17.49,2.09,0.06,0,1.04,0,7.97,3.0,15.87,0.12,26.95,0,-3338.5,0,-7.539999999999959
Nov 2056,10.22,0.15,0.11,3.23,0.23,3.23,8.86,0.18,0.08,0,0.01,0,9.99,0.02,5.68,0.02,15.71,0,-3352.92,0,-14.4200000000001
Dec 2056,25.86,0.39,0.11,2.98,0.01,2.52,6.63,0.0,0.2,0,0.01,0,25.28,0.02,4.12,0.0,29.41,0,-3361.53,0,-8.610000000000129
Jan 2057,3.03,0.05,7.21,7.19,1.71,3.55,7.44,0.26,0.02,0,0.49,0,2.96,1.42,5.34,0.01,9.72,0,-3367.95,0,-6.41999999999962
Feb 2057,50.67,0.75,27.88,16.92,17.45,13.1,14.93,2.65,0.39,0,1.89,0,49.53,5.48,16.63,0.09,71.73,0,-3374.63,0,-6.680000000000289
Mar 2057,20.81,0.31,108.35,74.1,21.44,15.52,16.83,3.25,0.16,0,7.36,0,20.34,21.29,19.49,0.13,61.24,0,-3384.72,0,-10.0899999999997
Apr 2057,0.0,0.0,88.93,57.76,25.86,18.2,18.93,3.92,0.0,0,6.04,0,0.0,17.47,22.66,0.16,40.29,0,-3390.91,0,-6.19000000000005
May 2057,25.16,0.37,94.41,59.48,32.7,22.35,22.18,4.96,0.19,0,6.41,0,24.59,18.55,27.57,0.22,70.93,0,-3400.03,0,-9.12000000000035
Jun 2057,136.11,2.03,21.96,15.6,18.18,15.6,22.87,3.27,1.04,0,1.49,0,133.05,4.31,22.19,0.25,159.8,0,-3410.88,0,-10.8499999999999
Jul 2057,288.1,4.29,32.75,19.98,28.38,19.98,21.03,4.37,2.19,0,2.22,0,281.61,6.43,25.07,0.24,313.35,0,-3428.2,0,-17.3199999999997
Aug 2057,437.01,6.51,38.1,28.24,22.44,16.13,17.32,3.41,3.33,0,2.59,0,427.17,7.49,20.21,0.2,455.08,0,-3440.68,0,-12.48
Sep 2057,547.92,8.16,45.73,39.05,13.43,10.67,13.04,2.04,4.17,0,3.11,0,535.58,8.98,13.76,0.16,558.48,0,-3448.88,0,-8.20000000000027
Oct 2057,227.39,3.39,18.02,12.69,16.64,12.69,14.82,2.54,1.73,0,1.22,0,222.27,3.54,16.23,0.12,242.16,0,-3452.77,0,-3.88999999999987
Nov 2057,33.36,0.5,0.12,3.04,0.58,3.04,7.52,0.13,0.25,0,0.01,0,32.61,0.02,4.93,0.01,37.57,0,-3462.21,0,-9.440000000000051
Dec 2057,88.46,1.32,0.51,4.22,0.01,2.54,6.68,0.0,0.67,0,0.03,0,86.47,0.1,4.14,0.0,90.71,0,-3469.34,0,-7.130000000000111
Jan 2058,164.16,2.45,8.43,11.18,0.01,2.54,6.68,0.0,1.25,0,0.57,0,160.46,1.66,4.14,0.0,166.26,0,-3475.31,0,-5.9699999999998
Feb 2058,104.96,1.56,28.58,25.07,0.14,2.62,6.75,0.02,0.8,0,1.94,0,102.59,5.61,4.24,0.0,112.45,0,-3480.16,0,-4.84999999999991
Mar 2058,115.36,1.72,108.99,77.5,17.61,13.22,15.05,2.67,0.88,0,7.4,0,112.76,21.41,16.77,0.12,151.07,0,-3484.14,0,-3.9800000000000204
Apr 2058,83.33,1.24,88.27,59.59,23.19,16.61,17.71,3.52,0.63,0,5.99,0,81.46,17.34,20.77,0.16,119.73,0,-3488.36,0,-4.220000000000249
May 2058,6.12,0.09,98.83,63.23,30.77,21.21,21.31,4.67,0.05,0,6.71,0,5.98,19.42,26.21,0.2,51.81,0,-3496.08,0,-7.7199999999998
Jun 2058,28.21,0.42,126.69,81.2,38.02,25.6,24.76,5.77,0.21,0,8.6,0,27.58,24.89,31.41,0.26,84.14,0,-3506.16,0,-10.0799999999999
Jul 2058,386.02,5.75,137.98,98.93,27.61,19.29,19.82,4.19,2.94,0,9.37,0,377.33,27.11,23.95,0.24,428.62,0,-3516.6,0,-10.4400000000001
Aug 2058,369.94,5.51,110.54,79.45,25.23,17.85,18.69,3.83,2.82,0,7.51,0,361.61,21.72,22.25,0.21,405.78,0,-3520.16,0,-3.55999999999995
Sep 2058,452.38,6.74,67.07,52.37,15.89,12.19,14.26,2.41,3.45,0,4.55,0,442.2,13.18,15.55,0.16,471.08,0,-3524.91,0,-4.75
Oct 2058,464.47,6.92,20.08,20.04,10.67,9.02,11.78,1.62,3.54,0,1.36,0,454.02,3.95,11.8,0.12,469.89,0,-3528.91,0,-4.0
Nov 2058,396.26,5.9,3.76,10.56,1.67,3.56,7.51,0.26,3.02,0,0.26,0,387.34,0.74,5.35,0.04,393.47,0,-3534.29,0,-5.380000000000111
Dec 2058,126.05,1.88,0.53,4.82,0.01,2.56,6.72,0.0,0.96,0,0.04,0,123.22,0.11,4.17,0.0,127.49,0,-3538.3,0,-4.01000000000022
Jan 2059,25.68,0.38,7.12,8.17,0.01,2.56,6.72,0.0,0.2,0,0.48,0,25.1,1.4,4.17,0.0,30.67,0,-3544.02,0,-5.7199999999998
Feb 2059,4.67,0.07,27.17,22.41,0.52,2.87,6.97,0.08,0.04,0,1.84,0,4.57,5.34,4.54,0.0,14.44,0,-3550.06,0,-6.039999999999959
Mar 2059,19.24,0.29,107.98,74.71,19.23,14.22,15.87,2.92,0.15,0,7.33,0,18.8,21.22,17.96,0.11,58.08,0,-3555.07,0,-5.01000000000022
Apr 2059,5.24,0.08,87.93,57.38,25.26,17.88,18.73,3.83,0.04,0,5.97,0,5.12,17.28,22.28,0.16,44.83,0,-3560.65,0,-5.57999999999993
May 2059,150.89,2.25,100.63,67.94,27.69,19.35,19.89,4.2,1.15,0,6.83,0,147.49,19.77,24.03,0.21,191.5,0,-3569.7,0,-9.04999999999973
Jun 2059,417.7,6.22,129.84,95.13,23.31,16.7,17.82,3.54,3.18,0,8.82,0,408.3,25.51,20.89,0.23,454.92,0,-3577.61,0,-7.91000000000031
Jul 2059,326.47,4.86,136.91,96.75,28.94,20.12,20.5,4.39,2.49,0,9.3,0,319.12,26.9,24.93,0.23,371.18,0,-3580.12,0,-2.50999999999976
Aug 2059,364.47,5.43,109.92,79.05,24.91,17.67,18.58,3.78,2.78,0,7.46,0,356.27,21.6,22.04,0.21,400.11,0,-3584.68,0,-4.55999999999995
Sep 2059,775.46,11.55,67.81,60.72,8.34,7.62,10.71,1.27,5.91,0,4.6,0,758.0,13.32,10.16,0.16,781.64,0,-3589.45,0,-4.76999999999998
Oct 2059,108.15,1.61,15.79,11.54,13.23,11.54,16.55,2.25,0.82,0,1.07,0,105.71,3.1,16.0,0.12,124.93,0,-3588.54,0,0.9099999999998539
Nov 2059,124.62,1.86,0.37,4.14,2.13,4.14,8.8,0.4,0.95,0,0.03,0,121.82,0.07,6.39,0.03,128.31,0,-3601.07,0,-12.5300000000002
Dec 2059,23.96,0.36,0.11,3.01,0.01,2.58,6.77,0.0,0.18,0,0.01,0,23.42,0.02,4.19,0.0,27.64,0,-3608.53,0,-7.460000000000041
Jan 2060,165.16,2.46,8.18,11.05,0.01,2.58,6.77,0.0,1.26,0,0.56,0,161.44,1.61,4.19,0.0,167.24,0,-3615.1,0,-6.569999999999711
Feb 2060,67.06,1.0,27.93,23.88,0.62,2.95,7.06,0.1,0.51,0,1.9,0,65.55,5.49,4.63,0.0,75.68,0,-3620.05,0,-4.950000000000269
Mar 2060,5.42,0.08,108.32,74.01,21.17,15.41,16.83,3.21,0.04,0,7.35,0,5.3,21.28,19.37,0.12,46.07,0,-3624.61,0,-4.55999999999995
Apr 2060,0.05,0.0,88.47,56.97,27.17,19.06,19.69,4.12,0.0,0,6.01,0,0.05,17.38,23.68,0.17,41.29,0,-3630.96,0,-6.349999999999911
May 2060,91.17,1.36,101.49,66.74,30.13,20.85,21.1,4.57,0.69,0,6.89,0,89.11,19.94,25.8,0.22,135.07,0,-3640.69,0,-9.730000000000018
Jun 2060,95.34,1.42,129.23,85.38,34.77,23.67,23.31,5.28,0.73,0,8.77,0,93.19,25.39,29.13,0.25,147.96,0,-3649.85,0,-9.15999999999985
Jul 2060,145.55,2.17,135.98,90.81,35.5,24.11,23.66,5.39,1.11,0,9.23,0,142.27,26.72,29.65,0.25,198.89,0,-3658.62,0,-8.769999999999982
Aug 2060,598.85,8.92,113.62,87.94,18.16,13.6,15.42,2.76,4.56,0,7.71,0,585.37,22.32,17.22,0.2,625.12,0,-3666.8,0,-8.18000000000029
Sep 2060,581.81,8.67,63.61,53.07,12.65,10.26,12.81,1.92,4.43,0,4.32,0,568.71,12.5,13.28,0.16,594.64,0,-3667.39,0,-0.589999999999691
Oct 2060,176.27,2.63,16.78,12.07,14.97,12.07,15.42,2.37,1.34,0,1.14,0,172.31,3.3,15.94,0.12,191.66,0,-3669.68,0,-2.28999999999996
Nov 2060,136.64,2.04,1.06,5.13,0.7,3.01,7.14,0.11,1.04,0,0.07,0,133.56,0.21,4.71,0.01,138.49,0,-3680.36,0,-10.6800000000003
Dec 2060,16.68,0.25,0.11,2.92,0.01,2.6,6.81,0.0,0.13,0,0.01,0,16.3,0.02,4.22,0.0,20.55,0,-3686.28,0,-5.92000000000007
Jan 2061,69.21,1.03,7.94,9.47,0.01,2.6,6.82,0.0,0.53,0,0.54,0,67.66,1.56,4.22,0.0,73.44,0,-3692.96,0,-6.67999999999984
Feb 2061,62.45,0.93,28.07,24.17,0.01,2.6,6.82,0.01,0.48,0,1.91,0,61.05,5.51,4.23,0.0,70.79,0,-3698.7,0,-5.739999999999781
Mar 2061,133.23,1.98,109.06,77.76,17.92,13.46,15.33,2.72,1.01,0,7.41,0,130.23,21.43,17.07,0.13,168.85,0,-3703.13,0,-4.43000000000029
Apr 2061,90.53,1.35,89.02,60.17,23.54,16.88,18.01,3.57,0.69,0,6.04,0,88.49,17.49,21.1,0.17,127.25,0,-3707.45,0,-4.31999999999971
May 2061,19.47,0.29,101.08,65.21,30.58,21.15,21.36,4.64,0.15,0,6.86,0,19.03,19.86,26.15,0.2,65.24,0,-3715.32,0,-7.870000000000349
Jun 2061,81.19,1.21,128.86,84.67,35.42,24.08,23.66,5.37,0.62,0,8.75,0,79.36,25.32,29.62,0.25,134.55,0,-3725.23,0,-9.90999999999985
Jul 2061,445.77,6.64,139.77,101.94,25.74,18.21,19.06,3.91,3.4,0,9.49,0,435.73,27.46,22.68,0.24,486.11,0,-3734.39,0,-9.15999999999985
Aug 2061,477.68,7.12,112.29,83.79,21.69,15.76,17.15,3.29,3.64,0,7.62,0,466.92,22.06,19.78,0.21,508.97,0,-3736.9,0,-2.51000000000022
Sep 2061,216.45,3.22,60.4,41.11,23.24,16.7,17.89,3.53,1.65,0,4.1,0,211.58,11.87,20.9,0.16,244.51,0,-3739.7,0,-2.79999999999973
Oct 2061,1.13,0.02,14.06,10.59,10.36,10.59,18.06,2.0,0.01,0,0.95,0,1.11,2.76,15.84,0.12,19.83,0,-3748.47,0,-8.769999999999982
Nov 2061,88.36,1.32,0.65,3.84,1.79,3.84,8.22,0.31,0.67,0,0.04,0,86.37,0.13,5.86,0.02,92.38,0,-3763.69,0,-15.2200000000003
Dec 2061,39.95,0.6,0.11,3.29,0.01,2.62,6.86,0.0,0.3,0,0.01,0,39.05,0.02,4.24,0.0,43.32,0,-3770.9,0,-7.210000000000041
Jan 2062,174.52,2.6,8.75,11.65,0.01,2.62,6.86,0.0,1.33,0,0.59,0,170.59,1.72,4.25,0.0,176.55,0,-3777.44,0,-6.539999999999959
Feb 2062,70.39,1.05,28.15,24.35,0.07,2.66,6.89,0.01,0.54,0,1.91,0,68.81,5.53,4.29,0.0,78.63,0,-3782.38,0,-4.94000000000005
Mar 2062,2.07,0.03,108.42,73.21,23.36,16.78,17.96,3.54,0.02,0,7.36,0,2.02,21.3,20.99,0.14,44.45,0,-3786.81,0,-4.42999999999984
Apr 2062,5.58,0.08,88.95,57.45,27.17,19.09,19.78,4.12,0.04,0,6.04,0,5.45,17.48,23.73,0.18,46.83,0,-3793.99,0,-7.17999999999984
May 2062,30.45,0.45,101.06,65.15,31.17,21.53,21.69,4.73,0.23,0,6.86,0,29.76,19.86,26.6,0.21,76.43,0,-3803.74,0,-9.75
Jun 2062,32.68,0.49,68.72,38.66,38.13,25.75,25.0,5.79,0.25,0,4.67,0,31.94,13.5,31.6,0.26,77.3,0,-3813.81,0,-10.0700000000002
Jul 2062,146.52,2.18,19.28,15.1,16.36,15.1,24.11,3.12,1.12,0,1.31,0,143.22,3.79,22.26,0.25,169.52,0,-3828.36,0,-14.5500000000002
Aug 2062,544.67,8.11,41.16,32.99,20.4,15.0,16.58,3.1,4.15,0,2.79,0,532.4,8.09,18.88,0.21,559.58,0,-3847.19,0,-18.8299999999999
Sep 2062,462.93,6.9,45.05,36.14,16.56,12.67,14.76,2.51,3.53,0,3.06,0,452.51,8.85,16.13,0.17,477.65,0,-3853.93,0,-6.739999999999781
Oct 2062,281.82,4.2,18.6,14.41,15.51,12.03,14.26,2.35,2.15,0,1.26,0,275.48,3.66,15.38,0.12,294.64,0,-3859.76,0,-5.83000000000038
Nov 2062,346.58,5.16,3.89,9.42,3.13,4.53,8.38,0.48,2.64,0,0.26,0,338.78,0.76,6.5,0.04,346.09,0,-3868.38,0,-8.619999999999889
Dec 2062,563.89,8.4,6.65,15.92,0.01,2.64,6.9,0.0,4.3,0,0.45,0,551.2,1.31,4.27,0.0,556.78,0,-3873.42,0,-5.03999999999996
Jan 2063,254.21,3.79,9.42,13.35,0.01,2.64,6.91,0.0,1.94,0,0.64,0,248.48,1.85,4.27,0.0,254.61,0,-3875.57,0,-2.15000000000009
Feb 2063,133.35,1.99,28.4,25.32,0.49,2.93,7.14,0.08,1.02,0,1.93,0,130.34,5.58,4.62,0.0,140.55,0,-3879.9,0,-4.32999999999993
Mar 2063,41.41,0.62,108.69,75.85,18.69,13.97,15.79,2.84,0.32,0,7.38,0,40.47,21.35,17.67,0.11,79.61,0,-3884.02,0,-4.11999999999989
Apr 2063,34.88,0.52,88.89,58.47,25.62,18.17,19.09,3.89,0.27,0,6.04,0,34.1,17.46,22.64,0.17,74.37,0,-3889.39,0,-5.369999999999889
May 2063,5.01,0.07,98.7,62.97,31.39,21.68,21.83,4.76,0.04,0,6.7,0,4.9,19.39,26.78,0.2,51.28,0,-3898.46,0,-9.07000000000016
Jun 2063,214.38,3.19,127.8,87.67,30.93,21.4,21.62,4.69,1.63,0,8.68,0,209.56,25.11,26.46,0.24,261.37,0,-3908.99,0,-10.5299999999997
Jul 2063,360.42,5.37,136.95,97.53,28.51,19.94,20.48,4.33,2.75,0,9.3,0,352.31,26.91,24.73,0.24,404.18,0,-3915.85,0,-6.86000000000013
Aug 2063,424.32,6.32,110.64,81.09,23.56,16.93,18.12,3.58,3.23,0,7.51,0,414.77,21.74,21.17,0.21,457.89,0,-3920.2,0,-4.34999999999991
Sep 2063,461.85,6.88,69.74,54.72,15.51,12.05,14.31,2.36,3.52,0,4.74,0,451.45,13.7,15.41,0.16,480.72,0,-3924.21,0,-4.01000000000022
Oct 2063,249.62,3.72,16.41,12.32,15.79,12.32,14.8,2.42,1.9,0,1.11,0,244.0,3.22,15.85,0.12,263.19,0,-3928.07,0,-3.86000000000013
Nov 2063,12.72,0.19,0.13,3.2,0.28,3.2,8.46,0.14,0.1,0,0.01,0,12.43,0.02,5.41,0.02,17.88,0,-3937.55,0,-9.480000000000018
Dec 2063,3.24,0.05,0.11,2.78,0.01,2.66,6.95,0.0,0.02,0,0.01,0,3.17,0.02,4.3,0.0,7.48,0,-3945.78,0,-8.230000000000018
Jan 2064,118.78,1.77,7.81,10.17,0.01,2.66,6.95,0.0,0.9,0,0.53,0,116.11,1.53,4.3,0.0,121.94,0,-3952.7,0,-6.91999999999962
Feb 2064,31.42,0.47,27.58,22.94,1.2,3.38,7.52,0.19,0.24,0,1.87,0,30.71,5.42,5.16,0.01,41.3,0,-3958.21,0,-5.510000000000219
Mar 2064,1.24,0.02,108.01,73.71,21.38,15.63,17.12,3.25,0.01,0,7.33,0,1.22,21.22,19.63,0.12,42.19,0,-3963.44,0,-5.23000000000002
Apr 2064,1.64,0.02,87.7,56.7,26.68,18.84,19.64,4.05,0.01,0,5.95,0,1.6,17.23,23.43,0.17,42.43,0,-3970.1,0,-6.65999999999985
May 2064,124.4,1.85,100.95,67.17,29.49,20.55,20.98,4.48,0.95,0,6.85,0,121.6,19.83,25.45,0.22,167.1,0,-3979.89,0,-9.78999999999996
Jun 2064,14.14,0.21,127.86,81.01,40.45,27.2,26.19,6.14,0.11,0,8.68,0,13.82,25.12,33.31,0.28,72.53,0,-3988.81,0,-8.920000000000071
Jul 2064,237.57,3.54,136.66,93.57,33.45,22.95,22.87,5.08,1.81,0,9.28,0,232.22,26.85,28.29,0.25,287.62,0,-4000.36,0,-11.5500000000002
Aug 2064,390.93,5.82,110.64,79.89,25.39,18.06,19.04,3.85,2.98,0,7.51,0,382.12,21.74,22.51,0.22,426.59,0,-4007.32,0,-6.960000000000041
Sep 2064,609.07,9.07,62.35,52.43,13.15,10.65,13.23,2.0,4.64,0,4.23,0,595.36,12.25,13.74,0.17,621.52,0,-4012.23,0,-4.90999999999985
Oct 2064,2.05,0.03,14.18,10.83,10.46,10.83,18.68,2.04,0.02,0,0.96,0,2.0,2.79,16.27,0.13,21.19,0,-4014.76,0,-2.5300000000002
Nov 2064,12.95,0.19,0.19,4.2,0.34,4.2,12.07,0.39,0.1,0,0.01,0,12.65,0.04,7.82,0.05,20.56,0,-4030.56,0,-15.799999999999699
Dec 2064,225.62,3.36,1.94,7.45,0.01,2.68,7.0,0.0,1.72,0,0.13,0,220.55,0.38,4.32,0.0,225.25,0,-4042.18,0,-11.6199999999999
Jan 2065,115.64,1.72,8.2,10.21,0.55,3.01,7.26,0.09,0.88,0,0.56,0,113.04,1.61,4.72,0.0,119.37,0,-4047.32,0,-5.14000000000033
Feb 2065,93.87,1.4,28.27,18.95,15.04,11.8,14.15,2.28,0.72,0,1.92,0,91.76,5.55,15.11,0.09,112.5,0,-4053.06,0,-5.739999999999781
Mar 2065,18.01,0.27,108.46,74.45,21.05,15.44,17.01,3.19,0.14,0,7.36,0,17.61,21.31,19.42,0.12,58.46,0,-4062.38,0,-9.32000000000016
Apr 2065,28.21,0.42,88.3,58.22,24.99,17.83,18.88,3.79,0.21,0,6.0,0,27.58,17.35,22.24,0.16,67.33,0,-4068.81,0,-6.42999999999984
May 2065,59.61,0.89,99.79,65.18,29.96,20.85,21.25,4.55,0.45,0,6.78,0,58.27,19.6,25.81,0.2,103.9,0,-4077.85,0,-9.03999999999996
Jun 2065,93.79,1.4,128.02,84.31,35.45,24.18,23.86,5.38,0.71,0,8.69,0,91.68,25.15,29.75,0.25,146.83,0,-4087.53,0,-9.68000000000029
Jul 2065,272.82,4.06,136.96,94.97,31.84,22.0,22.15,4.83,2.08,0,9.3,0,266.68,26.91,27.17,0.25,321.0,0,-4096.86,0,-9.32999999999947
Aug 2065,229.02,3.41,109.17,74.4,30.51,21.19,21.52,4.63,1.74,0,7.41,0,223.87,21.45,26.21,0.22,271.75,0,-4103.05,0,-6.19000000000051
Sep 2065,34.64,0.52,55.77,32.4,30.07,20.92,21.32,4.56,0.26,0,3.79,0,33.86,10.96,25.9,0.17,70.89,0,-4111.01,0,-7.960000000000041
Oct 2065,553.47,8.24,22.2,23.72,8.99,8.14,11.3,1.37,4.22,0,1.51,0,541.01,4.36,10.78,0.13,556.29,0,-4123.89,0,-12.8800000000001
Nov 2065,157.01,2.34,0.99,4.61,3.06,4.61,8.73,0.48,1.2,0,0.07,0,153.47,0.19,6.7,0.03,160.39,0,-4128.23,0,-4.3399999999992405
Dec 2065,126.4,1.88,0.49,4.93,0.01,2.7,7.05,0.0,0.96,0,0.03,0,123.55,0.1,4.35,0.0,128.0,0,-4135.24,0,-7.010000000000219
Jan 2066,13.93,0.21,7.27,8.25,0.01,2.7,7.05,0.0,0.11,0,0.49,0,13.62,1.43,4.35,0.0,19.4,0,-4141.28,0,-6.039999999999959
Feb 2066,115.01,1.71,28.49,25.3,0.17,2.8,7.13,0.03,0.88,0,1.93,0,112.42,5.6,4.47,0.0,122.49,0,-4147.73,0,-6.44999999999982
Mar 2066,1.96,0.03,108.54,73.98,21.84,15.94,17.43,3.31,0.01,0,7.37,0,1.91,21.33,20.01,0.13,43.38,0,-4152.02,0,-4.2900000000008705
Apr 2066,6.36,0.09,88.89,57.62,26.85,18.99,19.82,4.08,0.05,0,6.04,0,6.22,17.46,23.61,0.17,47.47,0,-4158.87,0,-6.849999999999451
May 2066,10.59,0.16,100.98,64.23,32.83,22.61,22.66,4.98,0.08,0,6.86,0,10.35,19.84,27.89,0.22,58.3,0,-4168.7,0,-9.829999999999929
Jun 2066,3.58,0.05,128.37,81.97,38.67,26.16,25.44,5.87,0.03,0,8.72,0,3.5,25.22,32.09,0.26,61.07,0,-4179.66,0,-10.96
Jul 2066,161.75,2.41,121.97,80.86,35.52,24.25,23.95,5.39,1.23,0,8.28,0,158.1,23.96,29.83,0.25,212.15,0,-4190.75,0,-11.0900000000001
Aug 2066,175.86,2.62,56.17,33.75,32.77,22.58,22.65,4.97,1.34,0,3.81,0,171.9,11.04,27.86,0.23,211.03,0,-4200.04,0,-9.28999999999996
Sep 2066,332.93,4.96,46.99,33.86,21.26,15.6,17.18,3.23,2.54,0,3.19,0,325.44,9.23,19.61,0.18,354.46,0,-4212.79,0,-12.75
Oct 2066,37.58,0.56,14.89,11.12,11.51,11.12,17.83,2.11,0.29,0,1.01,0,36.73,2.93,16.12,0.12,55.9,0,-4221.19,0,-8.39999999999964
Nov 2066,127.48,1.9,1.55,4.91,3.04,4.91,9.82,0.55,0.97,0,0.11,0,124.61,0.31,7.41,0.04,132.36,0,-4235.74,0,-14.5500000000002
Dec 2066,328.93,4.9,3.19,9.95,0.01,2.72,7.09,0.0,2.51,0,0.22,0,321.52,0.63,4.38,0.0,326.53,0,-4243.97,0,-8.23000000000047
Jan 2067,79.06,1.18,8.15,9.89,0.01,2.72,7.1,0.0,0.6,0,0.55,0,77.28,1.6,4.38,0.0,83.26,0,-4248.34,0,-4.36999999999989
Feb 2067,54.17,0.81,28.17,24.25,0.01,2.72,7.1,0.0,0.41,0,1.91,0,52.95,5.54,4.38,0.0,62.87,0,-4254.27,0,-5.930000000000289
Mar 2067,15.43,0.23,108.71,79.48,8.74,8.02,11.25,1.33,0.12,0,7.38,0,15.09,21.36,10.65,0.05,47.14,0,-4259.04,0,-4.769999999999531
Apr 2067,47.81,0.71,89.46,59.28,25.32,18.08,19.14,3.84,0.36,0,6.07,0,46.73,17.58,22.54,0.17,87.01,0,-4261.52,0,-2.4800000000004703
May 2067,2.66,0.04,101.2,64.37,32.63,22.51,22.61,4.95,0.02,0,6.87,0,2.6,19.88,27.78,0.21,50.48,0,-4270.55,0,-9.029999999999749
Jun 2067,111.43,1.66,31.78,19.17,25.04,19.17,23.69,4.11,0.85,0,2.16,0,108.92,6.24,25.44,0.25,140.85,0,-4281.53,0,-10.979999999999599
Jul 2067,260.68,3.88,32.93,20.33,28.11,20.33,22.54,4.4,1.99,0,2.24,0,254.81,6.47,25.92,0.25,287.44,0,-4298.35,0,-16.820000000000597
Aug 2067,651.66,9.71,39.68,34.42,18.29,13.82,15.81,2.78,4.96,0,2.69,0,636.99,7.8,17.51,0.22,662.51,0,-4312.52,0,-14.1700000000001
Sep 2067,318.08,4.74,41.61,30.17,20.09,14.92,16.67,3.05,2.42,0,2.83,0,310.92,8.18,18.8,0.16,338.06,0,-4318.11,0,-5.5899999999992405
Oct 2067,542.59,8.08,22.86,24.44,8.1,7.65,10.98,1.23,4.13,0,1.55,0,530.38,4.49,10.21,0.12,545.19,0,-4326.65,0,-8.53999999999996
Nov 2067,1.7,0.03,0.12,3.01,0.11,3.01,7.94,0.07,0.01,0,0.01,0,1.66,0.02,4.98,0.01,6.66,0,-4330.83,0,-4.18000000000029
Dec 2067,60.09,0.9,0.33,3.87,0.01,2.74,7.14,0.0,0.46,0,0.02,0,58.74,0.07,4.41,0.0,63.21,0,-4338.69,0,-7.85999999999967
Jan 2068,18.66,0.28,7.14,8.26,0.01,2.74,7.15,0.0,0.14,0,0.48,0,18.24,1.4,4.41,0.0,24.05,0,-4345.34,0,-6.650000000000549
Feb 2068,2.72,0.04,27.81,23.23,0.01,2.74,7.15,0.0,0.02,0,1.89,0,2.66,5.46,4.41,0.0,12.54,0,-4351.85,0,-6.510000000000219
Mar 2068,66.34,0.99,109.09,80.71,8.32,7.78,11.1,1.26,0.51,0,7.41,0,64.84,21.43,10.37,0.06,96.7,0,-4357.09,0,-5.23999999999978
Apr 2068,22.44,0.33,88.95,58.39,25.71,18.33,19.37,3.9,0.17,0,6.04,0,21.94,17.48,22.85,0.17,62.42,0,-4359.07,0,-1.9799999999995601
May 2068,0.72,0.01,100.87,63.94,33.06,22.8,22.87,5.02,0.01,0,6.85,0,0.71,19.82,28.12,0.22,48.86,0,-4368.49,0,-9.420000000000071
Jun 2068,94.68,1.41,69.72,41.4,35.68,24.38,24.12,5.41,0.72,0,4.73,0,92.55,13.7,30.0,0.25,136.5,0,-4379.71,0,-11.2200000000003
Jul 2068,289.54,4.31,39.41,23.72,31.34,21.75,22.06,4.76,2.21,0,2.68,0,283.02,7.74,26.89,0.25,317.9,0,-4393.21,0,-13.5
Aug 2068,204.71,3.05,38.34,21.75,31.15,21.64,21.97,4.73,1.56,0,2.6,0,200.1,7.53,26.76,0.22,234.61,0,-4405.88,0,-12.6700000000001
Sep 2068,196.7,2.93,39.67,24.86,25.4,18.16,19.24,3.86,1.5,0,2.69,0,192.27,7.79,22.64,0.18,222.88,0,-4419.18,0,-13.3000000000002
Oct 2068,232.28,3.46,18.32,13.13,16.93,13.13,15.64,2.6,1.77,0,1.24,0,227.05,3.6,16.84,0.13,247.62,0,-4430.56,0,-11.3800000000001
Nov 2068,178.24,2.66,1.8,5.35,3.51,4.88,8.85,0.54,1.36,0,0.12,0,174.23,0.35,6.94,0.03,181.55,0,-4440.72,0,-10.1599999999999
Dec 2068,7.49,0.11,0.12,2.95,0.01,2.76,7.19,0.0,0.06,0,0.01,0,7.33,0.02,4.43,0.0,11.78,0,-4447.58,0,-6.85999999999967
Jan 2069,200.74,2.99,9.71,12.88,0.01,2.76,7.19,0.0,1.53,0,0.66,0,196.22,1.91,4.44,0.0,202.56,0,-4454.7,0,-7.119999999999889
Feb 2069,47.98,0.71,28.13,24.16,0.01,2.76,7.2,0.0,0.37,0,1.91,0,46.9,5.53,4.44,0.0,56.87,0,-4459.7,0,-5.0
Mar 2069,24.04,0.36,108.78,79.21,9.97,8.81,11.94,1.52,0.18,0,7.39,0,23.5,21.37,11.59,0.06,56.52,0,-4464.61,0,-4.90999999999985
Apr 2069,0.5,0.01,89.01,57.76,26.65,18.92,19.86,4.04,0.0,0,6.04,0,0.49,17.49,23.54,0.17,41.69,0,-4467.53,0,-2.9200000000000697
May 2069,0.59,0.01,58.25,32.54,33.27,22.94,23.01,5.05,0.0,0,3.96,0,0.58,11.45,28.29,0.22,40.53,0,-4477.47,0,-9.940000000000511
Jun 2069,41.62,0.62,5.44,9.93,4.62,9.93,25.61,1.8,0.32,0,0.37,0,40.68,1.07,18.5,0.27,60.51,0,-4491.69,0,-14.2199999999993
Jul 2069,289.09,4.31,29.69,19.29,26.15,19.29,22.09,4.13,2.2,0,2.02,0,282.58,5.83,24.82,0.25,313.48,0,-4515.09,0,-23.4000000000005
Aug 2069,270.51,4.03,41.98,26.17,29.24,20.5,21.11,4.44,2.06,0,2.85,0,264.42,8.25,25.41,0.22,298.3,0,-4529.07,0,-13.979999999999599
Sep 2069,291.63,4.34,39.22,26.95,22.92,16.67,18.11,3.48,2.22,0,2.66,0,285.06,7.71,20.88,0.18,313.83,0,-4541.06,0,-11.990000000000698
Oct 2069,197.77,2.95,18.16,13.0,16.3,13.0,16.23,2.56,1.51,0,1.23,0,193.31,3.57,16.97,0.13,213.98,0,-4550.99,0,-9.929999999999382
Nov 2069,51.77,0.77,0.14,3.74,0.88,3.74,9.23,0.24,0.39,0,0.01,0,50.61,0.03,6.13,0.02,56.78,0,-4562.04,0,-11.0500000000002
Dec 2069,78.91,1.18,0.92,4.62,0.01,2.78,7.24,0.0,0.6,0,0.06,0,77.13,0.18,4.46,0.0,81.77,0,-4570.65,0,-8.609999999999669
Jan 2070,13.79,0.21,7.33,8.37,0.01,2.78,7.24,0.0,0.11,0,0.5,0,13.48,1.44,4.46,0.0,19.39,0,-4577.22,0,-6.57000000000062
Feb 2070,140.69,2.1,29.24,26.2,0.46,3.06,7.46,0.07,1.07,0,1.99,0,137.53,5.74,4.79,0.0,148.07,0,-4583.86,0,-6.63999999999942
Mar 2070,107.53,1.6,109.39,78.13,17.08,13.14,15.36,2.59,0.82,0,7.43,0,105.11,21.49,16.71,0.11,143.42,0,-4588.19,0,-4.32999999999993
Apr 2070,3.09,0.05,88.77,57.99,25.78,18.42,19.5,3.91,0.02,0,6.03,0,3.02,17.44,22.95,0.16,43.57,0,-4592.83,0,-4.64000000000033
May 2070,48.32,0.72,101.51,65.81,31.43,21.85,22.19,4.77,0.37,0,6.89,0,47.23,19.94,27.01,0.22,94.4,0,-4602.53,0,-9.69999999999982
Jun 2070,89.4,1.33,60.86,34.67,36.13,24.7,24.43,5.48,0.68,0,4.13,0,87.39,11.96,30.38,0.26,129.98,0,-4612.91,0,-10.3800000000001
Jul 2070,336.52,5.01,41.04,26.35,29.6,20.74,21.33,4.49,2.56,0,2.79,0,328.94,8.06,25.7,0.24,362.95,0,-4627.3,0,-14.3900000000003
Aug 2070,529.55,7.89,42.5,33.77,20.76,15.38,17.13,3.15,4.03,0,2.89,0,517.63,8.35,19.36,0.21,545.56,0,-4639.03,0,-11.729999999999599
Sep 2070,304.51,4.54,42.19,30.1,20.99,15.52,17.25,3.19,2.32,0,2.86,0,297.66,8.29,19.53,0.17,325.64,0,-4646.3,0,-7.27000000000044
Oct 2070,403.09,6.0,20.81,18.95,13.1,10.74,13.5,1.99,3.07,0,1.41,0,394.01,4.09,13.88,0.13,412.11,0,-4655.34,0,-9.03999999999996
Nov 2070,117.99,1.76,1.0,4.4,2.26,4.16,8.35,0.35,0.9,0,0.07,0,115.34,0.2,6.1,0.01,121.65,0,-4662.5,0,-7.15999999999985
Dec 2070,1.98,0.03,0.12,2.91,0.01,2.8,7.29,0.0,0.02,0,0.01,0,1.93,0.02,4.49,0.0,6.44,0,-4669.56,0,-7.0600000000004
Jan 2071,17.44,0.26,7.39,8.49,0.01,2.8,7.29,0.0,0.13,0,0.5,0,17.05,1.45,4.49,0.0,22.99,0,-4676.82,0,-7.25999999999931
Feb 2071,129.86,1.93,29.1,25.07,2.72,4.45,8.58,0.42,0.99,0,1.98,0,126.94,5.72,6.44,0.02,139.11,0,-4683.47,0,-6.650000000000549
Mar 2071,123.09,1.83,109.27,78.24,17.22,13.25,15.48,2.61,0.94,0,7.42,0,120.32,21.47,16.84,0.12,158.74,0,-4688.69,0,-5.21999999999935
Apr 2071,4.54,0.07,88.97,58.19,25.75,18.42,19.54,3.91,0.03,0,6.04,0,4.43,17.48,22.96,0.16,45.03,0,-4693.32,0,-4.63000000000011
May 2071,5.46,0.08,100.7,63.99,32.98,22.81,22.98,5.0,0.04,0,6.84,0,5.34,19.78,28.15,0.22,53.49,0,-4703.03,0,-9.71000000000004
Jun 2071,168.48,2.51,72.24,45.42,33.15,22.91,23.06,5.03,1.28,0,4.91,0,164.69,14.19,28.27,0.25,207.4,0,-4714.34,0,-11.3100000000004
Jul 2071,238.4,3.55,27.57,18.47,23.83,18.47,23.11,3.92,1.82,0,1.87,0,233.03,5.42,24.56,0.25,263.25,0,-4726.44,0,-12.099999999999499
Aug 2071,542.07,8.07,42.18,33.71,20.85,15.45,17.22,3.16,4.13,0,2.86,0,529.86,8.29,19.45,0.21,557.82,0,-4742.19,0,-15.75
Sep 2071,609.21,9.07,47.39,41.87,12.39,10.33,13.21,1.88,4.64,0,3.22,0,595.5,9.31,13.39,0.16,618.36,0,-4749.47,0,-7.280000000000651
Oct 2071,138.2,2.06,17.07,12.34,14.62,12.34,16.72,2.39,1.05,0,1.16,0,135.09,3.35,16.61,0.12,155.17,0,-4753.1,0,-3.6300000000001096
Nov 2071,206.55,3.08,1.5,6.74,0.64,3.2,7.63,0.1,1.57,0,0.1,0,201.9,0.29,4.97,0.01,207.16,0,-4765.34,0,-12.2399999999998
Dec 2071,170.46,2.54,1.03,6.11,0.01,2.82,7.34,0.0,1.3,0,0.07,0,166.62,0.2,4.52,0.0,171.34,0,-4771.21,0,-5.869999999999889
Jan 2072,61.52,0.92,7.72,9.41,0.01,2.83,7.34,0.0,0.47,0,0.52,0,60.13,1.52,4.52,0.0,66.17,0,-4777.17,0,-5.960000000000041
Feb 2072,113.04,1.68,28.62,25.49,0.17,2.93,7.42,0.03,0.86,0,1.94,0,110.5,5.62,4.64,0.0,120.76,0,-4783.52,0,-6.35000000000036
Mar 2072,1.74,0.03,108.56,74.31,21.36,15.78,17.5,3.24,0.01,0,7.37,0,1.7,21.33,19.84,0.12,42.99,0,-4788.11,0,-4.5899999999992405
Apr 2072,0.77,0.01,88.73,57.58,26.76,19.05,20.06,4.06,0.01,0,6.02,0,0.75,17.43,23.71,0.17,42.06,0,-4795.1,0,-6.99000000000069
May 2072,0.61,0.01,100.03,63.28,33.4,23.08,23.23,5.07,0.0,0,6.79,0,0.59,19.65,28.47,0.22,48.94,0,-4805.24,0,-10.1399999999994
Jun 2072,87.43,1.3,101.37,64.65,35.72,24.49,24.33,5.42,0.67,0,6.88,0,85.46,19.92,30.14,0.25,135.76,0,-4816.82,0,-11.5799999999999
Jul 2072,438.36,6.53,56.88,40.72,26.63,18.98,20.02,4.04,3.34,0,3.86,0,428.49,11.17,23.63,0.24,463.53,0,-4828.44,0,-11.6199999999999
Aug 2072,531.49,7.92,74.64,57.5,20.72,15.4,17.21,3.15,4.05,0,5.07,0,519.53,14.66,19.39,0.21,553.79,0,-4837.46,0,-9.02000000000044
Sep 2072,605.31,9.02,51.46,44.6,12.99,10.71,13.54,1.97,4.61,0,3.49,0,591.69,10.11,13.84,0.17,615.81,0,-4842.62,0,-5.15999999999985
Oct 2072,133.32,1.99,16.43,12.11,14.07,12.11,16.8,2.32,1.02,0,1.12,0,130.32,3.23,16.44,0.12,150.12,0,-4846.25,0,-3.6300000000001096
Nov 2072,72.04,1.07,0.27,4.71,1.27,4.71,12.07,0.47,0.55,0,0.02,0,70.42,0.05,8.15,0.05,78.68,0,-4858.72,0,-12.4700000000003
Dec 2072,41.16,0.61,0.12,3.54,0.01,2.85,7.39,0.0,0.31,0,0.01,0,40.23,0.02,4.55,0.0,44.8,0,-4869.8,0,-11.0799999999999
Jan 2073,56.6,0.84,7.4,9.12,0.01,2.85,7.39,0.0,0.43,0,0.5,0,55.32,1.45,4.55,0.0,61.32,0,-4876.86,0,-7.05999999999949
Feb 2073,11.58,0.17,27.67,21.21,5.49,6.18,10.0,0.84,0.09,0,1.88,0,11.32,5.44,8.48,0.03,25.27,0,-4883.32,0,-6.460000000000041
Mar 2073,1.88,0.03,108.34,73.81,22.26,16.35,17.97,3.38,0.01,0,7.36,0,1.84,21.28,20.51,0.13,43.77,0,-4890.54,0,-7.22000000000025
Apr 2073,7.66,0.11,88.32,57.29,27.04,19.25,20.25,4.1,0.06,0,6.0,0,7.49,17.35,23.94,0.17,48.95,0,-4897.9,0,-7.35999999999967
May 2073,5.12,0.08,100.44,62.98,35.15,24.17,24.11,5.33,0.04,0,6.82,0,5.0,19.73,29.76,0.24,54.74,0,-4908.16,0,-10.260000000000199
Jun 2073,124.42,1.85,60.91,35.74,35.0,24.08,24.04,5.31,0.95,0,4.14,0,121.61,11.97,29.65,0.26,163.49,0,-4920.32,0,-12.1599999999999
Jul 2073,261.33,3.89,44.93,27.01,32.5,22.57,22.86,4.93,1.99,0,3.05,0,255.45,8.83,27.86,0.25,292.39,0,-4934.22,0,-13.900000000000501
Aug 2073,511.44,7.62,50.18,39.0,21.31,15.78,17.54,3.23,3.9,0,3.41,0,499.92,9.86,19.84,0.21,529.84,0,-4947.36,0,-13.139999999999402
Sep 2073,287.08,4.28,44.16,31.23,21.31,15.78,17.55,3.23,2.19,0,3.0,0,280.61,8.68,19.84,0.16,309.3,0,-4954.58,0,-7.22000000000025
Oct 2073,134.49,2.0,17.22,12.65,14.67,12.65,17.7,2.45,1.02,0,1.17,0,131.46,3.38,17.27,0.14,152.25,0,-4963.87,0,-9.28999999999996
Nov 2073,58.63,0.87,0.22,4.53,1.03,4.53,11.8,0.42,0.45,0,0.01,0,57.31,0.04,7.87,0.05,65.27,0,-4977.06,0,-13.1900000000005
Dec 2073,433.68,6.46,5.67,13.49,0.01,2.87,7.44,0.0,3.3,0,0.38,0,423.92,1.11,4.57,0.0,429.61,0,-4988.02,0,-10.96
Jan 2074,73.21,1.09,7.35,9.36,0.01,2.87,7.44,0.0,0.56,0,0.5,0,71.56,1.44,4.58,0.0,77.58,0,-4991.77,0,-3.75
Feb 2074,93.01,1.39,28.16,24.52,1.14,3.56,7.99,0.18,0.71,0,1.91,0,90.92,5.53,5.39,0.01,101.85,0,-4998.15,0,-6.3799999999992005
Mar 2074,93.73,1.4,109.03,77.61,17.42,13.43,15.73,2.65,0.71,0,7.4,0,91.62,21.42,17.07,0.11,130.22,0,-5003.34,0,-5.190000000000509
Apr 2074,39.42,0.59,88.7,58.83,25.09,18.09,19.37,3.81,0.3,0,6.02,0,38.53,17.43,22.57,0.17,78.69,0,-5008.42,0,-5.07999999999993
May 2074,25.05,0.37,100.28,64.59,31.58,22.03,22.46,4.79,0.19,0,6.81,0,24.49,19.7,27.23,0.21,71.63,0,-5017.82,0,-9.399999999999642
Jun 2074,78.55,1.17,128.6,84.17,36.78,25.18,24.94,5.58,0.6,0,8.73,0,76.78,25.27,30.95,0.26,133.26,0,-5028.71,0,-10.8900000000003
Jul 2074,225.46,3.36,137.1,93.83,33.69,23.31,23.47,5.11,1.72,0,9.31,0,220.38,26.94,28.75,0.25,276.31,0,-5038.99,0,-10.2799999999997
Aug 2074,424.42,6.32,78.1,57.57,23.08,16.88,18.44,3.5,3.23,0,5.3,0,414.87,15.34,21.14,0.21,451.56,0,-5046.58,0,-7.59000000000015
Sep 2074,573.83,8.55,50.27,43.34,12.86,10.68,13.58,1.95,4.37,0,3.41,0,560.91,9.88,13.81,0.16,584.76,0,-5053.18,0,-6.60000000000036
Oct 2074,52.33,0.78,14.57,11.24,11.49,11.24,18.07,2.09,0.4,0,0.99,0,51.15,2.86,16.24,0.12,70.37,0,-5057.19,0,-4.00999999999931
Nov 2074,39.41,0.59,0.14,3.64,0.69,3.64,9.07,0.19,0.3,0,0.01,0,38.52,0.03,5.92,0.02,44.48,0,-5071.9,0,-14.71
Dec 2074,321.86,4.79,2.76,9.71,0.01,2.89,7.49,0.0,2.45,0,0.19,0,314.62,0.54,4.6,0.0,319.76,0,-5080.48,0,-8.579999999999929
Jan 2075,13.81,0.21,7.05,8.24,0.11,2.96,7.54,0.02,0.11,0,0.48,0,13.5,1.39,4.68,0.0,19.57,0,-5085.33,0,-4.85000000000036
Feb 2075,84.17,1.25,28.14,18.33,16.55,12.93,15.36,2.51,0.64,0,1.91,0,82.27,5.53,16.47,0.1,104.36,0,-5092.27,0,-6.94000000000051
Mar 2075,44.15,0.66,108.27,75.41,19.77,14.88,16.89,3.0,0.34,0,7.35,0,43.16,21.27,18.78,0.12,83.33,0,-5102.66,0,-10.3899999999994
Apr 2075,12.09,0.18,87.13,56.42,27.32,19.46,20.48,4.15,0.09,0,5.92,0,11.81,17.12,24.2,0.18,53.31,0,-5108.98,0,-6.319999999999711
May 2075,60.12,0.9,99.66,65.18,30.29,21.26,21.9,4.6,0.46,0,6.77,0,58.77,19.58,26.33,0.21,104.88,0,-5119.49,0,-10.510000000000199
Jun 2075,116.08,1.73,128.26,85.33,34.67,23.92,23.99,5.26,0.88,0,8.71,0,113.47,25.2,29.48,0.25,168.39,0,-5129.77,0,-10.2800000000007
Jul 2075,149.02,2.22,135.79,91.07,35.41,24.37,24.34,5.37,1.14,0,9.22,0,145.67,26.68,30.01,0.25,202.6,0,-5139.16,0,-9.38999999999942
Aug 2075,364.09,5.42,110.73,79.87,25.19,18.17,19.49,3.82,2.77,0,7.52,0,355.89,21.76,22.68,0.21,400.53,0,-5148.02,0,-8.86000000000058
Sep 2075,216.25,3.22,58.6,39.5,24.73,17.9,19.27,3.75,1.65,0,3.98,0,211.38,11.51,22.35,0.18,245.42,0,-5153.6,0,-5.57999999999993
Oct 2075,265.99,3.96,17.55,13.56,15.79,12.48,15.03,2.4,2.03,0,1.19,0,260.0,3.45,15.94,0.12,279.51,0,-5163.67,0,-10.0699999999997
Nov 2075,35.95,0.54,0.14,3.63,0.64,3.63,9.07,0.18,0.27,0,0.01,0,35.14,0.03,5.9,0.02,41.08,0,-5173.21,0,-9.53999999999996
Dec 2075,618.94,9.22,7.62,17.73,0.01,2.91,7.54,0.0,4.71,0,0.52,0,605.0,1.5,4.63,0.0,611.13,0,-5181.83,0,-8.619999999999889
Jan 2076,9.95,0.15,7.19,8.34,0.01,2.91,7.54,0.0,0.08,0,0.49,0,9.73,1.41,4.64,0.0,15.78,0,-5184.13,0,-2.30000000000018
Feb 2076,95.31,1.42,28.11,25.0,0.03,2.93,7.56,0.01,0.73,0,1.91,0,93.16,5.52,4.65,0.0,103.33,0,-5191.1,0,-6.97000000000025
Mar 2076,145.98,2.17,109.12,78.88,16.47,12.9,15.37,2.5,1.11,0,7.41,0,142.69,21.44,16.44,0.12,180.69,0,-5196.02,0,-4.92000000000007
Apr 2076,18.98,0.28,88.0,57.49,26.52,19.0,20.16,4.03,0.14,0,5.97,0,18.56,17.29,23.66,0.17,59.67,0,-5200.49,0,-4.46999999999935
May 2076,52.52,0.78,99.32,65.26,29.23,20.64,21.45,4.44,0.4,0,6.74,0,51.34,19.51,25.6,0.2,96.64,0,-5210.68,0,-10.190000000000499
Jun 2076,18.47,0.28,125.71,80.88,37.59,25.71,25.42,5.7,0.14,0,8.54,0,18.06,24.7,31.59,0.25,74.6,0,-5220.74,0,-10.059999999999501
Jul 2076,640.61,9.54,139.24,106.66,20.93,15.61,17.51,3.18,4.88,0,9.45,0,626.19,27.36,19.65,0.24,673.44,0,-5232.03,0,-11.29
Aug 2076,749.72,11.17,112.88,91.47,14.37,11.64,14.4,2.18,5.71,0,7.66,0,732.84,22.18,14.95,0.2,770.17,0,-5232.27,0,-0.240000000000691
Sep 2076,238.99,3.56,61.83,43.2,22.26,16.42,18.15,3.38,1.82,0,4.2,0,233.61,12.15,20.61,0.16,266.53,0,-5231.31,0,0.9600000000000359
Oct 2076,386.21,5.75,17.89,16.96,12.39,10.44,13.47,1.88,2.94,0,1.21,0,377.51,3.52,13.54,0.12,394.69,0,-5240.23,0,-8.91999999999916
Nov 2076,151.4,2.26,0.16,4.84,2.38,4.84,10.47,0.48,1.15,0,0.01,0,147.99,0.03,7.52,0.04,155.59,0,-5247.78,0,-7.55000000000018
Dec 2076,74.36,1.11,0.12,4.12,0.01,2.93,7.59,0.0,0.57,0,0.01,0,72.69,0.02,4.66,0.0,77.38,0,-5256.65,0,-8.86999999999989
Jan 2077,61.81,0.92,7.28,9.2,0.01,2.94,7.6,0.0,0.47,0,0.49,0,60.42,1.43,4.66,0.0,66.51,0,-5263.66,0,-7.010000000000219
Feb 2077,65.4,0.97,27.79,23.02,3.37,4.98,9.2,0.51,0.5,0,1.89,0,63.93,5.46,7.08,0.02,76.48,0,-5270.29,0,-6.630000000000111
Mar 2077,20.89,0.31,107.64,74.32,20.6,15.43,17.39,3.13,0.16,0,7.31,0,20.42,21.15,19.43,0.12,61.12,0,-5276.6,0,-6.3100000000004
Apr 2077,1.39,0.02,86.67,56.16,26.81,19.2,20.35,4.07,0.01,0,5.88,0,1.36,17.03,23.89,0.17,42.46,0,-5283.52,0,-6.92000000000007
May 2077,14.84,0.22,98.73,63.31,31.72,22.17,22.68,4.81,0.11,0,6.7,0,14.5,19.4,27.41,0.21,61.52,0,-5294.07,0,-10.5499999999993
Jun 2077,29.22,0.44,127.78,82.37,38.12,26.06,25.73,5.78,0.22,0,8.68,0,28.56,25.11,32.01,0.26,85.93,0,-5305.33,0,-11.2600000000002
Jul 2077,724.88,10.8,138.36,108.05,19.0,14.47,16.65,2.88,5.52,0,9.39,0,708.56,27.18,18.3,0.24,754.28,0,-5316.64,0,-11.3100000000004
Aug 2077,312.05,4.65,108.62,77.19,26.18,18.82,20.06,3.97,2.38,0,7.38,0,305.03,21.34,23.45,0.21,350.02,0,-5315.72,0,0.920000000000073
Sep 2077,628.19,9.36,62.01,53.27,11.82,10.11,13.24,1.8,4.79,0,4.21,0,614.05,12.18,13.15,0.16,639.55,0,-5322.27,0,-6.55000000000018
Oct 2077,265.24,3.95,16.29,12.91,15.18,12.16,14.85,2.31,2.02,0,1.11,0,259.27,3.2,15.57,0.12,278.16,0,-5324.88,0,-2.60999999999967
Nov 2077,138.02,2.06,0.38,4.51,2.34,4.51,9.29,0.39,1.05,0,0.03,0,134.91,0.08,6.72,0.02,141.73,0,-5334.41,0,-9.529999999999749
Dec 2077,1.66,0.02,0.12,3.06,0.01,2.96,7.64,0.0,0.01,0,0.01,0,1.63,0.02,4.69,0.0,6.34,0,-5342.25,0,-7.84000000000015
Jan 2078,139.49,2.08,7.71,10.7,0.01,2.96,7.65,0.0,1.06,0,0.52,0,136.35,1.52,4.69,0.0,142.56,0,-5349.87,0,-7.619999999999889
Feb 2078,100.37,1.5,27.67,24.8,0.01,2.96,7.65,0.0,0.76,0,1.88,0,98.12,5.44,4.7,0.0,108.25,0,-5355.92,0,-6.05000000000018
Mar 2078,24.01,0.36,108.01,80.54,5.65,6.39,10.34,0.86,0.18,0,7.33,0,23.47,21.22,8.75,0.04,53.48,0,-5360.93,0,-5.01000000000022
Apr 2078,5.83,0.09,88.89,58.0,26.53,19.05,20.27,4.03,0.04,0,6.04,0,5.7,17.46,23.72,0.17,47.06,0,-5362.93,0,-2.0
May 2078,0.68,0.01,101.21,64.69,32.37,22.59,23.04,4.91,0.01,0,6.87,0,0.66,19.88,27.91,0.21,48.66,0,-5373.25,0,-10.3199999999997
Jun 2078,198.9,2.96,129.81,88.75,32.19,22.49,22.96,4.88,1.52,0,8.81,0,194.42,25.5,27.79,0.25,247.96,0,-5384.72,0,-11.4700000000003
Jul 2078,551.17,8.21,138.78,104.22,22.99,16.91,18.59,3.49,4.2,0,9.42,0,538.76,27.27,21.19,0.24,587.45,0,-5392.72,0,-8.0
Aug 2078,469.32,6.99,110.51,82.71,21.7,16.13,17.99,3.29,3.57,0,7.5,0,458.76,21.71,20.27,0.2,500.94,0,-5394.44,0,-1.71999999999935
Sep 2078,784.86,11.69,66.28,60.11,8.41,8.07,11.68,1.28,5.98,0,4.5,0,767.19,13.02,10.74,0.16,791.11,0,-5398.26,0,-3.82000000000062
Oct 2078,390.06,5.81,18.1,17.21,12.43,10.51,13.59,1.89,2.97,0,1.23,0,381.28,3.56,13.62,0.12,398.58,0,-5398.34,0,-0.0799999999999272
Nov 2078,32.42,0.48,0.16,3.92,0.6,3.92,10.12,0.24,0.25,0,0.01,0,31.69,0.03,6.56,0.03,38.31,0,-5405.96,0,-7.619999999999889
Dec 2078,88.74,1.32,0.13,4.39,0.01,2.98,7.7,0.0,0.68,0,0.01,0,86.74,0.03,4.72,0.0,91.49,0,-5415.61,0,-9.649999999999642
Jan 2079,2.13,0.03,6.93,8.1,0.01,2.98,7.7,0.0,0.02,0,0.47,0,2.08,1.36,4.72,0.0,8.17,0,-5422.62,0,-7.010000000000219
Feb 2079,30.08,0.45,27.54,23.06,1.58,3.94,8.45,0.24,0.23,0,1.87,0,29.4,5.41,5.85,0.01,40.68,0,-5429.83,0,-7.210000000000041
Mar 2079,7.47,0.11,108.14,73.51,23.22,17.06,18.74,3.52,0.06,0,7.34,0,7.3,21.25,21.37,0.14,50.06,0,-5435.95,0,-6.119999999999889
Apr 2079,5.8,0.09,88.62,57.85,26.45,19.03,20.28,4.01,0.04,0,6.02,0,5.67,17.41,23.7,0.17,46.95,0,-5443.9,0,-7.94999999999982
May 2079,20.41,0.3,101.32,65.21,32.06,22.43,22.95,4.86,0.16,0,6.88,0,19.95,19.91,27.72,0.21,67.79,0,-5454.28,0,-10.3800000000001
Jun 2079,78.3,1.17,128.91,84.76,36.16,24.91,24.9,5.49,0.6,0,8.75,0,76.54,25.33,30.66,0.25,132.78,0,-5465.54,0,-11.2600000000002
Jul 2079,473.81,7.06,139.41,102.54,25.55,18.48,19.87,3.88,3.61,0,9.47,0,463.14,27.39,23.06,0.24,513.83,0,-5475.86,0,-10.3199999999997
Aug 2079,760.71,11.33,115.09,93.38,14.24,11.62,14.49,2.16,5.79,0,7.81,0,743.58,22.61,14.95,0.2,781.34,0,-5479.01,0,-3.1500000000005497
Sep 2079,225.84,3.36,59.91,41.3,23.18,17.05,18.75,3.52,1.72,0,4.07,0,220.75,11.77,21.36,0.17,254.05,0,-5477.93,0,1.0799999999999301
Oct 2079,128.15,1.91,16.4,12.24,13.98,12.24,17.22,2.31,0.98,0,1.11,0,125.27,3.22,16.65,0.12,145.26,0,-5487.54,0,-9.609999999999669
Nov 2079,30.08,0.45,0.15,3.97,0.56,3.97,10.35,0.25,0.23,0,0.01,0,29.41,0.03,6.69,0.03,36.15,0,-5500.48,0,-12.9399999999996
Dec 2079,125.42,1.87,0.35,5.12,0.01,3.0,7.75,0.0,0.96,0,0.02,0,122.6,0.07,4.75,0.0,127.42,0,-5510.37,0,-9.890000000000331
Jan 2080,198.98,2.96,9.1,12.65,0.01,3.0,7.75,0.0,1.52,0,0.62,0,194.5,1.79,4.75,0.0,201.04,0,-5517.13,0,-6.760000000000219
Feb 2080,25.75,0.38,27.84,23.48,0.97,3.59,8.22,0.15,0.2,0,1.89,0,25.17,5.47,5.45,0.01,36.09,0,-5522.75,0,-5.619999999999889
Mar 2080,22.6,0.34,108.43,74.97,20.65,15.53,17.57,3.14,0.17,0,7.36,0,22.09,21.3,19.56,0.12,63.07,0,-5528.73,0,-5.97999999999956
Apr 2080,4.03,0.06,88.81,57.35,28.06,20.02,21.1,4.26,0.03,0,6.03,0,3.94,17.45,24.87,0.18,46.45,0,-5535.76,0,-7.030000000000651
May 2080,20.32,0.3,101.5,64.99,33.0,23.02,23.45,5.01,0.15,0,6.89,0,19.86,19.94,28.42,0.22,68.45,0,-5546.72,0,-10.96
Jun 2080,29.2,0.43,128.71,82.68,39.26,26.82,26.43,5.96,0.22,0,8.74,0,28.54,25.29,32.91,0.27,87.01,0,-5558.34,0,-11.6199999999999
Jul 2080,278.07,4.14,138.05,96.18,31.82,22.31,22.9,4.83,2.12,0,9.37,0,271.81,27.12,27.58,0.25,326.76,0,-5570.12,0,-11.7799999999997
Aug 2080,696.28,10.37,87.71,71.77,15.59,12.47,15.19,2.37,5.3,0,5.96,0,680.61,17.23,15.95,0.2,713.99,0,-5576.94,0,-6.819999999999711
Sep 2080,485.63,7.23,48.6,39.86,15.59,12.47,15.2,2.37,3.7,0,3.3,0,474.69,9.55,15.95,0.16,500.35,0,-5578.71,0,-1.7700000000004399
Oct 2080,303.83,4.53,18.15,15.23,14.38,11.74,14.62,2.18,2.31,0,1.23,0,296.99,3.57,15.08,0.12,315.76,0,-5584.7,0,-5.989999999999781
Nov 2080,135.99,2.03,1.04,5.14,1.68,4.04,8.59,0.26,1.04,0,0.07,0,132.93,0.2,5.98,0.01,139.12,0,-5593.71,0,-9.01000000000022
Dec 2080,2.56,0.04,0.12,3.15,0.01,3.02,7.8,0.0,0.02,0,0.01,0,2.5,0.02,4.78,0.0,7.31,0,-5600.95,0,-7.239999999999781
Jan 2081,22.98,0.34,7.13,8.6,0.01,3.03,7.81,0.0,0.18,0,0.48,0,22.46,1.4,4.79,0.0,28.65,0,-5608.72,0,-7.77000000000044
Feb 2081,85.77,1.28,28.38,25.17,0.01,3.03,7.81,0.0,0.65,0,1.93,0,83.84,5.57,4.79,0.0,94.2,0,-5615.87,0,-7.14999999999964
Mar 2081,37.69,0.56,108.41,79.7,9.24,8.63,12.2,1.4,0.29,0,7.36,0,36.85,21.3,11.41,0.06,69.61,0,-5621.09,0,-5.220000000000249
Apr 2081,78.47,1.17,88.59,59.37,25.4,18.43,19.89,3.85,0.6,0,6.02,0,76.7,17.4,23.0,0.18,117.29,0,-5624.3,0,-3.21000000000004
May 2081,20.46,0.3,100.06,63.92,33.08,23.09,23.54,5.02,0.16,0,6.79,0,20.0,19.66,28.51,0.22,68.4,0,-5633.9,0,-9.599999999999449
Jun 2081,56.58,0.84,128.69,83.97,37.03,25.49,25.42,5.62,0.43,0,8.74,0,55.3,25.28,31.35,0.26,112.19,0,-5645.7,0,-11.8000000000002
Jul 2081,476.38,7.1,139.51,102.78,25.34,18.4,19.87,3.85,3.63,0,9.47,0,465.66,27.41,22.97,0.24,516.27,0,-5656.59,0,-10.8900000000003
Aug 2081,674.71,10.05,114.94,91.31,16.09,12.79,15.48,2.44,5.14,0,7.8,0,659.52,22.58,16.33,0.2,698.63,0,-5659.76,0,-3.1700000000000697
Sep 2081,577.59,8.6,66.06,55.09,13.08,10.97,14.06,1.99,4.4,0,4.49,0,564.59,12.98,14.18,0.16,591.91,0,-5660.05,0,-0.28999999999996395
Oct 2081,214.48,3.19,17.28,12.81,15.9,12.81,15.89,2.45,1.63,0,1.17,0,209.65,3.39,16.53,0.12,229.69,0,-5663.39,0,-3.3400000000001495
Nov 2081,471.13,7.02,5.1,12.65,2.95,4.83,9.25,0.45,3.59,0,0.35,0,460.52,1.0,6.92,0.06,468.51,0,-5674.14,0,-10.75
Dec 2081,83.71,1.25,0.21,4.44,0.01,3.05,7.86,0.0,0.64,0,0.01,0,81.82,0.04,4.81,0.0,86.68,0,-5679.07,0,-4.92999999999938
Jan 2082,94.33,1.41,7.88,10.17,0.19,3.16,7.95,0.03,0.72,0,0.54,0,92.2,1.55,4.95,0.0,98.7,0,-5686.27,0,-7.200000000000731
Feb 2082,288.17,4.29,29.16,25.4,8.61,8.27,11.95,1.31,2.2,0,1.98,0,281.68,5.73,10.98,0.08,298.48,0,-5692.94,0,-6.66999999999916
Mar 2082,18.25,0.27,107.82,74.59,20.45,15.45,17.58,3.1,0.14,0,7.32,0,17.84,21.18,19.48,0.12,58.62,0,-5699.49,0,-6.55000000000018
Apr 2082,2.76,0.04,87.12,56.83,26.31,19.01,20.37,3.99,0.02,0,5.92,0,2.69,17.12,23.68,0.17,43.66,0,-5706.62,0,-7.130000000000111
May 2082,13.23,0.2,99.03,63.06,33.13,23.15,23.62,5.03,0.1,0,6.72,0,12.93,19.46,28.58,0.22,61.19,0,-5717.23,0,-10.6099999999997
Jun 2082,42.19,0.63,127.73,82.91,37.46,25.77,25.68,5.68,0.32,0,8.67,0,41.24,25.1,31.68,0.26,98.27,0,-5729.22,0,-11.990000000000698
Jul 2082,282.6,4.21,136.81,95.41,31.75,22.31,22.97,4.82,2.15,0,9.29,0,276.24,26.88,27.6,0.25,330.96,0,-5740.48,0,-11.259999999999302
Aug 2082,166.2,2.48,108.44,72.68,32.09,22.52,23.14,4.87,1.27,0,7.36,0,162.46,21.31,27.84,0.22,211.82,0,-5747.45,0,-6.97000000000025
Sep 2082,552.52,8.23,62.41,51.56,14.33,11.75,14.71,2.18,4.21,0,4.24,0,540.08,12.26,15.11,0.17,567.62,0,-5757.3,0,-9.850000000000358
Oct 2082,2.35,0.03,14.1,11.18,10.41,11.18,19.54,2.03,0.02,0,0.96,0,2.29,2.77,16.73,0.13,21.93,0,-5761.55,0,-4.25
Nov 2082,12.91,0.19,0.15,3.82,0.3,3.82,10.16,0.19,0.1,0,0.01,0,12.62,0.03,6.45,0.02,19.12,0,-5778.21,0,-16.6599999999999
Dec 2082,405.26,6.04,3.63,11.77,0.01,3.07,7.91,0.0,3.09,0,0.25,0,396.13,0.71,4.84,0.0,401.69,0,-5788.09,0,-9.88000000000011
Jan 2083,52.74,0.79,7.71,9.52,0.01,3.07,7.92,0.0,0.4,0,0.52,0,51.55,1.51,4.85,0.0,57.92,0,-5792.67,0,-4.57999999999993
Feb 2083,135.24,2.01,28.4,25.77,0.52,3.39,8.16,0.08,1.03,0,1.93,0,132.2,5.58,5.22,0.0,143.0,0,-5799.65,0,-6.97999999999956
Mar 2083,21.04,0.31,108.22,75.16,19.9,15.14,17.38,3.02,0.16,0,7.35,0,20.57,21.26,19.12,0.11,61.06,0,-5804.78,0,-5.13000000000011
Apr 2083,18.86,0.28,88.29,57.42,27.65,19.84,21.06,4.2,0.14,0,5.99,0,18.44,17.35,24.67,0.18,60.64,0,-5811.74,0,-6.960000000000041
May 2083,20.74,0.31,99.78,63.75,33.13,23.17,23.67,5.03,0.16,0,6.77,0,20.27,19.6,28.61,0.22,68.71,0,-5822.66,0,-10.9200000000001
Jun 2083,87.07,1.3,128.49,84.67,36.16,25.01,25.12,5.49,0.66,0,8.72,0,85.11,25.24,30.78,0.26,141.39,0,-5834.59,0,-11.9300000000003
Jul 2083,476.68,7.1,139.06,102.52,25.31,18.43,19.96,3.84,3.63,0,9.44,0,465.95,27.32,23.0,0.24,516.51,0,-5845.1,0,-10.510000000000199
Aug 2083,759.12,11.31,115.4,93.6,14.43,11.83,14.8,2.19,5.78,0,7.84,0,742.03,22.67,15.2,0.2,780.11,0,-5848.39,0,-3.28999999999996
Sep 2083,486.77,7.25,63.76,51.1,15.59,12.54,15.36,2.37,3.71,0,4.33,0,475.81,12.53,16.04,0.16,504.54,0,-5847.58,0,0.8100000000004001
Oct 2083,188.68,2.81,16.45,12.62,14.91,12.62,16.86,2.39,1.44,0,1.12,0,184.43,3.23,16.76,0.13,204.55,0,-5852.69,0,-5.10999999999967
Nov 2083,47.27,0.7,0.22,4.95,0.86,4.95,13.32,0.47,0.36,0,0.01,0,46.2,0.04,8.76,0.06,55.07,0,-5864.74,0,-12.0500000000002
Dec 2083,653.76,9.74,7.35,18.23,0.01,3.1,7.97,0.0,4.98,0,0.5,0,639.04,1.44,4.88,0.0,645.36,0,-5877.27,0,-12.5300000000007
Jan 2084,54.28,0.81,7.39,9.34,0.01,3.1,7.97,0.0,0.41,0,0.5,0,53.06,1.45,4.88,0.0,59.39,0,-5879.75,0,-2.4799999999995603
Feb 2084,30.7,0.46,27.71,21.14,7.11,7.41,11.35,1.08,0.23,0,1.88,0,30.01,5.44,9.98,0.04,45.47,0,-5886.8,0,-7.05000000000018
Mar 2084,101.27,1.51,108.22,77.08,18.13,14.09,16.59,2.75,0.77,0,7.35,0,98.99,21.26,17.88,0.12,138.25,0,-5894.99,0,-8.1899999999996
Apr 2084,21.23,0.32,88.19,58.37,25.22,18.39,19.96,3.83,0.16,0,5.99,0,20.75,17.33,22.96,0.16,61.2,0,-5900.83,0,-5.84000000000015
May 2084,0.6,0.01,100.11,63.68,33.22,23.25,23.77,5.04,0.0,0,6.8,0,0.59,19.67,28.7,0.22,49.18,0,-5910.98,0,-10.149999999999599
Jun 2084,15.05,0.22,128.26,82.14,39.49,27.05,26.75,5.99,0.11,0,8.71,0,14.71,25.2,33.2,0.27,73.38,0,-5923.13,0,-12.150000000000501
Jul 2084,314.42,4.68,137.34,96.72,30.76,21.76,22.61,4.67,2.4,0,9.33,0,307.34,26.98,26.94,0.25,361.51,0,-5935.34,0,-12.21
Aug 2084,405.54,6.04,110.86,81.31,23.87,17.58,19.34,3.62,3.09,0,7.53,0,396.41,21.78,22.0,0.21,440.4,0,-5941.81,0,-6.47000000000025
Sep 2084,516.66,7.7,63.15,51.16,15.49,12.5,15.36,2.35,3.94,0,4.29,0,505.02,12.41,16.0,0.17,533.6,0,-5947.12,0,-5.309999999999491
Oct 2084,460.7,6.86,20.75,20.87,11.08,9.83,13.27,1.68,3.51,0,1.41,0,450.33,4.08,12.84,0.13,467.38,0,-5952.07,0,-4.949999999999821
Nov 2084,52.4,0.78,0.22,4.9,0.94,4.9,12.97,0.45,0.4,0,0.01,0,51.22,0.04,8.56,0.05,59.88,0,-5958.87,0,-6.80000000000018
Dec 2084,141.26,2.1,0.41,5.52,0.01,3.12,8.02,0.0,1.08,0,0.03,0,138.08,0.08,4.91,0.0,143.07,0,-5971.03,0,-12.1599999999999
Jan 2085,33.88,0.5,7.3,8.99,0.01,3.12,8.03,0.0,0.26,0,0.5,0,33.12,1.43,4.91,0.0,39.46,0,-5977.94,0,-6.90999999999985
Feb 2085,106.85,1.59,28.62,20.67,12.93,10.96,14.17,1.96,0.81,0,1.94,0,104.44,5.62,14.17,0.07,124.31,0,-5985.21,0,-7.27000000000044
Mar 2085,58.73,0.87,108.66,77.14,17.27,13.59,16.24,2.62,0.45,0,7.38,0,57.41,21.35,17.29,0.1,96.15,0,-5994.73,0,-9.519999999999529
Apr 2085,22.38,0.33,88.67,58.73,25.3,18.46,20.06,3.84,0.17,0,6.02,0,21.88,17.42,23.05,0.16,62.51,0,-6000.63,0,-5.900000000000549
May 2085,19.0,0.28,101.04,64.54,33.52,23.45,23.97,5.09,0.14,0,6.86,0,18.57,19.85,28.95,0.23,67.6,0,-6010.81,0,-10.1800000000003
Jun 2085,26.74,0.4,128.57,83.21,37.84,26.08,26.03,5.74,0.2,0,8.73,0,26.14,25.26,32.05,0.26,83.71,0,-6022.92,0,-12.1099999999997
Jul 2085,546.76,8.14,103.02,77.8,23.53,17.4,19.23,3.57,4.16,0,7.0,0,534.45,20.24,21.79,0.24,576.72,0,-6034.53,0,-11.6099999999997
Aug 2085,626.63,9.33,82.19,66.07,17.41,13.69,16.33,2.64,4.77,0,5.58,0,612.53,16.15,17.41,0.2,646.28,0,-6039.27,0,-4.74000000000069
Sep 2085,434.72,6.48,48.3,38.3,17.38,13.67,16.32,2.64,3.31,0,3.28,0,424.93,9.49,17.38,0.17,451.97,0,-6042.8,0,-3.5299999999997502
Oct 2085,630.4,9.39,23.06,27.37,5.38,6.39,10.62,0.82,4.8,0,1.57,0,616.2,4.53,8.78,0.12,629.63,0,-6050.05,0,-7.25
Nov 2085,83.07,1.24,0.17,4.36,1.36,4.36,10.18,0.31,0.63,0,0.01,0,81.2,0.03,6.88,0.03,88.14,0,-6053.6,0,-3.55000000000018
Dec 2085,14.45,0.22,0.13,3.44,0.01,3.14,8.08,0.0,0.11,0,0.01,0,14.13,0.03,4.94,0.0,19.09,0,-6062.86,0,-9.25999999999931
Jan 2086,117.77,1.75,7.63,10.51,0.01,3.14,8.08,0.0,0.9,0,0.52,0,115.12,1.5,4.94,0.0,121.56,0,-6070.81,0,-7.950000000000731
Feb 2086,17.35,0.26,27.55,23.63,0.09,3.19,8.12,0.02,0.13,0,1.87,0,16.96,5.41,5.0,0.0,27.37,0,-6077.47,0,-6.65999999999985
Mar 2086,18.73,0.28,108.07,74.91,20.36,15.49,17.76,3.09,0.14,0,7.34,0,18.31,21.23,19.54,0.12,59.2,0,-6083.58,0,-6.10999999999967
Apr 2086,0.54,0.01,88.17,57.25,27.34,19.73,21.08,4.15,0.0,0,5.99,0,0.53,17.32,24.55,0.18,42.58,0,-6090.88,0,-7.30000000000018
May 2086,11.39,0.17,98.62,62.49,33.99,23.76,24.25,5.16,0.09,0,6.7,0,11.14,19.38,29.32,0.23,60.06,0,-6102.0,0,-11.1199999999999
Jun 2086,21.77,0.32,126.14,81.31,38.0,26.2,26.16,5.77,0.17,0,8.56,0,21.28,24.78,32.2,0.26,78.51,0,-6114.54,0,-12.54
Jul 2086,555.61,8.28,138.94,104.47,23.29,17.27,19.17,3.53,4.23,0,9.43,0,543.1,27.3,21.65,0.24,592.29,0,-6126.46,0,-11.9200000000001
Aug 2086,275.42,4.1,108.61,76.05,28.2,20.26,21.51,4.28,2.1,0,7.37,0,269.22,21.34,25.17,0.21,315.95,0,-6128.67,0,-2.21000000000004
Sep 2086,793.44,11.82,64.63,59.21,8.41,8.25,12.11,1.28,6.04,0,4.39,0,775.57,12.7,10.98,0.16,799.42,0,-6136.64,0,-7.97000000000025
Oct 2086,9.05,0.13,14.1,11.25,10.51,11.25,19.48,2.03,0.07,0,0.96,0,8.85,2.77,16.71,0.12,28.45,0,-6137.2,0,-0.559999999999491
Nov 2086,63.83,0.95,0.21,4.93,1.11,4.93,12.74,0.45,0.49,0,0.01,0,62.39,0.04,8.46,0.05,70.94,0,-6153.76,0,-16.5600000000004
Dec 2086,63.76,0.95,0.13,4.2,0.01,3.17,8.13,0.0,0.49,0,0.01,0,62.32,0.03,4.97,0.0,67.32,0,-6165.6,0,-11.8400000000001
Jan 2087,3.65,0.05,7.1,8.32,0.3,3.35,8.28,0.05,0.03,0,0.48,0,3.57,1.4,5.18,0.0,10.15,0,-6173.23,0,-7.6299999999992005
Feb 2087,43.06,0.64,27.79,17.83,16.31,13.06,15.89,2.48,0.33,0,1.89,0,42.09,5.46,16.67,0.08,64.3,0,-6180.95,0,-7.72000000000025
Mar 2087,8.34,0.12,108.09,74.36,21.47,16.19,18.35,3.26,0.06,0,7.34,0,8.15,21.24,20.37,0.12,49.88,0,-6192.24,0,-11.29
Apr 2087,1.07,0.02,88.47,56.63,29.56,21.1,22.19,4.49,0.01,0,6.01,0,1.04,17.38,26.17,0.2,44.79,0,-6200.04,0,-7.80000000000018
May 2087,71.65,1.07,101.32,66.38,31.51,22.28,23.13,4.78,0.55,0,6.88,0,70.03,19.91,27.57,0.22,117.74,0,-6211.93,0,-11.8900000000003
Jun 2087,135.52,2.02,128.96,86.56,34.3,23.98,24.46,5.2,1.03,0,8.76,0,132.47,25.34,29.58,0.25,187.63,0,-6223.08,0,-11.149999999999599
Jul 2087,262.0,3.9,137.24,95.29,32.39,22.82,23.55,4.91,2.0,0,9.32,0,256.1,26.96,28.21,0.25,311.52,0,-6232.79,0,-9.71000000000004
Aug 2087,868.1,12.93,115.72,96.08,13.09,11.12,14.39,1.99,6.61,0,7.86,0,848.56,22.74,14.37,0.21,885.87,0,-6240.37,0,-7.57999999999993
Sep 2087,1174.66,17.5,72.67,73.06,2.73,4.83,9.47,0.42,8.95,0,4.93,0,1148.22,14.28,6.94,0.15,1169.59,0,-6238.5,0,1.86999999999989
Oct 2087,188.6,2.81,16.23,12.49,14.75,12.49,16.55,2.33,1.44,0,1.1,0,184.35,3.19,16.47,0.12,204.13,0,-6233.82,0,4.68000000000029
Nov 2087,30.3,0.45,0.13,3.59,0.55,3.59,8.69,0.1,0.23,0,0.01,0,29.62,0.03,5.55,0.01,35.2,0,-6245.62,0,-11.8000000000002
Dec 2087,60.83,0.91,0.24,4.27,0.01,3.19,8.19,0.0,0.46,0,0.02,0,59.46,0.05,5.0,0.0,64.51,0,-6253.97,0,-8.35000000000036
Jan 2088,223.69,3.33,9.13,13.23,0.01,3.19,8.19,0.0,1.7,0,0.62,0,218.65,1.79,5.01,0.0,225.45,0,-6261.68,0,-7.710000000000041
Feb 2088,70.39,1.05,28.0,24.82,0.02,3.2,8.21,0.01,0.54,0,1.9,0,68.8,5.5,5.02,0.0,79.32,0,-6267.54,0,-5.85999999999967
Mar 2088,87.91,1.31,108.37,77.3,17.59,13.86,16.56,2.67,0.67,0,7.36,0,85.93,21.29,17.62,0.11,124.96,0,-6273.31,0,-5.77000000000044
Apr 2088,9.78,0.15,88.31,57.83,26.62,19.34,20.85,4.04,0.07,0,6.0,0,9.56,17.35,24.1,0.17,51.18,0,-6279.28,0,-5.969999999999349
May 2088,5.54,0.08,100.15,63.87,33.24,23.36,24.01,5.04,0.04,0,6.8,0,5.41,19.68,28.85,0.22,54.16,0,-6290.19,0,-10.9099999999999
Jun 2088,90.43,1.35,128.9,85.31,35.73,24.87,25.19,5.42,0.69,0,8.75,0,88.39,25.33,30.63,0.25,144.6,0,-6302.53,0,-12.3400000000001
Jul 2088,351.74,5.24,138.26,98.61,29.32,20.98,22.15,4.45,2.68,0,9.39,0,343.82,27.16,26.04,0.24,397.27,0,-6313.12,0,-10.5900000000001
Aug 2088,624.39,9.3,113.66,89.05,17.96,14.1,16.76,2.73,4.76,0,7.72,0,610.33,22.33,17.9,0.21,650.77,0,-6319.0,0,-5.880000000000111
Sep 2088,429.04,6.39,63.26,49.15,17.73,13.96,16.65,2.69,3.27,0,4.3,0,419.39,12.43,17.74,0.17,449.72,0,-6320.76,0,-1.7600000000002198
Oct 2088,441.51,6.58,19.58,19.96,10.72,9.71,13.33,1.63,3.36,0,1.33,0,431.57,3.85,12.71,0.12,448.25,0,-6327.33,0,-6.569999999999711
Nov 2088,31.71,0.47,0.13,3.61,0.57,3.61,8.73,0.1,0.24,0,0.01,0,31.0,0.03,5.58,0.01,36.6,0,-6334.46,0,-7.130000000000111
Dec 2088,61.19,0.91,0.25,4.3,0.01,3.22,8.25,0.0,0.47,0,0.02,0,59.81,0.05,5.03,0.0,64.89,0,-6342.83,0,-8.369999999999889
Jan 2089,138.76,2.07,8.15,11.13,0.35,3.42,8.41,0.06,1.06,0,0.55,0,135.64,1.6,5.28,0.0,142.53,0,-6350.59,0,-7.760000000000219
Feb 2089,77.75,1.16,28.23,18.99,15.63,12.69,15.68,2.37,0.59,0,1.92,0,76.0,5.55,16.24,0.09,97.87,0,-6357.34,0,-6.75
Mar 2089,16.19,0.24,108.36,74.91,20.98,15.94,18.23,3.18,0.12,0,7.36,0,15.83,21.29,20.08,0.12,57.32,0,-6368.22,0,-10.8800000000001
Apr 2089,85.58,1.27,89.84,61.32,23.54,17.49,19.45,3.57,0.65,0,6.1,0,83.66,17.65,21.92,0.16,123.39,0,-6375.91,0,-7.6899999999996
May 2089,18.69,0.28,100.57,64.34,33.4,23.48,24.14,5.07,0.14,0,6.83,0,18.27,19.76,29.0,0.23,67.25,0,-6385.19,0,-9.279999999999749
Jun 2089,107.32,1.6,129.26,85.96,35.44,24.72,25.11,5.38,0.82,0,8.78,0,104.9,25.4,30.46,0.26,161.01,0,-6397.52,0,-12.330000000000801
Jul 2089,348.78,5.2,90.87,63.64,29.55,21.15,22.32,4.48,2.66,0,6.17,0,340.93,17.85,26.24,0.25,385.27,0,-6407.92,0,-10.399999999999599
Aug 2089,734.1,10.93,85.94,71.38,15.26,12.48,15.53,2.32,5.59,0,5.84,0,717.57,16.89,15.99,0.2,750.66,0,-6417.17,0,-9.25
Sep 2089,578.91,8.62,48.24,42.53,12.23,10.65,14.1,1.86,4.41,0,3.28,0,565.87,9.48,13.82,0.16,589.33,0,-6419.16,0,-1.9899999999997802
Oct 2089,153.42,2.29,16.54,12.69,14.45,12.69,17.71,2.37,1.17,0,1.12,0,149.96,3.25,17.11,0.13,170.45,0,-6423.87,0,-4.71000000000004
Nov 2089,312.59,4.66,3.42,8.51,4.82,6.16,10.59,0.73,2.38,0,0.23,0,305.56,0.67,8.52,0.05,314.79,0,-6437.05,0,-13.1800000000003
Dec 2089,1.53,0.02,0.13,3.35,0.01,3.24,8.3,0.0,0.01,0,0.01,0,1.5,0.03,5.07,0.0,6.59,0,-6444.34,0,-7.289999999999959
Jan 2090,17.19,0.26,6.88,8.55,0.01,3.24,8.31,0.0,0.13,0,0.47,0,16.8,1.35,5.07,0.0,23.22,0,-6452.62,0,-8.279999999999749
Feb 2090,3.5,0.05,27.64,22.91,1.8,4.33,9.16,0.28,0.03,0,1.88,0,3.42,5.43,6.36,0.01,15.22,0,-6460.32,0,-7.69999999999982
Mar 2090,12.38,0.18,108.25,73.99,23.04,17.22,19.26,3.5,0.09,0,7.35,0,12.1,21.27,21.59,0.14,55.1,0,-6467.32,0,-7.0
Apr 2090,0.44,0.01,88.7,57.43,28.14,20.31,21.69,4.27,0.0,0,6.02,0,0.43,17.43,25.25,0.18,43.29,0,-6475.78,0,-8.46000000000004
May 2090,44.48,0.66,101.37,65.37,33.31,23.45,24.15,5.05,0.34,0,6.88,0,43.47,19.92,28.96,0.23,92.58,0,-6487.36,0,-11.5799999999999
Jun 2090,64.93,0.97,29.75,18.93,22.85,18.93,25.94,3.92,0.49,0,2.02,0,63.47,5.85,25.94,0.26,95.51,0,-6499.46,0,-12.100000000000401
Jul 2090,440.12,6.56,46.5,33.34,27.11,19.69,21.22,4.11,3.35,0,3.16,0,430.22,9.14,24.52,0.25,464.12,0,-6519.22,0,-19.7600000000002
Aug 2090,261.4,3.89,51.3,33.16,29.79,21.32,22.5,4.52,1.99,0,3.48,0,255.52,10.08,26.45,0.22,292.27,0,-6530.06,0,-10.8400000000001
Sep 2090,459.36,6.84,47.12,38.14,16.83,13.46,16.34,2.55,3.5,0,3.2,0,449.02,9.26,17.15,0.17,475.6,0,-6542.79,0,-12.729999999999599
Oct 2090,672.33,10.01,23.74,28.24,6.35,7.11,11.37,0.97,5.12,0,1.61,0,657.19,4.66,9.64,0.13,671.63,0,-6550.04,0,-7.25
Nov 2090,29.57,0.44,0.13,3.66,0.54,3.66,8.9,0.11,0.23,0,0.01,0,28.9,0.03,5.67,0.01,34.6,0,-6553.84,0,-3.80000000000018
Dec 2090,97.63,1.45,0.77,5.28,0.01,3.27,8.36,0.0,0.74,0,0.05,0,95.43,0.15,5.1,0.0,100.68,0,-6562.4,0,-8.559999999999489
Jan 2091,3.89,0.06,7.21,8.62,0.01,3.27,8.37,0.0,0.03,0,0.49,0,3.81,1.42,5.1,0.0,10.33,0,-6569.96,0,-7.5600000000004
Feb 2091,57.76,0.86,28.2,23.36,3.84,5.6,10.19,0.59,0.44,0,1.91,0,56.46,5.54,7.86,0.02,69.88,0,-6577.8,0,-7.84000000000015
Mar 2091,24.63,0.37,108.15,74.83,21.25,16.15,18.47,3.22,0.19,0,7.34,0,24.08,21.25,20.34,0.13,65.79,0,-6585.08,0,-7.27999999999975
Apr 2091,40.82,0.61,89.46,59.62,25.58,18.78,20.53,3.88,0.31,0,6.07,0,39.9,17.58,23.45,0.17,81.09,0,-6592.92,0,-7.84000000000015
May 2091,9.05,0.13,92.26,58.01,33.71,23.71,24.4,5.11,0.07,0,6.26,0,8.84,18.13,29.28,0.23,56.47,0,-6603.35,0,-10.4300000000003
Jun 2091,239.78,3.57,38.11,22.79,30.73,21.91,22.99,4.66,1.83,0,2.59,0,234.38,7.49,27.15,0.25,269.27,0,-6616.53,0,-13.179999999999401
Jul 2091,642.06,9.56,40.25,34.44,20.34,15.61,18.06,3.09,4.89,0,2.73,0,627.6,7.91,19.7,0.23,655.45,0,-6630.69,0,-14.1599999999999
Aug 2091,579.63,8.63,59.69,48.44,18.74,14.64,17.3,2.85,4.42,0,4.05,0,566.58,11.73,18.56,0.2,597.07,0,-6638.27,0,-7.58000000000084
Sep 2091,486.6,7.25,49.15,40.53,15.64,12.77,15.83,2.38,3.71,0,3.34,0,475.65,9.66,16.33,0.16,501.8,0,-6644.47,0,-6.19999999999982
Oct 2091,216.23,3.22,17.79,13.41,16.31,13.41,17.04,2.54,1.65,0,1.21,0,211.36,3.5,17.4,0.13,232.39,0,-6651.05,0,-6.57999999999993
Nov 2091,164.9,2.46,1.16,6.34,0.63,3.67,8.71,0.1,1.26,0,0.08,0,161.18,0.23,5.58,0.01,167.0,0,-6662.82,0,-11.769999999999499
Dec 2091,130.98,1.95,0.63,5.7,0.01,3.29,8.42,0.0,1.0,0,0.04,0,128.03,0.12,5.13,0.0,133.29,0,-6670.1,0,-7.280000000000651
Jan 2092,40.59,0.6,7.44,9.36,0.01,3.29,8.43,0.0,0.31,0,0.51,0,39.68,1.46,5.14,0.0,46.28,0,-6677.48,0,-7.3799999999992005
Feb 2092,64.01,0.95,28.02,23.77,2.75,4.96,9.73,0.42,0.49,0,1.9,0,62.57,5.51,7.1,0.02,75.19,0,-6685.08,0,-7.60000000000036
Mar 2092,99.68,1.48,109.0,77.7,18.44,14.48,17.19,2.8,0.76,0,7.4,0,97.43,21.41,18.36,0.12,137.33,0,-6692.02,0,-6.94000000000051
Apr 2092,35.87,0.53,89.12,59.11,26.11,19.13,20.84,3.96,0.27,0,6.05,0,35.06,17.51,23.86,0.17,76.6,0,-6698.38,0,-6.35999999999967
May 2092,6.74,0.1,100.56,63.75,34.62,24.29,24.89,5.25,0.05,0,6.83,0,6.59,19.76,29.96,0.23,56.54,0,-6709.11,0,-10.729999999999599
Jun 2092,129.29,1.93,125.39,83.58,35.27,24.69,25.21,5.35,0.98,0,8.51,0,126.38,24.63,30.44,0.26,181.71,0,-6722.1,0,-12.990000000000698
Jul 2092,456.52,6.8,53.47,39.27,25.84,18.97,20.73,3.92,3.48,0,3.63,0,446.24,10.51,23.67,0.24,480.66,0,-6732.72,0,-10.6199999999999
Aug 2092,471.28,7.02,58.06,44.25,22.3,16.83,19.05,3.39,3.59,0,3.94,0,460.67,11.41,21.14,0.21,493.43,0,-6742.66,0,-9.9399999999996
Sep 2092,245.46,3.66,43.45,29.7,23.43,17.52,19.59,3.56,1.87,0,2.95,0,239.93,8.54,21.95,0.17,270.59,0,-6751.0,0,-8.34000000000015
Oct 2092,409.44,6.1,20.91,20.01,12.15,10.67,14.24,1.85,3.12,0,1.42,0,400.22,4.11,13.87,0.12,418.32,0,-6762.39,0,-11.3900000000003
Nov 2092,109.16,1.63,0.64,5.03,2.1,5.03,11.13,0.43,0.83,0,0.04,0,106.71,0.13,7.76,0.03,114.63,0,-6770.37,0,-7.97999999999956
Dec 2092,15.71,0.23,0.13,3.64,0.01,3.32,8.48,0.0,0.12,0,0.01,0,15.36,0.03,5.17,0.0,20.55,0,-6780.22,0,-9.850000000000358
Jan 2093,46.8,0.7,7.33,9.4,0.01,3.32,8.48,0.01,0.36,0,0.5,0,45.75,1.44,5.17,0.0,52.36,0,-6788.57,0,-8.34999999999945
Feb 2093,73.73,1.1,28.27,19.42,14.73,12.25,15.49,2.24,0.56,0,1.92,0,72.07,5.56,15.73,0.08,93.44,0,-6796.19,0,-7.619999999999889
Mar 2093,79.49,1.18,108.95,76.68,20.27,15.61,18.12,3.08,0.61,0,7.4,0,77.71,21.41,19.7,0.13,118.95,0,-6807.04,0,-10.850000000000401
Apr 2093,9.83,0.15,88.7,58.39,26.24,19.23,20.96,3.98,0.07,0,6.02,0,9.61,17.43,23.99,0.17,51.19,0,-6814.21,0,-7.17000000000007
May 2093,0.73,0.01,100.37,64.01,33.42,23.59,24.38,5.07,0.01,0,6.81,0,0.72,19.72,29.14,0.22,49.8,0,-6825.27,0,-11.0600000000004
Jun 2093,78.49,1.17,103.21,66.01,36.63,25.54,25.91,5.56,0.6,0,7.01,0,76.72,20.28,31.44,0.26,128.7,0,-6837.98,0,-12.709999999999098
Jul 2093,727.1,10.83,58.07,49.52,18.68,14.66,17.39,2.84,5.54,0,3.94,0,710.73,11.41,18.58,0.23,740.94,0,-6850.98,0,-13.0
Aug 2093,603.87,9.0,83.65,66.4,18.95,14.82,17.52,2.88,4.6,0,5.68,0,590.27,16.43,18.77,0.21,625.69,0,-6856.28,0,-5.300000000000179
Sep 2093,480.26,7.15,50.17,41.09,16.0,13.04,16.12,2.43,3.66,0,3.41,0,469.45,9.86,16.66,0.17,496.13,0,-6860.86,0,-4.57999999999993
Oct 2093,162.51,2.42,17.21,13.14,15.08,13.14,18.13,2.45,1.24,0,1.17,0,158.85,3.38,17.62,0.13,179.98,0,-6867.65,0,-6.789999999999959
Nov 2093,153.64,2.29,0.96,5.67,2.99,5.67,11.87,0.59,1.17,0,0.07,0,150.18,0.19,8.61,0.05,159.02,0,-6881.05,0,-13.400000000000501
Dec 2093,23.05,0.34,0.13,3.77,0.01,3.34,8.54,0.0,0.18,0,0.01,0,22.54,0.03,5.2,0.0,27.76,0,-6891.14,0,-10.0900000000001
Jan 2094,0.96,0.01,7.08,8.55,0.01,3.34,8.54,0.0,0.01,0,0.48,0,0.94,1.39,5.2,0.0,7.53,0,-6899.49,0,-8.34999999999945
Feb 2094,74.85,1.11,27.77,23.0,4.79,6.25,10.82,0.73,0.57,0,1.89,0,73.16,5.46,8.64,0.03,87.29,0,-6907.54,0,-8.05000000000018
Mar 2094,2.14,0.03,107.78,73.25,23.91,17.85,19.91,3.63,0.02,0,7.32,0,2.09,21.17,22.35,0.14,45.76,0,-6915.21,0,-7.67000000000007
Apr 2094,2.73,0.04,87.16,56.44,28.13,20.41,21.92,4.27,0.02,0,5.92,0,2.67,17.12,25.38,0.18,45.35,0,-6924.3,0,-9.09000000000015
May 2094,0.61,0.01,99.87,63.29,34.4,24.21,24.91,5.22,0.0,0,6.78,0,0.59,19.62,29.88,0.23,50.32,0,-6936.2,0,-11.899999999999599
Jun 2094,24.48,0.36,128.41,82.46,39.92,27.56,27.53,6.06,0.19,0,8.72,0,23.93,25.23,33.84,0.28,83.27,0,-6949.33,0,-13.1300000000001
Jul 2094,138.05,2.06,82.16,51.43,36.63,25.57,25.98,5.56,1.05,0,5.58,0,134.94,16.14,31.48,0.25,182.82,0,-6962.18,0,-12.850000000000401
Aug 2094,421.12,6.27,69.71,51.35,24.3,18.09,20.12,3.69,3.21,0,4.73,0,411.64,13.7,22.64,0.22,448.2,0,-6976.22,0,-14.04
Sep 2094,318.67,4.75,45.61,33.2,21.48,16.38,18.78,3.26,2.43,0,3.1,0,311.49,8.96,20.62,0.17,341.25,0,-6984.93,0,-8.71000000000004
Oct 2094,188.92,2.81,16.87,13.06,15.22,13.06,17.57,2.43,1.44,0,1.15,0,184.67,3.31,17.3,0.13,205.41,0,-6995.1,0,-10.1700000000001
Nov 2094,10.6,0.16,0.32,5.85,0.39,5.85,17.12,0.63,0.08,0,0.02,0,10.36,0.06,11.04,0.09,21.55,0,-7007.78,0,-12.679999999999401
Dec 2094,325.3,4.85,4.09,11.21,0.01,3.37,8.6,0.0,2.48,0,0.28,0,317.97,0.8,5.23,0.0,324.01,0,-7024.26,0,-16.4800000000005
Jan 2095,237.49,3.54,8.88,13.41,0.06,3.4,8.63,0.01,1.81,0,0.6,0,232.14,1.74,5.27,0.0,239.16,0,-7030.1,0,-5.84000000000015
Feb 2095,97.49,1.45,28.35,20.23,13.83,11.75,15.17,2.1,0.74,0,1.92,0,95.29,5.57,15.15,0.08,116.09,0,-7036.31,0,-6.210000000000041
Mar 2095,19.91,0.3,108.25,75.6,19.56,15.23,17.9,2.97,0.15,0,7.35,0,19.47,21.27,19.26,0.11,60.11,0,-7046.79,0,-10.479999999999599
Apr 2095,42.9,0.64,88.67,59.3,25.26,18.69,20.62,3.83,0.33,0,6.02,0,41.93,17.42,23.35,0.17,82.87,0,-7054.33,0,-7.539999999999959
May 2095,89.9,1.34,101.12,67.07,30.58,21.92,23.15,4.64,0.68,0,6.87,0,87.87,19.87,27.17,0.22,135.13,0,-7064.94,0,-10.6099999999997
Jun 2095,40.4,0.6,128.18,83.25,38.16,26.52,26.76,5.79,0.31,0,8.7,0,39.49,25.18,32.61,0.26,97.54,0,-7076.12,0,-11.1800000000003
Jul 2095,649.86,9.68,141.36,109.22,19.88,15.44,18.08,3.02,4.95,0,9.6,0,635.23,27.77,19.51,0.23,682.73,0,-7088.34,0,-12.2200000000003
Aug 2095,463.31,6.9,111.91,83.75,22.52,17.04,19.33,3.42,3.53,0,7.6,0,452.88,21.99,21.4,0.21,496.47,0,-7089.08,0,-0.7399999999997819
Sep 2095,315.08,4.69,49.87,36.48,21.03,16.14,18.63,3.19,2.4,0,3.39,0,307.99,9.8,20.34,0.17,338.29,0,-7094.08,0,-5.0
Oct 2095,730.78,10.89,24.16,29.84,5.6,6.78,11.31,0.85,5.57,0,1.64,0,714.33,4.75,9.28,0.13,728.48,0,-7103.9,0,-9.81999999999971
Nov 2095,88.07,1.31,0.22,4.9,1.47,4.9,11.66,0.38,0.67,0,0.01,0,86.09,0.04,7.85,0.04,94.01,0,-7107.28,0,-3.3800000000001096
Dec 2095,110.71,1.65,0.3,5.25,0.01,3.39,8.66,0.0,0.84,0,0.02,0,108.22,0.06,5.27,0.0,113.55,0,-7117.91,0,-10.6300000000001
Jan 2096,109.75,1.63,7.3,10.39,0.01,3.4,8.66,0.0,0.84,0,0.5,0,107.28,1.43,5.27,0.0,113.99,0,-7125.7,0,-7.789999999999959
Feb 2096,117.4,1.75,28.12,25.82,0.03,3.41,8.68,0.01,0.89,0,1.91,0,114.76,5.53,5.29,0.0,125.57,0,-7133.03,0,-7.32999999999993
Mar 2096,127.28,1.9,108.35,78.52,16.47,13.39,16.5,2.5,0.97,0,7.36,0,124.41,21.29,17.08,0.11,162.9,0,-7138.9,0,-5.869999999999889
Apr 2096,63.54,0.95,87.21,58.92,24.34,18.16,20.24,3.69,0.48,0,5.92,0,62.11,17.13,22.73,0.17,102.14,0,-7144.68,0,-5.780000000000651
May 2096,9.36,0.14,98.86,63.47,32.51,23.12,24.13,4.93,0.07,0,6.71,0,9.15,19.42,28.59,0.21,57.38,0,-7154.99,0,-10.309999999999501
Jun 2096,19.77,0.29,125.55,81.04,38.16,26.54,26.82,5.79,0.15,0,8.52,0,19.33,24.67,32.64,0.26,76.9,0,-7167.61,0,-12.6199999999999
Jul 2096,683.24,10.18,136.99,106.71,19.42,15.18,17.92,2.95,5.2,0,9.3,0,667.86,26.91,19.21,0.23,714.22,0,-7180.22,0,-12.610000000000598
Aug 2096,587.93,8.76,108.98,84.86,18.98,14.92,17.71,2.88,4.48,0,7.4,0,574.69,21.41,18.9,0.21,615.2,0,-7180.92,0,-0.6999999999998181
Sep 2096,328.53,4.89,59.7,44.21,20.36,15.75,18.37,3.09,2.5,0,4.05,0,321.13,11.73,19.89,0.17,352.92,0,-7184.08,0,-3.1599999999998505
Oct 2096,56.22,0.84,14.73,11.89,11.68,11.89,19.43,2.12,0.43,0,1.0,0,54.95,2.89,17.1,0.12,75.07,0,-7192.98,0,-8.899999999999642
Nov 2096,329.19,4.9,1.12,7.99,2.93,5.19,10.1,0.45,2.51,0,0.08,0,321.78,0.22,7.4,0.04,329.44,0,-7208.98,0,-16.0
Dec 2096,160.92,2.4,0.14,5.91,0.01,3.42,8.72,0.0,1.23,0,0.01,0,157.3,0.03,5.3,0.0,162.63,0,-7216.09,0,-7.11000000000058
Jan 2097,68.78,1.02,15.69,15.98,0.01,3.42,8.72,0.0,0.52,0,1.07,0,67.23,3.08,5.31,0.0,75.62,0,-7223.57,0,-7.47999999999956
Feb 2097,0.64,0.01,48.56,38.27,2.23,4.77,9.78,0.34,0.0,0,3.3,0,0.62,9.54,6.9,0.01,17.07,0,-7230.7,0,-7.130000000000111
Mar 2097,14.8,0.22,108.07,74.27,22.54,17.09,19.44,3.42,0.11,0,7.34,0,14.47,21.23,21.47,0.14,57.31,0,-7236.85,0,-6.150000000000549
Apr 2097,0.0,0.0,87.25,56.9,27.21,19.92,21.66,4.13,0.0,0,5.92,0,0.0,17.14,24.82,0.17,42.13,0,-7245.56,0,-8.71000000000004
May 2097,0.58,0.01,98.97,62.91,33.88,23.97,24.84,5.14,0.0,0,6.72,0,0.57,19.44,29.6,0.23,49.84,0,-7257.34,0,-11.7799999999997
Jun 2097,75.32,1.12,127.34,83.68,36.95,25.84,26.3,5.61,0.57,0,8.65,0,73.62,25.02,31.81,0.26,130.71,0,-7270.54,0,-13.1999999999998
Jul 2097,286.32,4.26,135.05,94.51,31.86,22.75,23.89,4.83,2.18,0,9.17,0,279.88,26.53,28.16,0.25,334.82,0,-7282.28,0,-11.7399999999998
Aug 2097,523.85,7.8,108.3,82.73,20.77,16.03,18.63,3.15,3.99,0,7.35,0,512.05,21.28,20.21,0.21,553.75,0,-7290.24,0,-7.960000000000041
Sep 2097,993.82,14.8,71.41,68.51,5.72,6.91,11.48,0.87,7.57,0,4.85,0,971.45,14.03,9.43,0.16,995.07,0,-7294.58,0,-4.34000000000015
Oct 2097,172.19,2.56,15.83,12.75,14.21,12.75,18.11,2.33,1.31,0,1.07,0,168.31,3.11,17.24,0.13,188.79,0,-7292.93,0,1.64999999999964
Nov 2097,261.0,3.89,0.18,6.31,4.02,6.31,12.28,0.72,1.99,0,0.01,0,255.12,0.04,9.27,0.06,264.49,0,-7306.46,0,-13.5299999999997
Dec 2097,562.16,8.37,71.43,64.35,0.01,3.45,8.78,0.0,4.28,0,4.85,0,549.5,14.03,5.34,0.0,568.87,0,-7316.08,0,-9.61999999999989
Jan 2098,67.19,1.0,47.34,39.26,0.01,3.45,8.79,0.0,0.51,0,3.21,0,65.67,9.3,5.34,0.0,80.31,0,-7315.72,0,0.35999999999967297
Feb 2098,93.99,1.4,72.79,57.63,1.92,4.61,9.7,0.3,0.72,0,4.94,0,91.87,14.3,6.72,0.01,112.9,0,-7320.78,0,-5.059999999999491
Mar 2098,80.63,1.2,108.45,76.79,19.41,15.22,18.01,2.95,0.61,0,7.36,0,78.82,21.31,19.26,0.13,119.51,0,-7324.54,0,-3.76000000000022
Apr 2098,0.54,0.01,94.13,62.02,27.15,19.92,21.7,4.12,0.0,0,6.39,0,0.53,18.49,24.81,0.17,44.01,0,-7331.75,0,-7.210000000000041
May 2098,35.9,0.53,136.69,91.66,32.72,23.3,24.35,4.97,0.27,0,9.28,0,35.09,26.86,28.81,0.22,90.98,0,-7343.11,0,-11.3599999999997
Jun 2098,186.33,2.78,165.35,114.95,32.83,23.36,24.41,4.98,1.42,0,11.23,0,182.13,32.49,28.89,0.25,243.76,0,-7353.17,0,-10.0600000000004
Jul 2098,496.51,7.4,135.3,100.79,24.39,18.25,20.4,3.7,3.78,0,9.19,0,485.34,26.58,22.84,0.24,534.99,0,-7360.2,0,-7.02999999999975
Aug 2098,308.05,4.59,107.11,75.96,27.64,20.22,21.95,4.2,2.35,0,7.27,0,301.12,21.04,25.18,0.22,347.56,0,-7364.16,0,-3.96000000000004
Sep 2098,594.01,8.85,68.39,57.31,13.5,11.65,15.24,2.05,4.52,0,4.64,0,580.64,13.44,15.04,0.17,609.29,0,-7372.52,0,-8.36000000000058
Oct 2098,231.76,3.45,15.72,12.93,15.02,12.93,17.29,2.37,1.77,0,1.07,0,226.54,3.09,17.01,0.13,246.76,0,-7376.71,0,-4.1899999999996
Nov 2098,13.42,0.2,0.18,4.5,0.33,4.5,12.07,0.26,0.1,0,0.01,0,13.12,0.03,7.64,0.03,20.83,0,-7388.92,0,-12.21
Dec 2098,75.05,1.12,47.26,39.35,0.01,3.47,8.84,0.0,0.57,0,3.21,0,73.36,9.29,5.37,0.0,88.02,0,-7400.64,0,-11.7200000000003
Jan 2099,102.46,1.53,40.34,34.66,0.01,3.47,8.85,0.0,0.78,0,2.74,0,100.15,7.92,5.38,0.0,113.46,0,-7405.7,0,-5.059999999999491
Feb 2099,118.88,1.77,61.79,49.84,2.17,4.79,9.88,0.33,0.91,0,4.2,0,116.2,12.14,6.93,0.02,135.29,0,-7411.02,0,-5.32000000000062
Mar 2099,51.33,0.76,108.14,75.14,21.97,16.8,19.29,3.33,0.39,0,7.34,0,50.18,21.25,21.13,0.14,92.69,0,-7415.49,0,-4.46999999999935
Apr 2099,5.7,0.08,88.49,57.77,27.67,20.26,22.01,4.2,0.04,0,6.01,0,5.57,17.39,25.22,0.18,48.36,0,-7423.85,0,-8.36000000000058
May 2099,9.78,0.15,101.09,64.78,33.58,23.84,24.82,5.09,0.07,0,6.86,0,9.56,19.86,29.46,0.23,59.11,0,-7435.79,0,-11.9399999999996
Jun 2099,140.47,2.09,129.06,86.84,34.74,24.55,25.38,5.27,1.07,0,8.76,0,137.31,25.36,30.3,0.26,193.22,0,-7448.8,0,-13.0100000000002
Jul 2099,651.34,9.7,137.67,106.57,20.05,15.64,18.4,3.04,4.96,0,9.35,0,636.67,27.05,19.76,0.23,683.71,0,-7459.33,0,-10.5299999999997
Aug 2099,677.85,10.1,110.45,88.27,16.68,13.6,16.8,2.53,5.16,0,7.5,0,662.59,21.7,17.35,0.21,701.84,0,-7460.61,0,-1.27999999999975
Sep 2099,744.95,11.1,71.38,63.25,9.78,9.42,13.53,1.49,5.67,0,4.85,0,728.18,14.02,12.41,0.17,754.77,0,-7462.43,0,-1.8200000000006202
Oct 2099,789.54,11.76,19.7,27.99,4.45,6.19,11.01,0.68,6.01,0,1.34,0,771.76,3.87,8.59,0.14,784.36,0,-7464.11,0,-1.6799999999993798
Nov 2099,39.34,0.59,0.15,4.19,0.7,4.19,10.23,0.18,0.3,0,0.01,0,38.46,0.03,6.56,0.01,45.06,0,-7467.23,0,-3.1199999999998904
Dec 2099,29.34,0.44,0.14,4.03,0.01,3.5,8.9,0.0,0.22,0,0.01,0,28.68,0.03,5.41,0.0,34.12,0,-7476.98,0,-9.75
