date,Precipitation,Runoff,SW_In,SW_Out,SW_Diversions,SW_Returns,GW_Diversions,GW_Returns,Recharge,GW_In,SW_to_GW,GW_Out,ET_Land_Surface,ET_SW,ET_Human_Use,ET_GW,ET_Total,Cumulative_Storage_Change_Human_Use,Cumulative_Storage_Change_GW,Monthly_Storage_Change_Human_Use,Monthly_Storage_Change_GW
Jan 2016,156.02,6.26,32.88,139.34,5.54,109.08,0.18,0.03,6.7,0,3.17,0,143.06,0.18,4.53,0.0,147.77,1396.75,9807.48,0.0,0.0
Feb 2016,71.17,2.85,36.56,59.16,5.54,29.0,0.18,0.03,3.06,0,3.52,0,65.26,0.2,4.53,0.0,69.99,1288.82,9817.2,-107.93,9.72000000000116
Mar 2016,205.38,8.24,46.36,48.15,5.54,3.8,0.18,0.03,8.82,0,4.46,0,188.32,0.25,4.53,0.0,193.1,1260.98,9823.62,-27.8399999999999,6.42000000000007
Apr 2016,54.32,2.18,92.85,47.24,39.7,1.35,0.18,0.03,2.33,0,8.94,0,49.81,0.5,4.78,1.71,56.8,1258.34,9836.75,-2.6400000000001,13.1299999999992
May 2016,105.77,4.24,390.8,274.7,88.49,7.88,0.18,0.03,4.54,0,37.63,0,96.98,2.1,13.41,11.74,124.24,1292.07,9846.17,33.73,9.420000000000071
Jun 2016,17.15,0.69,280.28,169.66,97.66,14.85,0.18,0.03,0.74,0,26.99,0,15.73,1.51,22.63,15.55,55.42,1359.42,9876.45,67.35000000000011,30.2800000000007
Jul 2016,419.92,16.84,90.91,66.86,47.91,16.26,0.18,0.03,18.03,0,8.75,0,385.04,0.49,24.5,16.27,426.31,1419.75,9888.47,60.32999999999989,12.0199999999986
Aug 2016,461.5,18.51,65.53,86.62,33.17,42.41,0.18,0.03,19.82,0,6.31,0,423.18,0.35,20.26,13.82,457.61,1427.05,9898.83,7.29999999999995,10.3600000000006
Sep 2016,494.49,19.83,66.82,89.97,21.4,31.51,0.18,0.03,21.23,0,6.43,0,453.42,0.36,13.56,10.64,477.98,1397.7,9910.99,-29.3499999999999,12.1599999999999
Oct 2016,251.35,10.08,58.07,68.81,6.82,13.38,0.18,0.03,10.79,0,5.59,0,230.48,0.31,5.26,3.24,239.28,1374.18,9927.86,-23.52,16.8700000000008
Nov 2016,534.5,21.44,47.1,68.48,5.54,10.27,0.18,0.03,22.95,0,4.54,0,490.11,0.25,4.53,0.0,494.9,1362.51,9940.86,-11.6700000000001,13.0
Dec 2016,81.82,3.28,42.45,97.09,5.55,61.22,0.18,0.03,3.51,0,4.09,0,75.03,0.23,4.53,0.0,79.79,1353.41,9968.2,-9.09999999999991,27.3400000000001
Jan 2017,365.64,14.66,40.05,50.78,5.55,5.68,0.18,0.03,15.7,0,3.86,0,335.28,0.22,4.54,0.0,340.03,1293.35,9975.65,-60.0600000000002,7.44999999999891
Feb 2017,150.27,6.03,50.58,74.92,5.55,29.0,0.18,0.03,6.45,0,4.87,0,137.79,0.27,4.54,0.0,142.6,1288.82,9995.05,-4.529999999999969,19.3999999999996
Mar 2017,292.48,11.73,87.48,88.57,5.55,3.81,0.18,0.03,12.56,0,8.42,0,268.19,0.47,4.54,0.0,273.2,1260.98,10006.22,-27.8399999999999,11.1700000000001
Apr 2017,165.89,6.65,167.41,118.93,39.29,1.17,0.19,0.03,7.12,0,16.12,0,152.11,0.9,4.54,0.83,158.39,1258.34,10027.05,-2.6400000000001,20.8299999999999
May 2017,161.38,6.47,344.9,235.3,89.19,8.18,0.19,0.03,6.93,0,33.21,0,147.97,1.85,13.81,12.42,176.05,1292.07,10049.32,33.73,22.2700000000004
Jun 2017,65.14,2.61,321.8,210.0,95.7,14.0,0.19,0.03,2.8,0,30.99,0,59.73,1.73,21.51,15.02,97.99,1359.42,10076.89,67.35000000000011,27.5699999999997
Jul 2017,401.85,16.12,73.38,51.35,46.22,15.53,0.19,0.03,17.25,0,7.07,0,368.48,0.39,23.54,15.72,408.12,1419.75,10095.5,60.32999999999989,18.6100000000006
Aug 2017,444.56,17.83,43.68,65.33,34.88,43.14,0.19,0.03,19.09,0,4.21,0,407.64,0.23,21.24,14.19,443.31,1427.05,10103.95,7.29999999999995,8.450000000000731
Sep 2017,361.97,14.52,32.95,53.23,23.16,32.27,0.19,0.03,15.54,0,3.17,0,331.91,0.18,14.56,10.52,357.17,1397.7,10112.9,-29.3499999999999,8.94999999999891
Oct 2017,488.1,19.58,30.19,53.98,5.55,12.84,0.19,0.03,20.96,0,2.91,0,447.57,0.16,4.54,0.35,452.62,1374.18,10120.94,-23.52,8.04000000000087
Nov 2017,246.87,9.9,38.58,49.27,5.55,10.27,0.19,0.03,10.6,0,3.71,0,226.37,0.21,4.54,0.0,231.12,1362.51,10144.3,-11.6700000000001,23.359999999998802
Dec 2017,54.77,2.2,31.66,86.31,5.56,61.23,0.19,0.03,2.35,0,3.05,0,50.22,0.17,4.54,0.0,54.93,1353.41,10158.47,-9.09999999999991,14.1700000000001
Jan 2018,157.31,6.31,31.41,34.66,5.56,5.69,0.19,0.03,6.75,0,3.02,0,144.24,0.17,4.54,0.0,148.95,1293.35,10163.71,-60.0600000000002,5.23999999999978
Feb 2018,75.88,3.04,33.13,56.25,5.56,29.01,0.19,0.03,3.26,0,3.19,0,69.58,0.18,4.54,0.0,74.3,1288.82,10173.34,-4.529999999999969,9.630000000001019
Mar 2018,434.15,17.41,44.26,55.43,5.56,3.81,0.19,0.03,18.64,0,4.26,0,398.1,0.24,4.54,0.0,402.88,1260.98,10179.64,-27.8399999999999,6.299999999999269
Apr 2018,107.26,4.3,98.8,54.89,39.37,1.2,0.19,0.03,4.61,0,9.51,0,98.35,0.53,4.59,0.95,104.43,1258.34,10202.39,-2.6400000000001,22.75
May 2018,114.53,4.59,163.94,69.58,91.43,9.14,0.19,0.03,4.92,0,15.79,0,105.02,0.88,15.09,13.06,134.05,1292.07,10215.4,33.73,13.0100000000002
Jun 2018,89.25,3.58,93.29,14.79,84.05,11.45,0.19,0.03,3.83,0,8.98,0,81.84,0.5,17.66,14.98,114.98,1359.42,10222.9,67.35000000000011,7.5
Jul 2018,377.45,15.14,44.89,29.46,42.47,16.46,0.19,0.03,16.21,0,4.32,0,346.1,0.24,24.76,16.16,387.27,1414.51,10220.57,55.0899999999999,-2.3299999999999303
Aug 2018,123.76,4.96,39.81,34.48,40.81,34.56,0.19,0.03,5.31,0,3.83,0,113.48,0.21,24.61,14.17,152.48,1415.91,10224.79,1.40000000000009,4.22000000000116
Sep 2018,218.38,8.76,33.13,45.96,26.08,33.52,0.19,0.03,9.38,0,3.19,0,200.24,0.18,16.23,10.7,227.34,1397.7,10219.61,-18.21,-5.18000000000029
Oct 2018,307.37,12.33,39.62,53.91,7.83,13.82,0.19,0.03,13.2,0,3.81,0,281.84,0.21,5.84,4.51,292.4,1374.18,10221.33,-23.52,1.71999999999935
Nov 2018,199.64,8.01,39.62,48.31,5.56,10.28,0.19,0.03,8.57,0,3.81,0,183.06,0.21,4.55,0.0,187.82,1362.51,10233.68,-11.6700000000001,12.350000000000401
Dec 2018,118.99,4.77,35.09,91.96,5.57,61.23,0.19,0.03,5.11,0,3.38,0,109.11,0.19,4.55,0.0,113.85,1353.41,10245.91,-9.09999999999991,12.229999999999599
Jan 2019,146.86,5.89,33.8,36.38,5.57,5.69,0.19,0.03,6.31,0,3.25,0,134.67,0.18,4.55,0.0,139.39,1293.35,10254.25,-60.0600000000002,8.34000000000015
Feb 2019,433.05,17.37,36.13,73.27,5.57,29.01,0.19,0.03,18.59,0,3.48,0,397.09,0.19,4.55,0.0,401.83,1288.82,10263.65,-4.529999999999969,9.399999999999642
Mar 2019,87.59,3.51,61.8,57.28,5.57,3.82,0.19,0.03,3.76,0,5.95,0,80.31,0.33,4.55,0.0,85.19,1260.98,10285.57,-27.8399999999999,21.9200000000001
Apr 2019,187.55,7.52,166.62,119.05,39.35,1.19,0.19,0.03,8.05,0,16.04,0,171.98,0.9,4.58,1.17,178.62,1258.34,10295.13,-2.6400000000001,9.559999999999489
May 2019,55.36,2.22,229.68,127.36,89.51,8.32,0.19,0.03,2.38,0,22.12,0,50.77,1.23,13.99,11.84,77.83,1292.07,10317.9,33.73,22.7700000000004
Jun 2019,29.82,1.2,132.13,37.19,97.48,14.77,0.19,0.03,1.28,0,12.72,0,27.35,0.71,22.53,15.48,66.07,1359.42,10330.4,67.35000000000011,12.5
Jul 2019,387.58,15.54,42.93,30.09,41.22,17.2,0.19,0.03,16.64,0,4.13,0,355.4,0.23,24.85,16.26,396.73,1419.75,10328.76,60.32999999999989,-1.6399999999994201
Aug 2019,564.45,22.64,38.45,60.29,29.93,33.04,0.19,0.03,24.24,0,3.7,0,517.57,0.21,18.42,13.43,549.63,1419.08,10333.13,-0.670000000000073,4.3699999999989805
Sep 2019,499.89,20.05,32.7,60.22,20.19,30.99,0.19,0.03,21.46,0,3.15,0,458.37,0.18,12.88,10.28,481.7,1397.7,10347.49,-21.379999999999896,14.360000000000598
Oct 2019,526.5,21.12,29.83,55.18,5.57,12.85,0.19,0.03,22.61,0,2.87,0,482.78,0.16,4.55,0.37,487.87,1374.18,10361.67,-23.52,14.1800000000003
Nov 2019,178.66,7.17,37.6,45.65,5.58,10.28,0.19,0.03,7.67,0,3.62,0,163.82,0.2,4.55,0.0,168.57,1362.51,10386.62,-11.6700000000001,24.950000000000703
Dec 2019,125.27,5.02,30.62,88.19,5.58,61.24,0.19,0.03,5.38,0,2.95,0,114.87,0.16,4.55,0.0,119.59,1353.41,10397.76,-9.09999999999991,11.139999999999402
Jan 2020,62.21,2.5,30.44,29.97,5.58,5.7,0.19,0.03,2.67,0,2.93,0,57.04,0.16,4.55,0.0,61.76,1293.35,10405.93,-60.0600000000002,8.170000000000071
Feb 2020,500.74,20.08,31.16,71.52,5.58,29.02,0.19,0.03,21.5,0,3.0,0,459.15,0.17,4.55,0.0,463.87,1288.82,10411.38,-4.529999999999969,5.44999999999891
Mar 2020,216.39,8.68,39.92,42.78,5.58,3.82,0.19,0.03,9.29,0,3.84,0,198.42,0.21,4.55,0.0,203.19,1260.98,10435.72,-27.8399999999999,24.3400000000001
Apr 2020,46.15,1.85,140.22,89.69,39.31,1.18,0.19,0.03,1.98,0,13.5,0,42.31,0.75,4.55,0.0,47.63,1258.34,10448.7,-2.6400000000001,12.9800000000014
May 2020,177.5,7.12,280.03,179.04,86.8,7.15,0.19,0.03,7.62,0,26.96,0,162.76,1.5,12.45,11.45,188.17,1292.07,10464.03,33.73,15.3299999999999
Jun 2020,231.56,9.29,137.65,53.37,91.99,12.41,0.19,0.03,9.94,0,13.25,0,212.33,0.74,19.4,14.75,247.23,1359.42,10487.01,67.35000000000011,22.9799999999996
Jul 2020,62.71,2.51,46.31,18.75,43.29,17.93,0.19,0.03,2.69,0,4.46,0,57.5,0.25,26.0,15.41,99.15,1419.75,10495.3,60.32999999999989,8.28999999999905
Aug 2020,131.94,5.29,35.47,35.18,39.19,37.22,0.19,0.03,5.67,0,3.41,0,120.99,0.19,23.69,13.79,158.66,1419.27,10486.89,-0.48000000000001797,-8.40999999999985
Sep 2020,240.23,9.63,28.11,43.3,24.37,32.79,0.19,0.03,10.31,0,2.71,0,220.28,0.15,15.25,10.28,245.97,1397.7,10482.02,-21.5699999999999,-4.8699999999989805
Oct 2020,0.0,0.0,28.78,32.33,6.98,13.45,0.19,0.03,0.0,0,2.77,0,0.0,0.15,5.36,2.41,7.92,1374.18,10484.61,-23.52,2.59000000000015
Nov 2020,258.59,10.37,35.64,47.09,5.58,10.28,0.19,0.03,11.1,0,3.43,0,237.11,0.19,4.55,0.0,241.86,1362.51,10484.82,-11.6700000000001,0.20999999999912697
Dec 2020,220.98,8.86,31.11,92.47,5.58,61.24,0.19,0.03,9.49,0,3.0,0,202.63,0.17,4.55,0.0,207.35,1353.41,10499.2,-9.09999999999991,14.380000000000999
Jan 2021,64.54,2.59,30.92,30.49,5.58,5.7,0.19,0.03,2.77,0,2.98,0,59.18,0.17,4.55,0.0,63.9,1293.35,10511.53,-60.0600000000002,12.3299999999999
Feb 2021,19.36,0.78,32.03,52.99,5.58,29.02,0.19,0.03,0.83,0,3.08,0,17.75,0.17,4.55,0.0,22.47,1288.82,10517.12,-4.529999999999969,5.59000000000015
Mar 2021,11.75,0.47,38.7,33.48,5.58,3.82,0.19,0.03,0.5,0,3.73,0,10.78,0.21,4.55,0.0,15.54,1260.98,10520.88,-27.8399999999999,3.7599999999983997
Apr 2021,65.32,2.62,99.91,53.01,41.47,2.11,0.19,0.03,2.8,0,9.62,0,59.9,0.54,5.79,4.29,70.51,1258.34,10524.96,-2.6400000000001,4.07999999999993
May 2021,38.33,1.54,231.14,124.39,95.83,11.04,0.19,0.03,1.65,0,22.26,0,35.14,1.24,17.59,14.42,68.4,1292.07,10532.94,33.73,7.980000000001381
Jun 2021,40.22,1.61,120.42,23.16,104.38,17.75,0.19,0.03,1.73,0,11.6,0,36.88,0.65,26.46,17.59,81.57,1359.42,10542.27,67.35000000000011,9.329999999999929
Jul 2021,325.46,13.05,44.16,29.03,44.79,21.09,0.19,0.03,13.97,0,4.25,0,298.44,0.24,26.88,16.87,342.42,1419.75,10537.85,60.32999999999989,-4.42000000000007
Aug 2021,99.36,3.98,36.98,30.74,42.62,36.15,0.19,0.03,4.27,0,3.56,0,91.1,0.2,25.64,14.51,131.45,1416.72,10539.06,-3.02999999999997,1.20999999999913
Sep 2021,514.28,20.63,28.16,57.13,19.47,30.68,0.19,0.03,22.08,0,2.71,0,471.57,0.15,12.46,10.12,494.3,1397.7,10532.22,-19.02,-6.84000000000015
Oct 2021,74.7,3.0,27.93,32.18,11.16,15.25,0.19,0.03,3.21,0,2.69,0,68.5,0.15,7.73,5.73,82.11,1374.18,10546.75,-23.52,14.5300000000007
Nov 2021,196.89,7.9,30.12,39.66,5.58,10.28,0.19,0.03,8.45,0,2.9,0,180.54,0.16,4.55,0.0,185.25,1362.51,10546.76,-11.6700000000001,0.0100000000002183
Dec 2021,592.19,23.75,28.9,105.37,5.58,61.24,0.19,0.03,25.43,0,2.78,0,543.02,0.16,4.55,0.0,547.73,1353.41,10557.96,-9.09999999999991,11.199999999998902
Jan 2022,387.63,15.55,27.93,40.76,5.58,5.7,0.19,0.03,16.64,0,2.69,0,355.44,0.15,4.55,0.0,360.15,1293.35,10586.01,-60.0600000000002,28.050000000001102
Feb 2022,142.06,5.7,29.4,55.55,5.58,29.02,0.19,0.03,6.1,0,2.83,0,130.26,0.16,4.55,0.0,134.98,1288.82,10605.19,-4.529999999999969,19.1800000000003
Mar 2022,98.87,3.97,33.25,32.08,5.58,3.82,0.19,0.03,4.25,0,3.2,0,90.66,0.18,4.55,0.0,95.4,1260.98,10613.97,-27.8399999999999,8.77999999999884
Apr 2022,178.03,7.14,63.64,26.18,39.31,1.18,0.19,0.03,7.64,0,6.13,0,163.25,0.34,4.55,0.49,168.63,1258.34,10621.26,-2.6400000000001,7.2900000000008705
May 2022,83.53,3.35,201.61,101.98,91.78,9.29,0.19,0.03,3.59,0,19.41,0,76.59,1.08,15.29,12.99,105.96,1292.07,10634.39,33.73,13.1299999999992
Jun 2022,214.85,8.62,120.13,36.93,92.03,12.43,0.19,0.03,9.22,0,11.57,0,197.0,0.65,19.43,14.67,231.75,1359.42,10644.24,67.35000000000011,9.850000000000358
Jul 2022,264.03,10.59,38.33,26.07,42.51,23.56,0.19,0.03,11.34,0,3.69,0,242.1,0.21,25.58,15.95,283.84,1419.75,10650.21,60.32999999999989,5.969999999999349
Aug 2022,660.54,26.49,33.56,53.99,29.85,27.2,0.19,0.03,28.36,0,3.23,0,605.68,0.18,18.37,13.91,638.14,1413.28,10649.14,-6.47000000000003,-1.06999999999971
Sep 2022,159.2,6.39,29.65,38.93,28.77,34.68,0.19,0.03,6.84,0,2.85,0,145.98,0.16,17.76,11.2,175.1,1397.7,10666.67,-15.5799999999999,17.530000000000697
Oct 2022,206.83,8.3,28.16,40.4,6.39,13.2,0.19,0.03,8.88,0,2.71,0,189.65,0.15,5.02,2.46,197.29,1374.18,10665.0,-23.52,-1.67000000000007
Nov 2022,475.35,19.07,30.99,51.61,5.58,10.28,0.19,0.03,20.41,0,2.98,0,435.87,0.17,4.55,0.0,440.6,1362.51,10673.98,-11.6700000000001,8.97999999999956
Dec 2022,374.98,15.04,29.65,97.33,5.58,61.24,0.19,0.03,16.1,0,2.85,0,343.84,0.16,4.55,0.0,348.56,1353.41,10697.22,-9.09999999999991,23.2399999999998
Jan 2023,113.73,4.56,28.6,30.38,5.58,5.7,0.19,0.03,4.88,0,2.75,0,104.29,0.15,4.55,0.0,109.0,1293.35,10716.02,-60.0600000000002,18.800000000001102
Feb 2023,205.77,8.25,29.83,58.49,5.58,29.02,0.19,0.03,8.84,0,2.87,0,188.68,0.16,4.55,0.0,193.4,1288.82,10723.5,-4.529999999999969,7.47999999999956
Mar 2023,247.86,9.94,31.91,36.85,5.58,3.82,0.19,0.03,10.64,0,3.07,0,227.28,0.17,4.55,0.0,232.0,1260.98,10735.06,-27.8399999999999,11.5599999999995
Apr 2023,89.61,3.59,89.55,45.79,39.52,1.27,0.19,0.03,3.85,0,8.62,0,82.17,0.48,4.68,1.32,88.65,1258.34,10748.62,-2.6400000000001,13.560000000001303
May 2023,35.02,1.4,156.82,58.78,93.58,10.07,0.19,0.03,1.5,0,15.1,0,32.12,0.84,16.31,13.51,62.77,1292.07,10759.61,33.73,10.9899999999998
Jun 2023,23.03,0.92,59.78,15.82,52.74,13.93,0.19,0.03,0.99,0,5.76,0,21.11,0.32,21.1,16.12,58.66,1359.42,10762.55,67.35000000000011,2.93999999999869
Jul 2023,525.71,21.09,33.98,35.14,38.38,21.91,0.19,0.03,22.57,0,3.27,0,482.06,0.18,23.23,16.23,521.7,1377.29,10753.02,17.869999999999898,-9.52999999999884
Aug 2023,192.31,7.71,32.21,22.07,38.73,24.14,0.19,0.03,8.26,0,3.1,0,176.34,0.17,23.43,13.96,213.9,1370.68,10762.48,-6.6099999999999,9.45999999999913
Sep 2023,336.67,13.5,29.88,20.7,27.75,8.1,0.19,0.03,14.46,0,2.88,0,308.72,0.16,13.71,9.92,332.51,1361.99,10759.73,-8.69000000000005,-2.75
Oct 2023,510.03,20.46,44.1,61.23,5.58,6.74,0.19,0.03,21.9,0,4.25,0,467.68,0.24,4.55,2.72,475.18,1368.08,10766.99,6.08999999999992,7.260000000000219
Nov 2023,375.98,15.08,55.18,69.36,5.58,10.28,0.19,0.03,16.14,0,5.31,0,344.76,0.3,4.55,0.0,349.61,1362.51,10790.26,-5.569999999999941,23.2700000000004
Dec 2023,443.71,17.8,42.68,111.8,5.58,61.24,0.19,0.03,19.05,0,4.11,0,406.87,0.23,4.55,0.0,411.65,1353.41,10811.57,-9.09999999999991,21.309999999999498
Jan 2024,411.63,16.51,39.62,52.22,5.58,5.7,0.19,0.03,17.67,0,3.81,0,377.45,0.21,4.55,0.0,382.22,1293.35,10834.57,-60.0600000000002,23.0
Feb 2024,117.76,4.72,54.21,76.86,5.58,29.02,0.19,0.03,5.06,0,5.22,0,107.98,0.29,4.55,0.0,112.83,1288.82,10855.91,-4.529999999999969,21.340000000000103
Mar 2024,176.9,7.1,80.79,77.92,5.58,3.82,0.19,0.03,7.6,0,7.78,0,162.21,0.43,4.55,0.0,167.2,1260.98,10866.03,-27.8399999999999,10.1200000000008
Apr 2024,43.34,1.74,188.06,132.55,39.31,1.18,0.19,0.03,1.86,0,18.11,0,39.74,1.01,4.55,0.01,45.32,1258.34,10881.25,-2.6400000000001,15.2199999999993
May 2024,51.66,2.07,295.96,185.98,90.86,8.9,0.19,0.03,2.22,0,28.5,0,47.37,1.59,14.77,12.4,76.12,1292.07,10901.05,33.73,19.7999999999993
Jun 2024,39.07,1.57,188.86,87.05,100.06,15.89,0.19,0.03,1.68,0,18.18,0,35.82,1.01,24.0,16.28,77.12,1359.42,10919.22,67.35000000000011,18.1700000000001
Jul 2024,323.46,12.97,55.68,30.62,49.18,16.81,0.19,0.03,13.89,0,5.36,0,296.6,0.3,25.22,16.09,338.22,1419.75,10922.64,60.32999999999989,3.4200000000000697
Aug 2024,645.16,25.88,37.53,70.41,30.41,41.22,0.19,0.03,27.7,0,3.61,0,591.59,0.2,18.69,13.98,624.46,1427.05,10925.65,7.29999999999995,3.01000000000022
Sep 2024,408.17,16.37,30.44,54.32,20.54,31.14,0.19,0.03,17.53,0,2.93,0,374.27,0.16,13.07,9.92,397.43,1397.7,10942.82,-29.3499999999999,17.1700000000001
Oct 2024,621.34,24.92,29.52,58.71,5.58,12.85,0.19,0.03,26.68,0,2.84,0,569.74,0.16,4.55,3.15,577.6,1374.18,10953.2,-23.52,10.380000000001
Nov 2024,64.83,2.6,40.79,43.95,5.58,10.28,0.19,0.03,2.78,0,3.93,0,59.45,0.22,4.55,0.0,64.22,1362.51,10979.42,-11.6700000000001,26.2199999999993
Dec 2024,74.62,2.99,31.47,86.92,5.58,61.24,0.19,0.03,3.2,0,3.03,0,68.42,0.17,4.55,0.0,73.14,1353.41,10985.98,-9.09999999999991,6.55999999999949
Jan 2025,57.48,2.31,31.23,30.48,5.58,5.7,0.19,0.03,2.47,0,3.01,0,52.71,0.17,4.55,0.0,57.43,1293.35,10992.06,-60.0600000000002,6.07999999999993
Feb 2025,48.53,1.95,32.16,54.27,5.58,29.02,0.19,0.03,2.08,0,3.1,0,44.5,0.17,4.56,0.0,49.22,1288.82,10997.38,-4.529999999999969,5.31999999999971
Mar 2025,482.18,19.34,41.95,55.27,5.58,3.82,0.19,0.03,20.7,0,4.04,0,442.14,0.23,4.56,0.0,446.92,1260.98,11002.41,-27.8399999999999,5.03000000000065
Apr 2025,300.26,12.04,165.28,122.39,39.31,1.18,0.19,0.03,12.89,0,15.91,0,275.32,0.89,4.56,0.0,280.77,1258.34,11026.99,-2.6400000000001,24.5799999999999
May 2025,132.22,5.3,386.99,273.34,86.74,7.12,0.19,0.03,5.68,0,37.26,0,121.24,2.08,12.42,11.02,146.75,1292.07,11055.65,33.73,28.6599999999999
Jun 2025,91.36,3.66,231.26,128.8,97.32,14.71,0.19,0.03,3.92,0,22.27,0,83.77,1.24,22.44,15.67,123.13,1359.42,11087.41,67.35000000000011,31.7600000000002
Jul 2025,171.44,6.88,54.81,23.06,52.19,19.14,0.19,0.03,7.36,0,5.28,0,157.2,0.29,28.3,16.7,202.5,1419.75,11097.78,60.32999999999989,10.3700000000008
Aug 2025,651.8,26.14,38.52,69.12,30.5,38.86,0.19,0.03,27.99,0,3.71,0,597.67,0.21,18.74,14.04,630.66,1424.66,11093.56,4.91000000000008,-4.22000000000116
Sep 2025,507.14,20.34,31.54,60.43,18.5,30.26,0.19,0.03,21.78,0,3.04,0,465.03,0.17,11.91,9.76,486.87,1397.7,11111.06,-26.96,17.5
Oct 2025,418.23,16.77,28.72,49.85,5.58,12.85,0.19,0.03,17.96,0,2.77,0,383.5,0.15,4.56,0.98,389.19,1374.18,11125.95,-23.52,14.8900000000012
Nov 2025,390.8,15.67,40.84,57.06,5.58,10.29,0.19,0.03,16.78,0,3.93,0,358.34,0.22,4.56,0.0,363.12,1362.51,11145.54,-11.6700000000001,19.590000000000103
Dec 2025,253.85,10.18,31.72,94.33,5.59,61.24,0.19,0.03,10.9,0,3.05,0,232.77,0.17,4.56,0.0,237.5,1353.41,11166.1,-9.09999999999991,20.559999999999498
Jan 2026,58.62,2.35,31.78,31.02,5.59,5.7,0.19,0.03,2.52,0,3.06,0,53.76,0.17,4.56,0.0,58.49,1293.35,11179.89,-60.0600000000002,13.789999999999099
Feb 2026,184.33,7.39,33.56,60.97,5.59,29.02,0.19,0.03,7.91,0,3.23,0,169.02,0.18,4.56,0.0,173.77,1288.82,11185.32,-4.529999999999969,5.430000000000289
Mar 2026,56.89,2.28,48.81,44.37,5.59,3.83,0.19,0.03,2.44,0,4.7,0,52.17,0.26,4.56,0.0,56.99,1260.98,11196.31,-27.8399999999999,10.9899999999998
Apr 2026,206.99,8.3,133.73,90.11,39.65,1.32,0.19,0.03,8.89,0,12.88,0,189.8,0.72,4.75,2.23,197.5,1258.34,11203.29,-2.6400000000001,6.980000000001381
May 2026,92.58,3.71,202.15,102.65,92.09,9.43,0.19,0.03,3.97,0,19.47,0,84.89,1.09,15.46,13.18,114.62,1292.07,11222.68,33.73,19.3899999999994
Jun 2026,30.91,1.24,92.43,15.55,80.97,12.25,0.19,0.03,1.33,0,8.9,0,28.34,0.5,18.6,15.99,63.43,1359.42,11232.78,67.35000000000011,10.100000000000401
Jul 2026,137.67,5.52,42.68,23.39,48.89,28.41,0.19,0.03,5.91,0,4.11,0,126.24,0.23,29.21,16.93,172.61,1409.71,11226.86,50.29,-5.92000000000007
Aug 2026,174.93,7.02,35.33,22.08,40.97,24.29,0.19,0.03,7.51,0,3.4,0,160.4,0.19,24.71,14.45,199.75,1401.12,11219.8,-8.59000000000015,-7.06000000000131
Sep 2026,203.19,8.15,28.03,36.81,25.23,28.71,0.19,0.03,8.72,0,2.7,0,186.32,0.15,15.74,10.36,212.57,1393.25,11216.11,-7.869999999999889,-3.68999999999869
Oct 2026,309.94,12.43,27.48,43.52,7.11,13.51,0.19,0.03,13.31,0,2.65,0,284.2,0.15,5.43,3.82,293.59,1374.18,11217.02,-19.069999999999897,0.9099999999998539
Nov 2026,714.37,28.65,30.12,60.41,5.59,10.29,0.19,0.03,30.67,0,2.9,0,655.05,0.16,4.56,0.0,659.77,1362.51,11229.0,-11.6700000000001,11.979999999999599
Dec 2026,264.4,10.6,28.6,91.95,5.59,61.24,0.19,0.03,11.35,0,2.75,0,242.45,0.15,4.57,0.0,247.17,1353.41,11262.42,-9.09999999999991,33.4200000000001
Jan 2027,394.94,15.84,28.23,41.31,5.6,5.71,0.19,0.03,16.96,0,2.72,0,362.14,0.15,4.57,0.0,366.86,1293.35,11276.37,-60.0600000000002,13.9500000000007
Feb 2027,288.14,11.56,30.44,62.34,5.6,29.03,0.19,0.03,12.37,0,2.93,0,264.22,0.16,4.57,0.0,268.94,1288.82,11295.89,-4.529999999999969,19.5199999999986
Mar 2027,310.47,12.45,45.01,51.12,5.6,3.83,0.19,0.03,13.33,0,4.33,0,284.69,0.24,4.57,0.0,289.49,1260.98,11311.03,-27.8399999999999,15.1400000000012
Apr 2027,206.05,8.26,167.05,120.19,39.33,1.19,0.19,0.03,8.85,0,16.08,0,188.94,0.9,4.57,0.7,195.1,1258.34,11328.54,-2.6400000000001,17.5100000000002
May 2027,80.7,3.24,249.82,145.7,90.86,8.9,0.19,0.03,3.46,0,24.06,0,74.0,1.34,14.76,12.58,102.68,1292.07,11352.62,33.73,24.0799999999999
Jun 2027,53.25,2.14,143.35,47.38,98.92,15.4,0.19,0.03,2.29,0,13.8,0,48.83,0.77,23.35,15.95,88.9,1359.42,11367.41,67.35000000000011,14.789999999999099
Jul 2027,513.17,20.58,37.48,35.21,40.36,21.31,0.19,0.03,22.03,0,3.61,0,470.55,0.2,24.36,16.7,511.81,1419.75,11367.39,60.32999999999989,-0.0200000000004366
Aug 2027,398.14,15.97,35.47,44.12,34.04,30.33,0.19,0.03,17.09,0,3.41,0,365.08,0.19,20.76,13.72,399.74,1414.59,11376.17,-5.16000000000008,8.780000000000651
Sep 2027,247.3,9.92,31.47,44.53,28.02,34.36,0.19,0.03,10.62,0,3.03,0,226.77,0.17,17.33,11.4,255.67,1397.7,11382.81,-16.8899999999999,6.63999999999942
Oct 2027,102.16,4.1,30.0,37.96,6.2,13.12,0.19,0.03,4.39,0,2.89,0,93.67,0.16,4.91,1.69,100.44,1374.18,11384.9,-23.52,2.09000000000015
Nov 2027,450.69,18.08,34.3,53.58,5.6,10.3,0.19,0.03,19.35,0,3.3,0,413.26,0.18,4.57,0.0,418.02,1362.51,11390.33,-11.6700000000001,5.430000000000289
Dec 2027,420.22,16.85,33.67,102.75,5.6,61.25,0.19,0.03,18.04,0,3.24,0,385.33,0.18,4.57,0.0,390.08,1353.41,11412.83,-9.09999999999991,22.5
Jan 2028,125.39,5.03,32.26,34.12,5.6,5.71,0.19,0.03,5.38,0,3.11,0,114.98,0.17,4.57,0.0,119.72,1293.35,11433.95,-60.0600000000002,21.1200000000008
Feb 2028,110.0,4.41,33.0,57.48,5.6,29.03,0.19,0.03,4.72,0,3.18,0,100.86,0.18,4.57,0.0,105.61,1288.82,11442.29,-4.529999999999969,8.34000000000015
Mar 2028,279.29,11.2,40.49,45.8,5.61,3.83,0.19,0.03,11.99,0,3.9,0,256.1,0.22,4.57,0.0,260.89,1260.98,11450.03,-27.8399999999999,7.739999999999781
Apr 2028,68.49,2.75,103.39,57.21,39.82,1.4,0.19,0.03,2.94,0,9.96,0,62.8,0.56,4.85,1.87,70.07,1258.34,11465.76,-2.6400000000001,15.729999999999599
May 2028,24.45,0.98,195.12,92.67,93.73,10.14,0.19,0.03,1.05,0,18.79,0,22.42,1.05,16.4,13.56,53.42,1292.07,11476.64,33.73,10.8799999999992
Jun 2028,138.52,5.56,75.52,16.36,70.83,13.79,0.19,0.03,5.95,0,7.27,0,127.01,0.41,21.1,15.75,164.27,1359.42,11482.76,67.35000000000011,6.1200000000007995
Jul 2028,544.07,21.82,36.8,34.36,35.4,14.88,0.19,0.03,23.36,0,3.54,0,498.89,0.2,21.54,15.49,536.11,1395.51,11480.08,36.0899999999999,-2.68000000000029
Aug 2028,478.19,19.18,31.72,31.02,32.79,16.13,0.19,0.03,20.53,0,3.05,0,438.48,0.17,20.05,13.78,472.47,1394.65,11491.33,-0.8599999999999001,11.25
Sep 2028,363.05,14.56,27.68,42.76,22.28,25.61,0.19,0.03,15.59,0,2.67,0,332.9,0.15,14.07,10.23,357.35,1391.42,11500.99,-3.2300000000000204,9.65999999999985
Oct 2028,248.73,9.98,27.43,41.81,5.72,12.91,0.19,0.03,10.68,0,2.64,0,228.08,0.15,4.64,1.49,234.35,1374.18,11508.85,-17.24,7.86000000000058
Nov 2028,350.53,14.06,30.25,45.92,5.61,10.3,0.19,0.03,15.05,0,2.91,0,321.42,0.16,4.58,0.0,326.16,1362.51,11520.52,-11.6700000000001,11.6700000000001
Dec 2028,86.88,3.48,28.41,84.65,5.61,61.25,0.19,0.03,3.73,0,2.74,0,79.67,0.15,4.58,0.0,84.39,1353.41,11538.32,-9.09999999999991,17.7999999999993
Jan 2029,306.26,12.28,27.86,37.41,5.61,5.72,0.19,0.03,13.15,0,2.68,0,280.83,0.15,4.58,0.0,285.55,1293.35,11544.63,-60.0600000000002,6.30999999999949
Feb 2029,69.77,2.8,29.02,52.29,5.61,29.04,0.19,0.03,3.0,0,2.79,0,63.98,0.16,4.58,0.0,68.71,1288.82,11560.31,-4.529999999999969,15.6800000000003
Mar 2029,415.32,16.66,32.38,43.97,5.61,3.84,0.19,0.03,17.83,0,3.12,0,380.83,0.17,4.58,0.0,385.58,1260.98,11565.94,-27.8399999999999,5.6300000000010195
Apr 2029,114.8,4.6,72.64,31.65,39.46,1.25,0.19,0.03,4.93,0,6.99,0,105.26,0.39,4.65,1.15,111.45,1258.34,11586.73,-2.6400000000001,20.7899999999991
May 2029,96.76,3.88,63.21,10.09,58.63,8.05,0.19,0.03,4.15,0,6.09,0,88.72,0.34,13.42,12.51,114.99,1292.07,11597.34,33.73,10.6100000000006
Jun 2029,30.51,1.22,35.58,16.22,38.47,21.5,0.19,0.03,1.31,0,3.43,0,27.97,0.19,23.26,16.19,67.61,1329.39,11594.92,37.320000000000206,-2.4200000000000697
Jul 2029,369.54,14.82,28.85,31.32,43.07,33.66,0.19,0.03,15.87,0,2.78,0,338.85,0.15,25.91,16.64,381.56,1323.26,11583.3,-6.130000000000111,-11.6200000000008
Aug 2029,356.69,14.31,31.78,27.17,35.19,19.5,0.19,0.03,15.32,0,3.06,0,327.07,0.17,21.42,13.82,362.48,1306.93,11585.15,-16.3299999999999,1.85000000000036
Sep 2029,514.8,20.65,27.68,27.28,25.6,7.36,0.19,0.03,22.1,0,2.67,0,472.05,0.15,12.73,10.26,495.18,1301.36,11589.55,-5.57000000000016,4.39999999999964
Oct 2029,602.75,24.17,27.36,24.67,25.29,1.2,0.19,0.03,25.88,0,2.63,0,552.69,0.15,4.58,1.14,558.56,1307.03,11603.9,5.67000000000007,14.350000000000401
Nov 2029,444.82,17.84,29.69,18.14,27.57,1.2,0.19,0.03,19.1,0,2.86,0,407.88,0.16,4.58,0.0,412.62,1326.69,11631.12,19.660000000000103,27.220000000001196
Dec 2029,190.39,7.64,28.23,83.87,5.62,56.5,0.19,0.03,8.17,0,2.72,0,174.58,0.15,4.58,0.0,179.31,1348.64,11652.91,21.95,21.789999999999104
Jan 2030,134.49,5.39,27.31,30.03,5.62,5.72,0.19,0.03,5.77,0,2.63,0,123.32,0.15,4.58,0.0,128.05,1293.35,11663.65,-55.2900000000002,10.7399999999998
Feb 2030,85.68,3.44,29.4,53.26,5.62,29.04,0.19,0.03,3.68,0,2.83,0,78.57,0.16,4.58,0.0,83.31,1288.82,11671.89,-4.529999999999969,8.23999999999978
Mar 2030,278.67,11.18,33.07,39.11,5.62,3.84,0.19,0.03,11.97,0,3.18,0,255.53,0.18,4.58,0.0,260.29,1260.98,11678.24,-27.8399999999999,6.35000000000036
Apr 2030,91.83,3.68,89.67,46.09,39.35,1.2,0.19,0.03,3.94,0,8.63,0,84.21,0.48,4.58,0.05,89.33,1258.34,11693.24,-2.6400000000001,15.0
May 2030,20.39,0.82,135.86,39.29,93.7,10.13,0.19,0.03,0.88,0,13.08,0,18.7,0.73,16.39,13.54,49.35,1292.07,11705.6,33.73,12.360000000000598
Jun 2030,32.72,1.31,64.92,16.96,57.53,14.85,0.19,0.03,1.41,0,6.25,0,30.01,0.35,22.32,16.83,69.51,1359.42,11705.86,67.35000000000011,0.260000000000218
Jul 2030,224.41,9.0,39.32,25.08,44.08,24.83,0.19,0.03,9.64,0,3.79,0,205.77,0.21,26.48,16.14,248.6,1379.94,11696.52,20.52,-9.34000000000015
Aug 2030,117.62,4.72,33.8,19.44,39.9,24.26,0.19,0.03,5.05,0,3.25,0,107.85,0.18,24.1,13.89,146.02,1372.87,11693.64,-7.07000000000016,-2.88000000000102
Sep 2030,8.99,0.36,32.83,12.53,30.11,12.79,0.19,0.03,0.39,0,3.16,0,8.24,0.18,18.47,11.47,38.36,1364.57,11687.89,-8.29999999999995,-5.75
Oct 2030,1.01,0.04,31.78,20.51,13.94,5.86,0.19,0.03,0.04,0,3.06,0,0.93,0.17,9.32,7.23,17.65,1363.59,11679.81,-0.9800000000000179,-8.079999999999929
Nov 2030,22.87,0.92,42.08,43.4,5.63,10.31,0.19,0.03,0.98,0,4.05,0,20.97,0.23,4.59,0.0,25.79,1362.51,11675.52,-1.0799999999999301,-4.28999999999905
Dec 2030,14.33,0.57,30.79,83.87,5.63,61.26,0.19,0.03,0.62,0,2.96,0,13.14,0.17,4.59,0.0,17.89,1353.41,11680.4,-9.09999999999991,4.8799999999992005
Jan 2031,274.17,11.0,30.44,38.44,5.63,5.72,0.19,0.03,11.77,0,2.93,0,251.4,0.16,4.59,0.0,256.15,1293.35,11683.82,-60.0600000000002,3.4200000000000697
Feb 2031,46.51,1.87,31.11,53.23,5.63,29.04,0.19,0.03,2.0,0,3.0,0,42.64,0.17,4.59,0.0,47.4,1288.82,11698.36,-4.529999999999969,14.540000000000902
Mar 2031,28.57,1.15,33.19,29.17,5.63,3.85,0.19,0.03,1.23,0,3.2,0,26.2,0.18,4.59,0.0,30.96,1260.98,11703.19,-27.8399999999999,4.82999999999993
Apr 2031,51.04,2.05,63.89,21.06,39.75,1.37,0.19,0.03,2.19,0,6.15,0,46.8,0.34,4.81,1.59,53.55,1258.34,11707.45,-2.6400000000001,4.26000000000022
May 2031,46.63,1.87,260.91,153.31,92.58,9.64,0.19,0.03,2.0,0,25.12,0,42.76,1.4,15.75,13.07,72.98,1292.07,11714.04,33.73,6.59000000000015
Jun 2031,97.29,3.9,159.64,62.56,101.07,16.32,0.19,0.03,4.18,0,15.37,0,89.21,0.86,24.58,16.85,131.5,1359.42,11727.93,67.35000000000011,13.889999999999402
Jul 2031,338.37,13.57,49.86,28.34,47.34,17.32,0.19,0.03,14.53,0,4.8,0,310.27,0.27,25.89,16.46,352.9,1419.75,11730.47,60.32999999999989,2.5399999999990497
Aug 2031,463.12,18.57,34.47,53.45,37.25,41.16,0.19,0.03,19.89,0,3.32,0,424.66,0.19,22.59,14.9,462.34,1424.04,11733.17,4.28999999999996,2.7000000000007303
Sep 2031,239.43,9.6,30.0,43.19,27.5,34.14,0.19,0.03,10.28,0,2.89,0,219.55,0.16,17.04,11.2,247.95,1397.7,11741.31,-26.3399999999999,8.13999999999942
Oct 2031,367.32,14.73,27.43,46.34,6.12,13.09,0.19,0.03,15.77,0,2.64,0,336.82,0.15,4.87,2.9,344.73,1374.18,11743.12,-23.52,1.8100000000013101
Nov 2031,164.41,6.59,30.79,38.93,5.64,10.31,0.19,0.03,7.06,0,2.96,0,150.76,0.17,4.59,0.0,155.51,1362.51,11758.48,-11.6700000000001,15.3599999999988
Dec 2031,100.51,4.03,29.08,85.78,5.64,61.27,0.19,0.03,4.32,0,2.8,0,92.16,0.16,4.59,0.0,96.91,1353.41,11768.34,-9.09999999999991,9.86000000000058
Jan 2032,167.84,6.73,28.28,32.23,5.64,5.73,0.19,0.03,7.21,0,2.72,0,153.9,0.15,4.59,0.0,158.65,1293.35,11775.3,-60.0600000000002,6.9599999999991295
Feb 2032,212.69,8.53,30.0,58.89,5.64,29.05,0.19,0.03,9.13,0,2.89,0,195.03,0.16,4.59,0.0,199.79,1288.82,11785.07,-4.529999999999969,9.77000000000044
Mar 2032,380.83,15.27,34.05,44.07,5.64,3.85,0.2,0.03,16.35,0,3.28,0,349.2,0.18,4.59,0.0,353.98,1260.98,11796.93,-27.8399999999999,11.860000000000598
Apr 2032,210.75,8.45,131.27,88.2,39.39,1.22,0.2,0.03,9.05,0,12.64,0,193.25,0.71,4.61,1.18,199.74,1258.34,11816.4,-2.6400000000001,19.469999999999303
May 2032,51.97,2.08,144.94,50.12,91.23,9.06,0.2,0.03,2.23,0,13.96,0,47.65,0.78,14.98,12.53,75.93,1292.07,11836.74,33.73,20.340000000000103
Jun 2032,94.72,3.8,78.65,17.61,71.75,14.91,0.2,0.03,4.07,0,7.57,0,86.85,0.42,22.44,16.91,126.63,1359.42,11840.24,67.35000000000011,3.5
Jul 2032,608.4,24.4,36.86,35.95,34.59,13.03,0.2,0.03,26.12,0,3.55,0,557.88,0.2,20.22,15.17,593.46,1393.99,11834.8,34.5699999999999,-5.44000000000051
Aug 2032,665.51,26.69,37.23,40.32,30.99,11.17,0.2,0.03,28.57,0,3.58,0,610.24,0.2,17.77,13.61,641.82,1395.5,11849.15,1.5099999999999898,14.350000000000401
Sep 2032,255.84,10.26,32.83,47.52,25.52,33.29,0.2,0.03,10.98,0,3.16,0,234.59,0.18,15.91,10.69,261.37,1397.7,11867.54,2.20000000000005,18.390000000001198
Oct 2032,591.03,23.7,30.19,58.06,5.65,12.88,0.2,0.03,25.38,0,2.91,0,541.95,0.16,4.6,3.31,550.02,1374.18,11870.83,-23.52,3.2899999999990497
Nov 2032,69.04,2.77,43.17,46.22,5.65,10.32,0.2,0.03,2.96,0,4.16,0,63.31,0.23,4.6,0.0,68.13,1362.51,11895.65,-11.6700000000001,24.8199999999997
Dec 2032,121.35,4.87,31.66,88.93,5.65,61.27,0.2,0.03,5.21,0,3.05,0,111.28,0.17,4.6,0.0,116.04,1353.41,11902.61,-9.09999999999991,6.96000000000095
Jan 2033,163.86,6.57,31.41,34.88,5.65,5.73,0.2,0.03,7.04,0,3.02,0,150.25,0.17,4.6,0.0,155.02,1293.35,11910.7,-60.0600000000002,8.09000000000015
Feb 2033,261.54,10.49,32.76,63.32,5.65,29.05,0.2,0.03,11.23,0,3.15,0,239.82,0.18,4.6,0.0,244.59,1288.82,11920.6,-4.529999999999969,9.899999999999642
Mar 2033,125.23,5.02,40.96,40.03,5.65,3.86,0.2,0.03,5.38,0,3.94,0,114.83,0.22,4.6,0.0,119.65,1260.98,11934.82,-27.8399999999999,14.2199999999993
Apr 2033,69.21,2.78,128.64,79.97,39.72,1.36,0.2,0.03,2.97,0,12.39,0,63.46,0.69,4.8,1.56,70.51,1258.34,11943.98,-2.6400000000001,9.15999999999985
May 2033,20.39,0.82,236.71,129.18,94.95,10.66,0.2,0.03,0.88,0,22.79,0,18.69,1.27,17.1,14.03,51.09,1292.07,11957.62,33.73,13.6400000000012
Jun 2033,4.14,0.17,187.08,82.31,103.12,17.21,0.2,0.03,0.18,0,18.01,0,3.79,1.01,25.75,17.19,47.73,1359.42,11967.09,67.35000000000011,9.469999999999349
Jul 2033,391.81,15.71,45.01,30.73,42.7,17.28,0.2,0.03,16.82,0,4.33,0,359.27,0.24,25.7,16.65,401.86,1419.75,11967.93,60.32999999999989,0.8400000000001461
Aug 2033,126.05,5.06,35.33,32.57,43.82,39.58,0.2,0.03,5.41,0,3.4,0,115.58,0.19,26.33,14.91,157.01,1419.64,11972.27,-0.1099999999999,4.34000000000015
Sep 2033,78.24,3.14,30.07,35.63,29.53,35.02,0.2,0.03,3.36,0,2.9,0,71.74,0.16,18.2,11.01,101.12,1397.7,11966.01,-21.9400000000001,-6.260000000000219
Oct 2033,244.0,9.79,29.69,43.05,6.78,13.37,0.2,0.03,10.48,0,2.86,0,223.74,0.16,5.24,3.03,232.17,1374.18,11961.09,-23.52,-4.92000000000007
Nov 2033,189.24,7.59,31.59,40.63,5.65,10.32,0.2,0.03,8.13,0,3.04,0,173.53,0.17,4.6,0.0,178.3,1362.51,11971.23,-11.6700000000001,10.1399999999994
Dec 2033,54.8,2.2,32.58,87.08,5.65,61.27,0.2,0.03,2.35,0,3.14,0,50.25,0.18,4.6,0.0,55.03,1353.41,11982.24,-9.09999999999991,11.0100000000002
Jan 2034,501.71,20.12,31.91,48.87,5.66,5.74,0.2,0.03,21.54,0,3.07,0,460.04,0.17,4.6,0.0,464.82,1293.35,11987.56,-60.0600000000002,5.31999999999971
Feb 2034,214.3,8.59,32.95,61.6,5.66,29.06,0.2,0.03,9.2,0,3.17,0,196.5,0.18,4.6,0.0,201.28,1288.82,12012.02,-4.529999999999969,24.460000000000896
Mar 2034,181.79,7.29,37.53,39.21,5.66,3.86,0.2,0.03,7.81,0,3.61,0,166.7,0.2,4.6,0.0,171.5,1260.98,12024.23,-27.8399999999999,12.209999999999098
Apr 2034,140.98,5.65,130.72,84.91,39.39,1.22,0.2,0.03,6.05,0,12.59,0,129.27,0.7,4.61,0.61,135.19,1258.34,12035.48,-2.6400000000001,11.25
May 2034,107.43,4.31,452.61,329.77,89.41,8.28,0.2,0.03,4.61,0,43.58,0,98.5,2.43,13.94,12.11,126.99,1292.07,12053.35,33.73,17.8700000000008
Jun 2034,344.42,13.81,170.11,86.37,93.19,12.93,0.2,0.03,14.79,0,16.38,0,315.82,0.91,20.09,15.78,352.6,1359.42,12089.28,67.35000000000011,35.9300000000003
Jul 2034,403.19,16.17,40.49,31.0,41.39,19.85,0.2,0.03,17.31,0,3.9,0,369.7,0.22,24.95,16.36,411.24,1419.75,12104.51,60.32999999999989,15.229999999999599
Aug 2034,520.34,20.87,34.35,51.0,32.17,31.44,0.2,0.03,22.34,0,3.31,0,477.12,0.18,19.7,13.81,510.82,1416.51,12109.19,-3.2400000000000095,4.68000000000029
Sep 2034,274.64,11.02,31.91,46.19,27.72,34.24,0.2,0.03,11.79,0,3.07,0,251.83,0.17,17.17,11.43,280.6,1397.7,12120.87,-18.8099999999999,11.6800000000003
Oct 2034,147.4,5.91,39.99,48.53,6.6,13.29,0.2,0.03,6.33,0,3.85,0,135.16,0.21,5.14,2.32,142.84,1374.18,12124.14,-23.52,3.2699999999986202
Nov 2034,341.47,13.7,35.27,50.04,5.66,10.33,0.2,0.03,14.66,0,3.4,0,313.11,0.19,4.61,0.0,317.91,1362.51,12131.84,-11.6700000000001,7.700000000000731
Dec 2034,411.87,16.52,33.92,102.61,5.66,61.28,0.2,0.03,17.68,0,3.27,0,377.67,0.18,4.61,0.0,382.46,1353.41,12149.73,-9.09999999999991,17.8899999999994
Jan 2035,134.18,5.38,33.31,35.38,5.66,5.74,0.2,0.03,5.76,0,3.21,0,123.04,0.18,4.61,0.0,127.82,1293.35,12170.52,-60.0600000000002,20.790000000000898
Feb 2035,227.52,9.13,35.02,63.99,5.66,29.06,0.2,0.03,9.77,0,3.37,0,208.63,0.19,4.61,0.0,213.42,1288.82,12179.32,-4.529999999999969,8.799999999999269
Mar 2035,38.58,1.55,52.62,47.02,5.67,3.86,0.2,0.03,1.66,0,5.07,0,35.37,0.28,4.61,0.0,40.27,1260.98,12192.3,-27.8399999999999,12.979999999999599
Apr 2035,148.27,5.95,126.32,81.25,39.39,1.22,0.2,0.03,6.37,0,12.16,0,135.95,0.68,4.61,0.19,141.43,1258.34,12198.86,-2.6400000000001,6.56000000000131
May 2035,135.74,5.44,218.15,119.86,90.14,8.6,0.2,0.03,5.83,0,21.01,0,124.46,1.17,14.36,12.61,152.6,1292.07,12217.04,33.73,18.1800000000003
Jun 2035,67.98,2.73,98.38,16.81,87.54,13.25,0.2,0.03,2.92,0,9.47,0,62.33,0.53,20.0,16.58,99.44,1359.42,12231.1,67.35000000000011,14.0599999999995
Jul 2035,233.39,9.36,37.73,25.51,43.93,26.18,0.2,0.03,10.02,0,3.63,0,214.01,0.2,26.39,16.14,256.75,1413.89,12226.74,54.47,-4.36000000000058
Aug 2035,386.78,15.51,32.7,31.33,35.21,21.65,0.2,0.03,16.61,0,3.15,0,354.66,0.18,21.43,13.96,390.23,1405.41,12224.1,-8.480000000000018,-2.63999999999942
Sep 2035,212.16,8.51,29.94,40.55,30.14,35.28,0.2,0.03,9.11,0,2.88,0,194.54,0.16,18.54,11.82,225.07,1397.7,12229.73,-7.710000000000041,5.6299999999992005
Oct 2035,4.93,0.2,27.74,31.72,6.75,13.36,0.2,0.03,0.21,0,2.67,0,4.52,0.15,5.23,2.07,11.97,1374.18,12229.74,-23.52,0.0100000000002183
Nov 2035,327.9,13.15,31.04,45.7,5.67,10.33,0.2,0.03,14.08,0,2.99,0,300.67,0.17,4.61,0.0,305.45,1362.51,12230.39,-11.6700000000001,0.649999999999636
Dec 2035,252.53,10.13,29.21,91.98,5.67,61.28,0.2,0.03,10.84,0,2.81,0,231.56,0.16,4.61,0.0,236.33,1353.41,12247.29,-9.09999999999991,16.9000000000015
Jan 2036,48.39,1.94,28.53,27.64,5.67,5.74,0.2,0.03,2.08,0,2.75,0,44.37,0.15,4.61,0.0,49.14,1293.35,12260.78,-60.0600000000002,13.4899999999998
Feb 2036,104.03,4.17,31.04,55.45,5.67,29.06,0.2,0.03,4.47,0,2.99,0,95.39,0.17,4.61,0.0,100.17,1288.82,12265.44,-4.529999999999969,4.65999999999985
Mar 2036,256.49,10.29,38.83,43.36,5.67,3.87,0.2,0.03,11.01,0,3.74,0,235.19,0.21,4.61,0.0,240.01,1260.98,12272.73,-27.8399999999999,7.28999999999905
Apr 2036,69.63,2.79,72.27,27.78,42.49,2.55,0.2,0.03,2.99,0,6.96,0,63.84,0.39,6.37,5.32,75.92,1258.34,12287.32,-2.6400000000001,14.5900000000001
May 2036,29.77,1.19,123.44,26.37,97.46,11.75,0.2,0.03,1.28,0,11.89,0,27.3,0.66,18.53,15.02,61.51,1292.07,12291.79,33.73,4.47000000000116
Jun 2036,65.27,2.62,96.6,17.26,85.92,13.78,0.2,0.03,2.8,0,9.3,0,59.85,0.52,20.72,16.91,98.0,1359.42,12289.76,67.35000000000011,-2.03000000000065
Jul 2036,426.25,17.1,39.25,32.61,42.75,23.0,0.2,0.03,18.3,0,3.78,0,390.85,0.21,25.72,16.85,433.63,1411.01,12284.78,51.5899999999999,-4.97999999999956
Aug 2036,321.15,12.88,35.02,28.2,41.49,25.35,0.2,0.03,13.79,0,3.37,0,294.48,0.19,25.01,15.28,334.96,1405.2,12289.85,-5.80999999999995,5.06999999999971
Sep 2036,155.49,6.24,30.07,38.34,28.11,33.2,0.2,0.03,6.68,0,2.9,0,142.58,0.16,17.39,10.96,171.09,1396.5,12291.57,-8.70000000000005,1.71999999999935
Oct 2036,148.07,5.94,28.23,37.79,6.96,13.45,0.2,0.03,6.36,0,2.72,0,135.78,0.15,5.35,2.72,144.0,1374.18,12290.02,-22.3199999999999,-1.5499999999992702
Nov 2036,108.88,4.37,31.84,37.62,5.68,10.33,0.2,0.03,4.67,0,3.07,0,99.84,0.17,4.62,0.0,104.63,1362.51,12296.21,-11.6700000000001,6.18999999999869
Dec 2036,80.47,3.23,29.69,85.51,5.68,61.29,0.2,0.03,3.46,0,2.86,0,73.78,0.16,4.62,0.0,78.56,1353.41,12303.78,-9.09999999999991,7.570000000001531
Jan 2037,434.2,17.41,29.75,44.21,5.68,5.75,0.2,0.03,18.64,0,2.86,0,398.14,0.16,4.62,0.0,402.92,1293.35,12309.93,-60.0600000000002,6.14999999999964
Feb 2037,95.66,3.84,30.74,54.84,5.68,29.07,0.2,0.03,4.11,0,2.96,0,87.72,0.17,4.62,0.0,92.5,1288.82,12331.28,-4.529999999999969,21.3500000000004
Mar 2037,254.49,10.21,34.3,39.21,5.68,3.87,0.2,0.03,10.93,0,3.3,0,233.36,0.18,4.62,0.0,238.16,1260.98,12338.18,-27.8399999999999,6.89999999999964
Apr 2037,129.64,5.2,110.38,66.18,39.41,1.23,0.2,0.03,5.57,0,10.63,0,118.88,0.59,4.62,0.02,124.11,1258.34,12352.24,-2.6400000000001,14.0599999999995
May 2037,188.79,7.57,110.76,25.96,89.37,8.26,0.2,0.03,8.11,0,10.66,0,173.11,0.6,13.92,12.62,200.25,1292.07,12368.25,33.73,16.0100000000002
Jun 2037,22.47,0.9,47.15,15.87,41.92,14.53,0.2,0.03,0.96,0,4.54,0,20.61,0.25,22.01,16.07,58.93,1359.42,12374.24,67.35000000000011,5.989999999999781
Jul 2037,380.96,15.28,34.79,31.56,43.69,28.71,0.2,0.03,16.36,0,3.35,0,349.33,0.19,26.26,16.85,392.62,1364.97,12363.51,5.54999999999995,-10.729999999999599
Aug 2037,247.36,9.92,34.22,25.52,42.0,26.86,0.2,0.03,10.62,0,3.3,0,226.81,0.18,25.3,15.04,267.34,1353.85,12366.2,-11.1200000000001,2.6900000000005098
Sep 2037,135.33,5.43,32.03,16.44,30.92,13.16,0.2,0.03,5.81,0,3.08,0,124.09,0.17,18.99,11.67,154.93,1343.86,12364.91,-9.990000000000009,-1.29000000000087
Oct 2037,22.08,0.89,36.61,7.67,28.8,2.69,0.2,0.03,0.95,0,3.53,0,20.25,0.2,6.56,4.1,31.11,1342.8,12361.97,-1.0599999999999499,-2.9400000000005098
Nov 2037,288.58,11.57,35.33,47.97,5.68,10.34,0.2,0.03,12.39,0,3.4,0,264.62,0.19,4.62,0.0,269.43,1362.51,12362.17,19.71,0.20000000000072798
Dec 2037,121.54,4.87,34.42,91.4,5.69,61.29,0.2,0.03,5.22,0,3.31,0,111.45,0.18,4.62,0.0,116.25,1353.41,12377.8,-9.09999999999991,15.6299999999992
Jan 2038,238.16,9.55,37.9,43.67,5.69,5.75,0.2,0.03,10.23,0,3.65,0,218.38,0.2,4.62,0.0,223.21,1293.35,12386.17,-60.0600000000002,8.3700000000008
Feb 2038,235.5,9.45,41.41,70.03,5.69,29.07,0.2,0.03,10.11,0,3.99,0,215.94,0.22,4.62,0.0,220.79,1288.82,12399.88,-4.529999999999969,13.709999999999098
Mar 2038,395.69,15.87,65.72,73.1,5.69,3.87,0.2,0.03,16.99,0,6.33,0,362.83,0.35,4.62,0.0,367.8,1260.98,12413.81,-27.8399999999999,13.9300000000003
Apr 2038,93.91,3.77,167.67,116.2,39.42,1.23,0.2,0.03,4.03,0,16.14,0,86.11,0.9,4.62,0.3,91.93,1258.34,12436.96,-2.6400000000001,23.1499999999996
May 2038,111.41,4.47,192.73,95.73,90.72,8.84,0.2,0.03,4.78,0,18.56,0,102.16,1.04,14.69,12.68,130.57,1292.07,12456.67,33.73,19.7100000000009
Jun 2038,154.9,6.21,94.02,17.57,87.31,14.2,0.2,0.03,6.65,0,9.05,0,142.04,0.51,21.53,16.59,180.66,1359.42,12467.16,67.35000000000011,10.489999999999801
Jul 2038,227.01,9.1,42.01,25.66,45.69,24.5,0.2,0.03,9.75,0,4.05,0,208.16,0.23,27.4,16.55,252.34,1411.17,12466.11,51.75,-1.04999999999927
Aug 2038,449.16,18.01,34.89,35.09,35.95,21.68,0.2,0.03,19.29,0,3.36,0,411.86,0.19,21.85,14.47,448.37,1405.12,12463.18,-6.05000000000018,-2.93000000000029
Sep 2038,195.19,7.83,30.56,40.59,29.84,35.15,0.2,0.03,8.38,0,2.94,0,178.98,0.16,18.37,11.65,209.17,1397.7,12471.19,-7.41999999999985,8.01000000000022
Oct 2038,544.36,21.83,29.88,55.89,5.69,12.9,0.2,0.03,23.37,0,2.88,0,499.15,0.16,4.63,0.33,504.26,1374.18,12470.7,-23.52,-0.48999999999978205
Nov 2038,134.51,5.39,42.63,48.34,5.69,10.34,0.2,0.03,5.78,0,4.1,0,123.34,0.23,4.63,0.0,128.19,1362.51,12496.45,-11.6700000000001,25.75
Dec 2038,75.84,3.04,32.09,87.47,5.69,61.29,0.2,0.03,3.26,0,3.09,0,69.54,0.17,4.63,0.0,74.34,1353.41,12506.17,-9.09999999999991,9.719999999999349
Jan 2039,408.89,16.4,31.84,45.06,5.69,5.76,0.2,0.03,17.56,0,3.07,0,374.93,0.17,4.63,0.0,379.73,1293.35,12512.35,-60.0600000000002,6.180000000000289
Feb 2039,229.69,9.21,33.31,62.52,5.69,29.07,0.2,0.03,9.86,0,3.21,0,210.62,0.18,4.63,0.0,215.42,1288.82,12532.8,-4.529999999999969,20.449999999998898
Mar 2039,87.34,3.5,40.79,38.33,5.69,3.88,0.2,0.03,3.75,0,3.93,0,80.09,0.22,4.63,0.0,84.93,1260.98,12545.71,-27.8399999999999,12.9099999999999
Apr 2039,123.71,4.96,136.11,88.8,39.85,1.42,0.2,0.03,5.31,0,13.11,0,113.44,0.73,4.87,2.03,121.07,1258.34,12553.22,-2.6400000000001,7.510000000000219
May 2039,127.52,5.11,154.37,61.03,92.27,9.51,0.2,0.03,5.48,0,14.86,0,116.93,0.83,15.57,13.44,146.77,1292.07,12569.44,33.73,16.2200000000012
Jun 2039,24.66,0.99,58.99,16.04,52.13,14.19,0.2,0.03,1.06,0,5.68,0,22.62,0.32,21.45,16.21,60.6,1359.42,12576.17,67.35000000000011,6.72999999999956
Jul 2039,129.84,5.21,31.16,24.18,49.25,40.22,0.2,0.03,5.57,0,3.0,0,119.05,0.17,29.42,16.95,165.6,1376.09,12566.53,16.6699999999998,-9.63999999999942
Aug 2039,127.96,5.13,31.47,21.6,43.48,31.68,0.2,0.03,5.49,0,3.03,0,117.34,0.17,26.14,14.83,158.48,1355.85,12557.99,-20.24,-8.54000000000087
Sep 2039,264.8,10.62,27.61,19.52,25.53,9.63,0.2,0.03,11.37,0,2.66,0,242.81,0.15,15.72,10.61,269.3,1341.68,12551.52,-14.1699999999998,-6.469999999999349
Oct 2039,136.94,5.49,28.47,7.06,26.38,2.37,0.2,0.03,5.88,0,2.74,0,125.57,0.15,6.13,3.92,135.78,1342.03,12554.76,0.34999999999990905,3.23999999999978
Nov 2039,150.37,6.03,43.79,47.57,5.7,7.9,0.2,0.03,6.46,0,4.22,0,137.88,0.24,4.63,0.0,142.75,1360.07,12559.3,18.04,4.53999999999905
Dec 2039,25.56,1.03,32.21,85.56,5.7,61.3,0.2,0.03,1.1,0,3.1,0,23.44,0.17,4.63,0.0,28.24,1353.41,12569.8,-6.65999999999985,10.5
Jan 2040,118.09,4.74,31.78,33.35,5.7,5.76,0.2,0.03,5.07,0,3.06,0,108.29,0.17,4.63,0.0,113.09,1293.35,12573.84,-60.0600000000002,4.0400000000008705
Feb 2040,155.58,6.24,32.63,58.93,5.7,29.08,0.2,0.03,6.68,0,3.14,0,142.66,0.18,4.63,0.0,147.46,1288.82,12581.8,-4.529999999999969,7.9599999999991295
Mar 2040,159.95,6.42,39.2,39.81,5.7,3.88,0.2,0.03,6.87,0,3.77,0,146.66,0.21,4.63,0.0,151.51,1260.98,12591.45,-27.8399999999999,9.650000000001462
Apr 2040,115.06,4.61,119.94,73.86,39.97,1.47,0.2,0.03,4.94,0,11.55,0,105.51,0.64,4.94,2.22,113.31,1258.34,12601.93,-2.6400000000001,10.479999999999599
May 2040,71.29,2.86,102.72,13.02,91.4,9.28,0.2,0.03,3.06,0,9.89,0,65.37,0.55,14.93,14.02,94.87,1292.07,12616.03,33.73,14.100000000000401
Jun 2040,115.22,4.62,39.06,18.37,38.63,17.28,0.2,0.03,4.95,0,3.76,0,105.66,0.21,23.38,16.28,145.53,1359.42,12614.79,67.35000000000011,-1.2399999999997802
Jul 2040,377.94,15.16,30.44,32.66,45.68,35.83,0.2,0.03,16.23,0,2.93,0,346.56,0.16,27.39,17.35,391.46,1357.55,12607.05,-1.87000000000012,-7.7400000000016
Aug 2040,461.47,18.51,32.16,33.41,39.98,26.0,0.2,0.03,19.81,0,3.1,0,423.14,0.17,24.15,15.6,463.07,1340.18,12608.69,-17.3699999999999,1.64000000000124
Sep 2040,308.26,12.36,38.45,20.81,36.16,10.06,0.2,0.03,13.24,0,3.7,0,282.66,0.21,16.3,11.13,310.3,1330.18,12615.83,-10.0,7.13999999999942
Oct 2040,624.08,25.03,39.74,33.89,28.08,1.24,0.2,0.03,26.8,0,3.83,0,572.25,0.21,4.63,3.28,580.37,1340.14,12621.47,9.96000000000004,5.63999999999942
Nov 2040,56.7,2.27,35.64,38.93,5.71,10.35,0.2,0.03,2.43,0,3.43,0,51.99,0.19,4.64,0.0,56.82,1362.51,12648.65,22.3699999999999,27.1800000000003
Dec 2040,12.78,0.51,33.75,86.43,5.71,61.3,0.2,0.03,0.55,0,3.25,0,11.72,0.18,4.64,0.0,16.54,1353.41,12654.35,-9.09999999999991,5.700000000000731
Jan 2041,23.35,0.94,32.63,30.31,5.71,5.76,0.2,0.03,1.0,0,3.14,0,21.41,0.18,4.64,0.0,26.22,1293.35,12657.98,-60.0600000000002,3.6299999999992
Feb 2041,137.92,5.53,35.14,60.48,5.71,29.08,0.2,0.03,5.92,0,3.38,0,126.46,0.19,4.64,0.0,131.29,1288.82,12661.96,-4.529999999999969,3.9799999999995603
Mar 2041,173.94,6.98,56.72,56.11,5.71,3.88,0.2,0.03,7.47,0,5.46,0,159.5,0.3,4.64,0.0,164.44,1260.98,12671.09,-27.8399999999999,9.130000000001019
Apr 2041,82.55,3.31,125.52,73.87,46.47,4.27,0.2,0.03,3.54,0,12.09,0,75.69,0.67,8.64,8.9,93.9,1258.34,12683.86,-2.6400000000001,12.770000000000401
May 2041,8.17,0.33,146.58,47.34,95.64,10.96,0.2,0.03,0.35,0,14.11,0,7.49,0.79,17.49,14.29,40.06,1292.07,12690.42,33.73,6.55999999999949
Jun 2041,18.11,0.73,61.0,17.94,53.59,16.0,0.2,0.03,0.78,0,5.87,0,16.6,0.33,23.85,17.64,58.42,1359.42,12690.43,67.35000000000011,0.0100000000002183
Jul 2041,407.88,16.36,32.76,33.98,46.41,34.6,0.2,0.03,17.51,0,3.15,0,374.01,0.18,27.81,17.7,419.7,1373.33,12679.27,13.9099999999999,-11.1599999999999
Aug 2041,387.85,15.56,32.33,30.74,40.68,26.82,0.2,0.03,16.65,0,3.11,0,355.64,0.17,24.55,15.4,395.76,1357.49,12682.07,-15.8399999999999,2.7999999999992697
Sep 2041,452.02,18.13,27.99,26.29,25.89,8.92,0.2,0.03,19.41,0,2.69,0,414.48,0.15,14.78,11.04,440.45,1346.97,12686.26,-10.52,4.190000000000509
Oct 2041,257.03,10.31,27.74,16.21,21.29,2.28,0.2,0.03,11.04,0,2.67,0,235.68,0.15,6.01,4.35,246.19,1349.34,12697.16,2.36999999999989,10.899999999999599
Nov 2041,93.79,3.76,31.66,36.84,5.72,10.35,0.2,0.03,4.03,0,3.05,0,86.0,0.17,4.64,0.0,90.81,1362.51,12706.35,13.1700000000001,9.190000000000511
Dec 2041,224.92,9.02,29.27,90.9,5.72,61.3,0.2,0.03,9.66,0,2.82,0,206.24,0.16,4.64,0.0,211.04,1353.41,12713.26,-9.09999999999991,6.90999999999985
Jan 2042,115.04,4.61,28.6,30.36,5.72,5.77,0.2,0.03,4.94,0,2.75,0,105.49,0.15,4.64,0.0,110.29,1293.35,12725.56,-60.0600000000002,12.2999999999993
Feb 2042,104.48,4.19,29.75,54.28,5.72,29.09,0.2,0.03,4.49,0,2.86,0,95.8,0.16,4.64,0.0,100.6,1288.82,12733.09,-4.529999999999969,7.530000000000651
Mar 2042,18.7,0.75,32.83,28.41,5.72,3.89,0.2,0.03,0.8,0,3.16,0,17.14,0.18,4.64,0.0,21.96,1260.98,12740.27,-27.8399999999999,7.180000000000289
Apr 2042,47.77,1.92,62.89,18.16,43.06,2.8,0.2,0.03,2.05,0,6.06,0,43.8,0.34,6.7,5.72,56.56,1258.34,12744.06,-2.6400000000001,3.7899999999990497
May 2042,47.02,1.89,220.73,117.26,92.54,9.63,0.2,0.03,2.02,0,21.25,0,43.11,1.19,15.73,13.02,73.05,1292.07,12746.28,33.73,2.22000000000116
Jun 2042,52.49,2.11,141.14,43.13,102.86,17.1,0.2,0.03,2.25,0,13.59,0,48.14,0.76,25.6,17.12,91.61,1359.42,12756.36,67.35000000000011,10.0799999999999
Jul 2042,529.14,21.22,52.43,36.9,47.52,16.1,0.2,0.03,22.72,0,5.05,0,485.2,0.28,24.29,16.72,526.48,1419.75,12754.92,60.32999999999989,-1.44000000000051
Aug 2042,372.94,14.96,39.81,56.64,39.03,44.94,0.2,0.03,16.01,0,3.83,0,341.97,0.21,23.61,14.89,380.68,1427.05,12765.8,7.29999999999995,10.8799999999992
Sep 2042,321.49,12.89,34.54,51.29,26.22,33.59,0.2,0.03,13.8,0,3.33,0,294.79,0.19,16.31,11.2,322.49,1397.7,12770.58,-29.3499999999999,4.78000000000065
Oct 2042,537.84,21.57,41.58,66.12,5.72,12.92,0.2,0.03,23.09,0,4.0,0,493.18,0.22,4.65,0.46,498.51,1374.18,12776.35,-23.52,5.77000000000044
Nov 2042,307.13,12.32,46.11,58.37,5.72,10.36,0.2,0.03,13.19,0,4.44,0,281.62,0.25,4.65,0.0,286.51,1362.51,12802.81,-11.6700000000001,26.459999999999102
Dec 2042,346.85,13.91,38.58,104.15,5.73,61.31,0.2,0.03,14.89,0,3.71,0,318.05,0.21,4.65,0.0,322.9,1353.41,12820.27,-9.09999999999991,17.4600000000009
Jan 2043,256.42,10.28,34.97,41.75,5.73,5.77,0.2,0.03,11.01,0,3.37,0,235.13,0.19,4.65,0.0,239.96,1293.35,12838.71,-60.0600000000002,18.439999999998697
Feb 2043,86.48,3.47,35.94,59.12,5.73,29.09,0.2,0.03,3.71,0,3.46,0,79.29,0.19,4.65,0.0,84.13,1288.82,12852.91,-4.529999999999969,14.2000000000007
Mar 2043,98.23,3.94,70.32,65.28,5.73,3.89,0.2,0.03,4.22,0,6.77,0,90.07,0.38,4.65,0.0,95.1,1260.98,12859.92,-27.8399999999999,7.010000000000219
Apr 2043,106.17,4.26,151.98,102.36,39.85,1.42,0.2,0.03,4.56,0,14.63,0,97.35,0.82,4.87,1.86,104.91,1258.34,12870.73,-2.6400000000001,10.8099999999995
May 2043,112.23,4.5,140.29,49.19,89.79,8.44,0.2,0.03,4.82,0,13.51,0,102.91,0.75,14.16,12.27,130.09,1292.07,12887.89,33.73,17.1599999999999
Jun 2043,2.99,0.12,44.1,16.1,38.53,14.89,0.2,0.03,0.13,0,4.25,0,2.74,0.24,22.46,16.42,41.85,1359.42,12893.78,67.35000000000011,5.89000000000124
Jul 2043,312.88,12.55,29.33,30.81,47.24,39.15,0.2,0.03,13.43,0,2.82,0,286.9,0.16,28.28,17.39,332.73,1360.78,12881.56,1.3599999999999,-12.2200000000012
Aug 2043,525.82,21.09,30.44,34.21,35.49,21.26,0.2,0.03,22.58,0,2.93,0,482.16,0.16,21.6,14.73,518.65,1340.75,12880.26,-20.03,-1.29999999999927
Sep 2043,487.93,19.57,31.54,26.64,29.38,8.12,0.2,0.03,20.95,0,3.04,0,447.41,0.17,13.72,10.63,471.94,1333.56,12890.86,-7.19000000000005,10.600000000000401
Oct 2043,397.02,15.92,31.91,18.86,26.98,1.25,0.21,0.03,17.05,0,3.07,0,364.05,0.17,4.65,1.0,369.88,1341.27,12904.04,7.710000000000041,13.1800000000003
Nov 2043,59.0,2.37,32.26,35.97,5.73,10.36,0.21,0.03,2.53,0,3.11,0,54.1,0.17,4.65,0.0,58.93,1362.51,12922.99,21.24,18.949999999998898
Dec 2043,93.77,3.76,31.78,87.89,5.73,61.31,0.21,0.03,4.03,0,3.06,0,85.98,0.17,4.65,0.0,90.81,1353.41,12928.46,-9.09999999999991,5.469999999999349
Jan 2044,539.13,21.62,31.29,49.78,5.73,5.78,0.21,0.03,23.15,0,3.01,0,494.36,0.17,4.65,0.0,499.18,1293.35,12935.37,-60.0600000000002,6.91000000000167
Feb 2044,143.33,5.75,32.03,57.88,5.74,29.09,0.21,0.03,6.15,0,3.08,0,131.43,0.17,4.65,0.0,136.25,1288.82,12961.36,-4.529999999999969,25.9899999999998
Mar 2044,131.34,5.27,39.2,38.64,5.74,3.9,0.21,0.03,5.64,0,3.77,0,120.44,0.21,4.65,0.0,125.3,1260.98,12970.43,-27.8399999999999,9.06999999999971
Apr 2044,113.34,4.55,189.9,136.86,39.58,1.31,0.21,0.03,4.87,0,18.29,0,103.92,1.02,4.72,1.13,110.8,1258.34,12979.67,-2.6400000000001,9.23999999999978
May 2044,92.68,3.72,232.24,130.65,90.41,8.71,0.21,0.03,3.98,0,22.36,0,84.99,1.25,14.51,12.4,113.15,1292.07,13001.52,33.73,21.8500000000004
Jun 2044,39.7,1.59,149.67,50.42,102.62,17.0,0.21,0.03,1.7,0,14.41,0,36.4,0.8,25.47,17.01,79.69,1359.42,13015.29,67.35000000000011,13.770000000000401
Jul 2044,513.28,20.59,37.6,35.38,40.77,21.79,0.21,0.03,22.04,0,3.62,0,470.66,0.2,24.6,16.77,512.23,1419.75,13014.22,60.32999999999989,-1.07000000000153
Aug 2044,406.14,16.29,33.98,40.4,38.29,31.88,0.21,0.03,17.44,0,3.27,0,372.42,0.18,23.19,14.86,410.65,1414.31,13022.93,-5.44000000000005,8.71000000000095
Sep 2044,429.28,17.22,56.35,76.22,24.45,32.83,0.21,0.03,18.43,0,5.43,0,393.63,0.3,15.31,11.2,420.43,1397.7,13028.61,-16.6099999999999,5.680000000000289
Oct 2044,275.7,11.06,124.6,128.25,9.13,14.39,0.21,0.03,11.84,0,12.0,0,252.8,0.67,6.59,5.26,265.32,1374.18,13041.1,-23.52,12.4899999999998
Nov 2044,228.63,9.17,97.95,101.79,5.74,10.36,0.21,0.03,9.82,0,9.43,0,209.64,0.53,4.66,0.0,214.83,1362.51,13059.5,-11.6700000000001,18.3999999999996
Dec 2044,108.15,4.34,47.65,102.72,5.74,61.32,0.21,0.03,4.64,0,4.59,0,99.17,0.26,4.66,0.0,104.08,1353.41,13078.58,-9.09999999999991,19.0799999999999
Jan 2045,192.06,7.7,42.2,45.65,5.74,5.78,0.21,0.03,8.25,0,4.06,0,176.11,0.23,4.66,0.0,180.99,1293.35,13087.64,-60.0600000000002,9.059999999999489
Feb 2045,45.38,1.82,52.49,72.33,5.74,29.1,0.21,0.03,1.95,0,5.05,0,41.61,0.28,4.66,0.0,46.55,1288.82,13099.77,-4.529999999999969,12.130000000000999
Mar 2045,337.43,13.53,94.65,96.71,5.75,3.9,0.21,0.03,14.49,0,9.11,0,309.41,0.51,4.66,0.0,314.57,1260.98,13106.6,-27.8399999999999,6.82999999999993
Apr 2045,99.29,3.98,164.91,113.91,39.47,1.26,0.21,0.03,4.26,0,15.88,0,91.05,0.89,4.66,0.2,96.79,1258.34,13130.03,-2.6400000000001,23.4300000000003
May 2045,82.08,3.29,202.58,101.59,93.9,10.22,0.21,0.03,3.52,0,19.51,0,75.26,1.09,16.5,13.79,106.64,1292.07,13149.81,33.73,19.7799999999988
Jun 2045,24.8,0.99,106.23,16.84,92.53,12.94,0.21,0.03,1.06,0,10.23,0,22.74,0.57,19.43,16.99,59.73,1359.42,13158.87,67.35000000000011,9.06000000000131
Jul 2045,132.77,5.33,47.57,23.76,51.13,26.83,0.21,0.03,5.7,0,4.58,0,121.75,0.26,30.5,17.42,169.92,1419.75,13153.0,60.32999999999989,-5.8700000000007995
Aug 2045,809.89,32.48,34.42,60.46,31.18,28.23,0.21,0.03,34.77,0,3.31,0,742.64,0.18,19.14,15.05,777.02,1413.72,13145.69,-6.02999999999997,-7.30999999999949
Sep 2045,503.3,20.19,31.16,58.21,21.56,31.59,0.21,0.03,21.61,0,3.0,0,461.51,0.17,13.67,10.67,486.01,1397.7,13168.55,-16.02,22.859999999998802
Oct 2045,28.26,1.13,29.27,32.85,8.85,14.27,0.21,0.03,1.21,0,2.82,0,25.91,0.16,6.43,3.88,36.38,1374.18,13182.31,-23.52,13.7600000000002
Nov 2045,281.99,11.31,38.45,50.47,5.75,10.37,0.21,0.03,12.11,0,3.7,0,258.58,0.21,4.66,0.0,263.45,1362.51,13182.3,-11.6700000000001,-0.0100000000002183
Dec 2045,252.1,10.11,31.54,94.01,5.75,61.32,0.21,0.03,10.82,0,3.04,0,231.16,0.17,4.66,0.0,236.0,1353.41,13197.93,-9.09999999999991,15.630000000000999
Jan 2046,164.26,6.59,31.41,34.84,5.75,5.78,0.21,0.03,7.05,0,3.02,0,150.62,0.17,4.66,0.0,155.45,1293.35,13211.62,-60.0600000000002,13.6900000000005
Feb 2046,116.69,4.68,33.75,58.35,5.75,29.1,0.21,0.03,5.01,0,3.25,0,107.0,0.18,4.66,0.0,111.84,1288.82,13221.53,-4.529999999999969,9.90999999999985
Mar 2046,199.84,8.02,49.07,50.25,5.75,3.91,0.21,0.03,8.58,0,4.72,0,183.24,0.26,4.66,0.0,188.17,1260.98,13229.61,-27.8399999999999,8.079999999999929
Apr 2046,63.64,2.55,134.82,84.86,40.52,1.71,0.21,0.03,2.73,0,12.98,0,58.35,0.72,5.26,2.81,67.14,1258.34,13242.74,-2.6400000000001,13.1299999999992
May 2046,17.71,0.71,55.98,10.65,49.28,8.93,0.21,0.03,0.76,0,5.39,0,16.24,0.3,14.38,13.83,44.75,1292.07,13255.48,33.73,12.7399999999998
Jun 2046,143.16,5.74,33.75,20.46,39.84,24.24,0.21,0.03,6.15,0,3.25,0,131.28,0.18,24.07,16.8,172.33,1318.21,13247.62,26.1400000000001,-7.85999999999876
Jul 2046,560.2,22.47,28.23,36.5,37.19,25.86,0.21,0.03,24.05,0,2.72,0,513.68,0.15,22.56,16.04,552.43,1309.91,13240.04,-8.29999999999995,-7.57999999999993
Aug 2046,341.96,13.72,31.47,28.05,38.52,24.59,0.21,0.03,14.68,0,3.03,0,313.56,0.17,23.32,14.59,351.64,1298.86,13250.6,-11.0500000000002,10.559999999999501
Sep 2046,258.81,10.38,30.56,20.79,29.26,12.22,0.21,0.03,11.11,0,2.94,0,237.31,0.16,18.05,11.77,267.3,1289.64,13253.55,-9.219999999999802,2.9499999999989104
Oct 2046,330.03,13.24,30.44,14.77,28.3,2.49,0.21,0.03,14.17,0,2.93,0,302.62,0.16,6.28,5.13,314.2,1288.81,13255.66,-0.830000000000155,2.11000000000058
Nov 2046,201.51,8.08,42.2,7.92,39.34,1.27,0.21,0.03,8.65,0,4.06,0,184.78,0.23,4.67,0.0,189.67,1308.52,13267.46,19.71,11.7999999999993
Dec 2046,493.86,19.81,31.91,92.73,5.76,50.02,0.21,0.03,21.21,0,3.07,0,452.85,0.17,4.67,0.0,457.69,1342.1,13280.0,33.5799999999999,12.540000000000902
Jan 2047,148.43,5.95,31.36,34.15,5.76,5.79,0.21,0.03,6.37,0,3.02,0,136.11,0.17,4.67,0.0,140.94,1293.35,13304.1,-48.75,24.1000000000004
Feb 2047,247.34,9.92,32.16,62.15,5.76,29.11,0.21,0.03,10.62,0,3.1,0,226.8,0.17,4.67,0.0,231.64,1288.82,13313.32,-4.529999999999969,9.219999999999349
Mar 2047,173.23,6.95,36.73,38.09,5.76,3.91,0.21,0.03,7.44,0,3.54,0,158.84,0.2,4.67,0.0,163.71,1260.98,13326.86,-27.8399999999999,13.540000000000902
Apr 2047,151.48,6.08,116.69,72.42,39.95,1.47,0.21,0.03,6.5,0,11.24,0,138.9,0.63,4.93,2.25,146.71,1258.34,13337.66,-2.6400000000001,10.7999999999993
May 2047,12.23,0.49,668.26,517.3,93.61,10.09,0.21,0.03,0.53,0,64.35,0,11.21,3.59,16.34,13.44,44.59,1292.07,13352.98,33.73,15.3199999999997
Jun 2047,24.85,1.0,344.54,224.24,103.76,17.49,0.21,0.03,1.07,0,33.18,0,22.78,1.85,26.11,17.35,68.09,1359.42,13404.23,67.35000000000011,51.25
Jul 2047,162.83,6.53,56.95,23.5,54.29,20.1,0.21,0.03,6.99,0,5.48,0,149.31,0.31,29.57,17.17,196.35,1419.75,13420.96,60.32999999999989,16.7299999999996
Aug 2047,225.02,9.02,42.2,48.95,41.49,43.5,0.21,0.03,9.66,0,4.06,0,206.33,0.23,25.01,14.78,246.35,1424.55,13416.09,4.79999999999995,-4.8699999999989805
Sep 2047,10.48,0.42,37.78,40.26,28.82,34.71,0.21,0.03,0.45,0,3.64,0,9.61,0.2,17.8,10.63,38.24,1397.7,13414.86,-26.8499999999999,-1.2299999999995601
Oct 2047,154.46,6.2,35.58,43.13,9.64,14.61,0.21,0.03,6.63,0,3.43,0,141.64,0.19,6.88,4.97,153.68,1374.18,13408.15,-23.52,-6.71000000000095
Nov 2047,290.55,11.65,42.87,54.78,5.77,10.38,0.21,0.03,12.48,0,4.13,0,266.42,0.23,4.67,0.0,271.32,1362.51,13413.06,-11.6700000000001,4.90999999999985
Dec 2047,96.53,3.87,31.59,87.81,5.77,61.33,0.21,0.03,4.14,0,3.04,0,88.51,0.17,4.67,0.0,93.35,1353.41,13429.49,-9.09999999999991,16.4300000000003
Jan 2048,197.55,7.92,31.59,36.32,5.77,5.79,0.21,0.03,8.48,0,3.04,0,181.15,0.17,4.67,0.0,185.99,1293.35,13436.5,-60.0600000000002,7.010000000000219
Feb 2048,172.11,6.9,32.58,59.51,5.77,29.11,0.21,0.03,7.39,0,3.14,0,157.81,0.18,4.67,0.0,162.66,1288.82,13447.85,-4.529999999999969,11.350000000000401
Mar 2048,263.24,10.56,40.67,45.23,5.77,3.91,0.21,0.03,11.3,0,3.92,0,241.38,0.22,4.67,0.0,246.27,1260.98,13458.2,-27.8399999999999,10.350000000000401
Apr 2048,115.81,4.64,104.99,60.73,39.51,1.28,0.21,0.03,4.97,0,10.11,0,106.19,0.56,4.68,0.57,112.0,1258.34,13473.24,-2.6400000000001,15.039999999999099
May 2048,266.89,10.7,442.44,327.45,88.68,7.97,0.21,0.03,11.46,0,42.6,0,244.72,2.38,13.53,12.81,273.44,1292.07,13487.58,33.73,14.3400000000001
Jun 2048,143.2,5.74,185.87,87.68,101.59,16.55,0.21,0.03,6.15,0,17.9,0,131.3,1.0,24.88,17.23,174.42,1359.42,13528.66,67.35000000000011,41.0799999999999
Jul 2048,511.75,20.53,37.9,35.95,42.27,23.64,0.21,0.03,21.97,0,3.65,0,469.25,0.2,25.46,17.17,512.08,1419.75,13535.29,60.32999999999989,6.6300000000010195
Aug 2048,614.85,24.66,38.33,54.88,32.3,28.09,0.21,0.03,26.4,0,3.69,0,563.79,0.21,19.78,14.3,598.08,1413.1,13543.57,-6.650000000000089,8.27999999999884
Sep 2048,498.43,19.99,30.19,58.77,18.71,30.36,0.21,0.03,21.4,0,2.91,0,457.04,0.16,12.04,9.73,478.97,1397.7,13559.18,-15.399999999999899,15.610000000000598
Oct 2048,342.95,13.76,27.8,44.22,8.72,14.21,0.21,0.03,14.73,0,2.68,0,314.47,0.15,6.36,5.3,326.28,1374.18,13573.59,-23.52,14.4099999999999
Nov 2048,173.28,6.95,30.32,38.79,5.77,10.38,0.21,0.03,7.44,0,2.92,0,158.89,0.16,4.68,0.0,163.73,1362.51,13585.51,-11.6700000000001,11.9200000000001
Dec 2048,146.39,5.87,29.45,87.89,5.78,61.33,0.21,0.03,6.29,0,2.84,0,134.23,0.16,4.68,0.0,139.07,1353.41,13595.7,-9.09999999999991,10.190000000000499
Jan 2049,408.11,16.37,27.99,41.53,5.78,5.8,0.21,0.03,17.52,0,2.69,0,374.22,0.15,4.68,0.0,379.05,1293.35,13604.64,-60.0600000000002,8.93999999999869
Feb 2049,17.47,0.7,29.65,50.67,5.78,29.11,0.21,0.03,0.75,0,2.85,0,16.02,0.16,4.68,0.0,20.86,1288.82,13624.69,-4.529999999999969,20.050000000001102
Mar 2049,109.8,4.4,33.42,32.57,5.78,3.92,0.21,0.03,4.71,0,3.22,0,100.68,0.18,4.68,0.0,105.54,1260.98,13628.12,-27.8399999999999,3.43000000000029
Apr 2049,32.18,1.29,93.05,46.36,40.02,1.49,0.21,0.03,1.38,0,8.96,0,29.5,0.5,4.97,1.82,36.8,1258.34,13635.87,-2.6400000000001,7.75
May 2049,12.22,0.49,73.98,10.66,64.45,8.16,0.21,0.03,0.52,0,7.12,0,11.21,0.4,13.12,14.0,38.72,1292.07,13644.21,33.73,8.33999999999833
Jun 2049,6.01,0.24,35.64,18.45,43.59,29.78,0.21,0.03,0.26,0,3.43,0,5.51,0.19,26.15,17.98,49.83,1335.42,13637.68,43.35000000000011,-6.52999999999884
Jul 2049,234.76,9.42,29.02,28.35,48.73,41.59,0.21,0.03,10.08,0,2.79,0,215.27,0.16,29.13,17.35,261.9,1323.25,13623.22,-12.1700000000001,-14.460000000000901
Aug 2049,454.85,18.24,31.66,32.12,37.49,22.92,0.21,0.03,19.53,0,3.05,0,417.08,0.17,22.73,14.89,454.87,1301.43,13618.57,-21.8199999999999,-4.64999999999964
Sep 2049,125.8,5.05,27.68,16.26,30.54,16.88,0.21,0.03,5.4,0,2.67,0,115.35,0.15,18.78,11.49,145.77,1293.45,13626.08,-7.980000000000019,7.510000000000219
Oct 2049,27.68,1.11,35.27,3.02,31.97,2.19,0.21,0.03,1.19,0,3.4,0,25.38,0.19,5.54,3.67,34.78,1288.5,13622.49,-4.95000000000005,-3.5900000000001495
Nov 2049,168.72,6.77,42.08,6.59,39.25,1.28,0.21,0.03,7.24,0,4.05,0,154.71,0.23,4.68,0.0,159.62,1312.91,13623.22,24.4100000000001,0.729999999999563
Dec 2049,46.31,1.86,31.16,78.38,5.78,54.31,0.21,0.03,1.99,0,3.0,0,42.46,0.17,4.68,0.0,47.31,1346.38,13634.34,33.47,11.1200000000008
Jan 2050,579.77,23.25,30.79,50.93,5.78,5.8,0.21,0.03,24.89,0,2.96,0,531.63,0.17,4.68,0.0,536.48,1293.35,13639.15,-53.0300000000002,4.809999999999491
Feb 2050,103.31,4.14,31.66,55.92,5.78,29.12,0.21,0.03,4.44,0,3.05,0,94.73,0.17,4.68,0.0,99.58,1288.82,13666.83,-4.529999999999969,27.6800000000003
Mar 2050,157.12,6.3,35.27,36.12,5.79,3.92,0.21,0.03,6.75,0,3.4,0,144.08,0.19,4.68,0.0,148.95,1260.98,13674.14,-27.8399999999999,7.30999999999949
Apr 2050,14.17,0.57,107.81,57.96,41.67,2.21,0.21,0.03,0.61,0,10.38,0,12.99,0.58,5.91,4.19,23.67,1258.34,13684.1,-2.6400000000001,9.96000000000095
May 2050,15.92,0.64,150.69,51.96,94.55,10.5,0.21,0.03,0.68,0,14.51,0,14.6,0.81,16.88,13.82,46.1,1292.07,13690.72,33.73,6.6199999999989805
Jun 2050,67.95,2.73,48.63,18.38,45.0,16.98,0.21,0.03,2.92,0,4.68,0,62.31,0.26,25.37,17.41,105.35,1359.42,13691.92,67.35000000000011,1.20000000000073
Jul 2050,205.24,8.23,32.88,27.28,49.73,39.24,0.21,0.03,8.81,0,3.17,0,188.19,0.18,29.71,17.44,235.52,1362.26,13681.93,2.83999999999992,-9.98999999999978
Aug 2050,338.91,13.59,30.74,28.48,39.67,26.95,0.21,0.03,14.55,0,2.96,0,310.77,0.17,23.98,14.87,349.78,1343.22,13676.29,-19.04,-5.63999999999942
Sep 2050,204.64,8.21,29.52,17.76,27.4,10.44,0.21,0.03,8.79,0,2.84,0,187.65,0.16,16.79,10.85,215.45,1332.14,13678.75,-11.0799999999999,2.45999999999913
Oct 2050,629.83,25.26,30.12,25.95,27.99,1.62,0.21,0.03,27.04,0,2.9,0,577.53,0.16,5.14,4.95,587.78,1332.5,13679.36,0.3599999999999,0.6100000000005821
Nov 2050,262.93,10.55,35.94,38.82,5.79,1.78,0.21,0.03,11.29,0,3.46,0,241.09,0.19,4.69,0.0,245.97,1353.91,13704.17,21.410000000000103,24.809999999999498
Dec 2050,146.01,5.86,30.49,88.8,5.79,61.34,0.21,0.03,6.27,0,2.94,0,133.88,0.16,4.69,0.0,138.73,1353.41,13718.74,-0.5,14.5699999999997
Jan 2051,177.38,7.11,30.44,34.47,5.79,5.8,0.21,0.03,7.62,0,2.93,0,162.65,0.16,4.69,0.0,167.5,1293.35,13727.77,-60.0600000000002,9.030000000000651
Feb 2051,246.97,9.91,32.26,62.21,5.79,29.12,0.21,0.03,10.6,0,3.11,0,226.46,0.17,4.69,0.0,231.32,1288.82,13738.14,-4.529999999999969,10.369999999999
Mar 2051,466.94,18.73,54.33,65.67,5.79,3.93,0.21,0.03,20.05,0,5.23,0,428.16,0.29,4.69,0.0,433.14,1260.98,13751.67,-27.8399999999999,13.5300000000007
Apr 2051,202.92,8.14,100.51,60.13,39.63,1.33,0.21,0.03,8.71,0,9.68,0,186.06,0.54,4.75,1.5,192.85,1258.34,13776.77,-2.6400000000001,25.1000000000004
May 2051,179.49,7.2,40.42,13.53,38.08,8.11,0.21,0.03,7.71,0,3.89,0,164.58,0.22,13.71,12.35,190.86,1292.07,13793.48,33.73,16.7099999999991
Jun 2051,98.8,3.96,28.53,18.99,39.57,28.96,0.21,0.03,4.24,0,2.75,0,90.6,0.15,23.92,16.45,131.12,1308.5,13792.56,16.4300000000001,-0.920000000000073
Jul 2051,340.57,13.66,26.76,30.12,42.55,34.97,0.21,0.03,14.62,0,2.58,0,312.28,0.14,25.62,16.3,354.35,1295.37,13782.92,-13.1300000000001,-9.63999999999942
Aug 2051,682.92,27.39,30.07,39.11,32.19,16.9,0.21,0.03,29.32,0,2.9,0,626.2,0.16,19.72,14.63,660.71,1277.51,13783.64,-17.859999999999896,0.7199999999993449
Sep 2051,254.0,10.19,27.86,19.94,27.18,11.91,0.21,0.03,10.91,0,2.68,0,232.91,0.15,16.87,11.13,261.05,1273.26,13801.05,-4.25,17.4099999999999
Oct 2051,287.19,11.52,30.67,11.93,28.53,1.38,0.21,0.03,12.33,0,2.95,0,263.34,0.16,4.82,1.99,270.31,1271.84,13803.33,-1.42000000000007,2.28000000000065
Nov 2051,225.43,9.04,37.06,8.83,34.79,1.28,0.21,0.03,9.68,0,3.57,0,206.71,0.2,4.69,0.0,211.6,1294.34,13816.45,22.5,13.1200000000008
Dec 2051,314.77,12.62,31.47,66.36,5.8,31.27,0.21,0.03,13.52,0,3.03,0,288.63,0.17,4.69,0.0,293.49,1323.33,13829.52,28.99,13.0699999999997
Jan 2052,427.57,17.15,31.47,45.42,5.8,5.81,0.21,0.03,18.36,0,3.03,0,392.07,0.17,4.69,0.0,396.93,1293.35,13845.88,-29.98,16.359999999998802
Feb 2052,251.75,10.1,32.88,62.96,5.8,29.13,0.21,0.03,10.81,0,3.17,0,230.85,0.18,4.69,0.0,235.71,1288.82,13867.09,-4.529999999999969,21.2100000000009
Mar 2052,26.3,1.05,43.72,38.46,5.8,3.93,0.21,0.03,1.13,0,4.21,0,24.11,0.23,4.69,0.0,29.04,1260.98,13880.89,-27.8399999999999,13.7999999999993
Apr 2052,26.3,1.06,108.05,59.87,39.54,1.29,0.21,0.03,1.13,0,10.4,0,24.12,0.58,4.7,0.27,29.67,1258.34,13886.05,-2.6400000000001,5.15999999999985
May 2052,5.88,0.24,64.73,10.85,56.29,8.75,0.21,0.03,0.25,0,6.23,0,5.39,0.35,14.0,14.22,33.96,1292.07,13897.13,33.73,11.0799999999999
Jun 2052,119.1,4.78,35.47,20.59,42.7,26.65,0.21,0.03,5.11,0,3.41,0,109.21,0.19,25.7,17.52,152.63,1325.78,13889.22,33.71,-7.90999999999985
Jul 2052,232.16,9.31,29.02,28.68,49.74,43.03,0.21,0.03,9.97,0,2.79,0,212.88,0.16,29.71,17.58,260.32,1316.31,13880.05,-9.470000000000029,-9.170000000000071
Aug 2052,661.33,26.52,32.03,38.59,33.37,16.67,0.21,0.03,28.4,0,3.08,0,606.41,0.17,20.39,14.84,641.82,1293.48,13875.05,-22.8299999999999,-5.0
Sep 2052,211.75,8.49,27.86,19.4,29.88,15.77,0.21,0.03,9.09,0,2.68,0,194.16,0.15,18.4,11.71,224.43,1289.97,13891.5,-3.5099999999999905,16.4500000000007
Oct 2052,213.75,8.57,28.16,10.75,26.06,2.94,0.21,0.03,9.18,0,2.71,0,196.0,0.15,6.88,5.26,208.29,1285.86,13891.39,-4.11000000000013,-0.11000000000058198
Nov 2052,107.82,4.32,32.21,4.51,30.04,1.29,0.21,0.03,4.63,0,3.1,0,98.86,0.17,4.7,0.0,103.73,1302.28,13897.85,16.4200000000001,6.46000000000095
Dec 2052,135.17,5.42,29.88,60.91,5.81,34.45,0.21,0.03,5.8,0,2.88,0,123.94,0.16,4.7,0.0,128.8,1326.51,13905.4,24.23,7.549999999999269
Jan 2053,658.53,26.41,29.88,53.26,5.81,5.81,0.21,0.03,28.28,0,2.88,0,603.84,0.16,4.7,0.0,608.7,1293.35,13913.9,-33.1600000000001,8.5
Feb 2053,234.05,9.39,30.67,60.26,5.81,29.13,0.21,0.03,10.05,0,2.95,0,214.62,0.16,4.7,0.0,219.48,1288.82,13944.87,-4.529999999999969,30.970000000001196
Mar 2053,44.43,1.78,34.1,30.54,5.81,3.93,0.21,0.03,1.91,0,3.28,0,40.74,0.18,4.7,0.0,45.62,1260.98,13957.7,-27.8399999999999,12.8299999999999
Apr 2053,15.74,0.63,152.53,98.63,40.91,1.88,0.21,0.03,0.68,0,14.69,0,14.43,0.82,5.48,3.2,23.93,1258.34,13962.71,-2.6400000000001,5.0099999999984
May 2053,77.67,3.12,126.87,33.14,94.37,10.42,0.21,0.03,3.33,0,12.22,0,71.22,0.68,16.77,13.93,102.6,1292.07,13974.69,33.73,11.9800000000014
Jun 2053,30.71,1.23,39.81,17.33,40.57,20.89,0.21,0.03,1.32,0,3.83,0,28.16,0.21,24.44,16.93,69.75,1359.42,13976.13,67.35000000000011,1.4399999999986899
Jul 2053,448.93,18.01,28.95,34.79,43.73,34.5,0.21,0.03,19.28,0,2.79,0,411.65,0.16,26.29,17.2,455.29,1354.83,13964.17,-4.59000000000015,-11.959999999999098
Aug 2053,610.16,24.47,30.74,37.34,34.98,20.24,0.21,0.03,26.2,0,2.96,0,559.49,0.17,21.31,15.01,595.98,1337.95,13968.86,-16.8799999999999,4.690000000000509
Sep 2053,90.6,3.63,27.56,14.03,28.63,14.26,0.21,0.03,3.89,0,2.65,0,83.08,0.15,17.69,10.76,111.68,1331.56,13982.83,-6.3900000000001,13.9699999999993
Oct 2053,9.67,0.39,28.03,3.58,25.06,3.07,0.21,0.03,0.42,0,2.7,0,8.86,0.15,6.81,5.07,20.9,1328.42,13978.43,-3.13999999999987,-4.39999999999964
Nov 2053,89.19,3.58,30.79,17.09,15.44,1.29,0.21,0.03,3.83,0,2.96,0,81.78,0.17,4.7,0.0,86.65,1343.78,13976.29,15.3599999999999,-2.13999999999942
Dec 2053,496.7,19.92,29.08,101.58,5.81,61.35,0.21,0.03,21.33,0,2.8,0,455.45,0.16,4.7,0.0,460.31,1353.41,13982.91,9.63000000000011,6.6199999999989805
Jan 2054,473.23,18.98,27.86,44.0,5.82,5.81,0.21,0.03,20.32,0,2.68,0,433.93,0.15,4.7,0.0,438.78,1293.35,14006.86,-60.0600000000002,23.950000000000703
Feb 2054,152.07,6.1,30.74,57.03,5.82,29.13,0.21,0.03,6.53,0,2.96,0,139.44,0.17,4.7,0.0,144.31,1288.82,14029.68,-4.529999999999969,22.8199999999997
Mar 2054,217.24,8.71,36.93,40.01,5.82,3.94,0.21,0.03,9.33,0,3.56,0,199.2,0.2,4.7,0.0,204.1,1260.98,14038.99,-27.8399999999999,9.309999999999489
Apr 2054,185.75,7.45,107.63,65.46,40.29,1.61,0.21,0.03,7.98,0,10.36,0,170.33,0.58,5.13,2.98,179.01,1258.34,14051.69,-2.6400000000001,12.7000000000007
May 2054,39.74,1.59,106.65,14.97,91.71,9.28,0.21,0.03,1.71,0,10.27,0,36.44,0.57,15.26,12.63,64.9,1292.07,14066.87,33.73,15.1800000000003
Jun 2054,194.86,7.82,37.6,21.8,38.86,19.07,0.21,0.03,8.37,0,3.62,0,178.68,0.2,23.52,16.78,219.18,1359.42,14066.04,67.35000000000011,-0.829999999999927
Jul 2054,569.54,22.84,29.27,37.93,39.84,28.62,0.21,0.03,24.45,0,2.82,0,522.24,0.16,24.07,16.81,563.28,1355.88,14061.07,-3.53999999999996,-4.97000000000116
Aug 2054,1253.28,50.27,31.41,56.72,29.26,7.49,0.21,0.03,53.81,0,3.02,0,1149.2,0.17,12.9,14.27,1176.54,1343.2,14071.35,-12.680000000000101,10.2800000000007
Sep 2054,251.46,10.09,27.68,19.63,26.67,11.34,0.21,0.03,10.8,0,2.67,0,230.58,0.15,16.57,10.96,258.25,1352.24,14113.73,9.03999999999996,42.37999999999921
Oct 2054,5.77,0.23,32.63,10.6,22.57,3.63,0.21,0.03,0.25,0,3.14,0,5.29,0.18,7.79,5.49,18.74,1351.18,14116.06,-1.0599999999999499,2.3299999999999303
Nov 2054,143.95,5.77,36.07,42.75,5.82,10.4,0.21,0.03,6.18,0,3.47,0,131.99,0.19,4.71,0.0,136.89,1362.51,14113.78,11.3299999999999,-2.27999999999884
Dec 2054,183.47,7.36,35.02,94.36,5.82,61.36,0.21,0.03,7.88,0,3.37,0,168.24,0.19,4.71,0.0,173.13,1353.41,14123.25,-9.09999999999991,9.469999999999349
Jan 2055,551.2,22.11,33.5,52.19,5.82,5.82,0.21,0.03,23.67,0,3.23,0,505.43,0.18,4.71,0.0,510.31,1293.35,14134.32,-60.0600000000002,11.0699999999997
Feb 2055,41.24,1.65,35.33,56.71,5.82,29.14,0.21,0.03,1.77,0,3.4,0,37.82,0.19,4.71,0.0,42.71,1288.82,14161.03,-4.529999999999969,26.710000000000896
Mar 2055,452.25,18.14,66.02,75.56,5.82,3.94,0.21,0.03,19.42,0,6.36,0,414.69,0.35,4.71,0.0,419.75,1260.98,14166.02,-27.8399999999999,4.98999999999978
Apr 2055,226.67,9.09,163.37,117.43,39.86,1.43,0.22,0.03,9.73,0,15.73,0,207.85,0.88,4.88,2.26,215.87,1258.34,14191.62,-2.6400000000001,25.6000000000004
May 2055,125.11,5.02,120.75,29.82,93.89,10.22,0.22,0.03,5.37,0,11.63,0,114.72,0.65,16.5,14.03,145.9,1292.07,14214.64,33.73,23.019999999998603
Jun 2055,185.07,7.42,55.49,20.0,52.85,15.59,0.22,0.03,7.95,0,5.34,0,169.71,0.3,23.6,16.76,210.36,1359.42,14217.43,67.35000000000011,2.79000000000087
Jul 2055,525.29,21.07,30.19,36.25,40.24,28.3,0.22,0.03,22.55,0,2.91,0,481.67,0.16,24.3,16.67,522.81,1373.27,14213.77,13.8499999999999,-3.6599999999998505
Aug 2055,498.01,19.97,30.92,33.68,36.96,22.89,0.22,0.03,21.38,0,2.98,0,456.65,0.17,22.43,14.96,494.21,1361.09,14222.38,-12.180000000000101,8.60999999999876
Sep 2055,216.12,8.67,30.07,17.98,27.94,10.23,0.22,0.03,9.28,0,2.9,0,198.17,0.16,16.52,10.75,225.61,1352.91,14231.6,-8.17999999999984,9.22000000000116
Oct 2055,15.53,0.62,29.21,9.75,21.69,4.58,0.22,0.03,0.67,0,2.81,0,14.24,0.16,9.05,6.83,30.28,1354.27,14232.84,1.3599999999999,1.2399999999997802
Nov 2055,137.46,5.51,39.2,45.3,5.83,10.41,0.22,0.03,5.9,0,3.77,0,126.04,0.21,4.71,0.0,130.96,1362.51,14229.31,8.240000000000009,-3.5300000000006495
Dec 2055,68.0,2.73,34.3,89.07,5.83,61.36,0.22,0.03,2.92,0,3.3,0,62.35,0.18,4.71,0.0,67.25,1353.41,14238.8,-9.09999999999991,9.48999999999978
Jan 2056,235.67,9.45,41.21,46.47,5.83,5.82,0.22,0.03,10.12,0,3.97,0,216.1,0.22,4.71,0.0,221.04,1293.35,14244.84,-60.0600000000002,6.0400000000008705
Feb 2056,134.0,5.37,53.54,76.78,5.83,29.14,0.22,0.03,5.75,0,5.16,0,122.88,0.29,4.71,0.0,127.88,1288.82,14258.75,-4.529999999999969,13.9099999999999
Mar 2056,413.0,16.56,88.95,94.58,5.83,3.94,0.22,0.03,17.73,0,8.56,0,378.7,0.48,4.71,0.0,383.89,1260.98,14269.48,-27.8399999999999,10.729999999999599
Apr 2056,48.46,1.94,206.14,148.4,40.38,1.65,0.22,0.03,2.08,0,19.85,0,44.44,1.11,5.18,2.38,53.1,1258.34,14295.59,-2.6400000000001,26.1100000000006
May 2056,20.79,0.83,158.12,58.74,94.7,10.57,0.22,0.03,0.89,0,15.22,0,19.06,0.85,16.96,13.86,50.74,1292.07,14314.96,33.73,19.369999999999003
Jun 2056,15.84,0.64,85.27,18.13,74.25,15.15,0.22,0.03,0.68,0,8.21,0,14.53,0.46,22.53,17.88,55.39,1359.42,14317.03,67.35000000000011,2.07000000000153
Jul 2056,209.13,8.39,39.81,27.42,51.0,34.26,0.22,0.03,8.98,0,3.83,0,191.77,0.21,30.43,17.77,240.17,1396.18,14307.86,36.76,-9.170000000000071
Aug 2056,283.25,11.36,36.93,27.44,43.61,26.51,0.22,0.03,12.16,0,3.56,0,259.73,0.2,26.22,15.59,301.73,1382.67,14302.72,-13.51,-5.1400000000012405
Sep 2056,473.63,19.0,29.83,29.88,25.47,9.57,0.22,0.03,20.34,0,2.87,0,434.29,0.16,15.64,11.57,461.66,1373.73,14302.67,-8.940000000000051,-0.0499999999992724
Oct 2056,29.08,1.17,27.86,32.12,7.96,13.89,0.22,0.03,1.25,0,2.68,0,26.66,0.15,5.92,3.08,35.81,1374.18,14314.13,0.450000000000045,11.459999999999098
Nov 2056,112.12,4.5,31.29,37.18,5.84,10.41,0.22,0.03,4.81,0,3.01,0,102.81,0.17,4.72,0.0,107.69,1362.51,14314.8,-11.6700000000001,0.670000000000073
Dec 2056,112.93,4.53,30.0,87.0,5.84,61.36,0.22,0.03,4.85,0,2.89,0,103.55,0.16,4.72,0.0,108.43,1353.41,14322.45,-9.09999999999991,7.6500000000014605
Jan 2057,78.36,3.14,30.37,30.41,5.84,5.83,0.22,0.03,3.36,0,2.92,0,71.85,0.16,4.72,0.0,76.74,1293.35,14330.0,-60.0600000000002,7.549999999999269
Feb 2057,17.63,0.71,31.29,52.13,5.84,29.15,0.22,0.03,0.76,0,3.01,0,16.17,0.17,4.72,0.0,21.06,1288.82,14336.11,-4.529999999999969,6.11000000000058
Mar 2057,153.11,6.14,38.1,38.48,5.84,3.95,0.22,0.03,6.57,0,3.67,0,140.4,0.2,4.72,0.0,145.32,1260.98,14339.7,-27.8399999999999,3.5900000000001495
Apr 2057,84.87,3.4,133.06,84.67,39.57,1.31,0.22,0.03,3.64,0,12.81,0,77.82,0.71,4.72,0.14,83.4,1258.34,14349.76,-2.6400000000001,10.059999999999501
May 2057,6.79,0.27,182.49,78.7,97.12,11.61,0.22,0.03,0.29,0,17.57,0,6.23,0.98,18.34,14.82,40.37,1292.07,14365.88,33.73,16.119999999999003
Jun 2057,26.02,1.04,117.79,21.37,102.47,16.97,0.22,0.03,1.12,0,11.34,0,23.86,0.63,25.35,17.28,67.13,1359.42,14368.74,67.35000000000011,2.86000000000058
Jul 2057,301.3,12.08,46.31,29.99,49.63,25.93,0.22,0.03,12.94,0,4.46,0,276.28,0.25,29.65,17.91,324.09,1419.75,14363.73,60.32999999999989,-5.01000000000022
Aug 2057,305.75,12.26,35.22,33.16,45.32,34.59,0.22,0.03,13.13,0,3.39,0,280.36,0.19,27.2,16.13,323.88,1413.98,14363.03,-5.769999999999981,-0.6999999999989089
Sep 2057,507.35,20.35,34.6,60.36,23.49,32.43,0.22,0.03,21.78,0,3.33,0,465.22,0.19,14.77,11.27,491.44,1397.7,14363.24,-16.28,0.20999999999912697
Oct 2057,723.83,29.03,31.11,62.82,8.12,13.96,0.22,0.03,31.08,0,3.0,0,663.72,0.17,6.02,7.3,677.21,1374.18,14376.9,-23.52,13.6599999999999
Nov 2057,127.53,5.11,43.59,48.84,5.85,10.42,0.22,0.03,5.48,0,4.2,0,116.94,0.23,4.72,0.0,121.89,1362.51,14403.49,-11.6700000000001,26.5900000000001
Dec 2057,149.6,6.0,32.26,90.5,5.85,61.37,0.22,0.03,6.42,0,3.11,0,137.18,0.17,4.72,0.0,142.07,1353.41,14412.98,-9.09999999999991,9.48999999999978
Jan 2058,209.45,8.4,32.45,37.54,5.85,5.83,0.22,0.03,8.99,0,3.13,0,192.06,0.17,4.72,0.0,196.95,1293.35,14422.33,-60.0600000000002,9.350000000000358
Feb 2058,202.03,8.1,37.06,64.7,5.85,29.15,0.22,0.03,8.67,0,3.57,0,185.25,0.2,4.72,0.0,190.17,1288.82,14434.27,-4.529999999999969,11.9400000000005
Mar 2058,319.3,12.81,63.39,67.85,5.85,3.95,0.22,0.03,13.71,0,6.1,0,292.78,0.34,4.72,0.0,297.85,1260.98,14446.32,-27.8399999999999,12.0499999999993
Apr 2058,12.18,0.49,151.98,98.75,39.59,1.31,0.22,0.03,0.52,0,14.63,0,11.17,0.82,4.73,0.2,16.91,1258.34,14465.95,-2.6400000000001,19.630000000000997
May 2058,41.92,1.68,172.69,71.3,97.14,11.62,0.22,0.03,1.8,0,16.63,0,38.44,0.93,18.35,14.83,72.55,1292.07,14480.72,33.73,14.7699999999986
Jun 2058,17.2,0.69,75.47,18.59,65.92,16.03,0.22,0.03,0.74,0,7.27,0,15.77,0.41,23.78,18.13,58.08,1359.42,14484.14,67.35000000000011,3.4200000000000697
Jul 2058,412.62,16.55,38.4,33.72,46.41,29.08,0.22,0.03,17.72,0,3.7,0,378.35,0.21,27.82,17.69,424.07,1385.72,14473.84,26.3,-10.2999999999993
Aug 2058,356.68,14.31,35.27,29.9,42.16,26.07,0.22,0.03,15.32,0,3.4,0,327.06,0.19,25.39,15.59,368.23,1375.42,14477.37,-10.3,3.5300000000006495
Sep 2058,66.04,2.65,34.3,14.22,32.63,13.39,0.22,0.03,2.84,0,3.3,0,60.56,0.18,19.97,11.77,92.49,1366.3,14480.31,-9.12000000000012,2.93999999999869
Oct 2058,71.89,2.88,30.74,25.65,12.08,7.23,0.22,0.03,3.09,0,2.96,0,65.92,0.17,8.27,6.13,80.48,1365.75,14474.49,-0.549999999999955,-5.819999999999711
Nov 2058,183.3,7.35,34.72,43.11,5.85,10.42,0.22,0.03,7.87,0,3.34,0,168.08,0.19,4.73,0.0,172.99,1362.51,14474.23,-3.2400000000000095,-0.260000000000218
Dec 2058,237.27,9.52,30.07,92.05,5.86,61.37,0.22,0.03,10.19,0,2.9,0,217.57,0.16,4.73,0.0,222.45,1353.41,14485.26,-9.09999999999991,11.0300000000007
Jan 2059,396.65,15.91,30.07,42.9,5.86,5.83,0.22,0.03,17.03,0,2.9,0,363.71,0.16,4.73,0.0,368.6,1293.35,14498.16,-60.0600000000002,12.899999999999599
Feb 2059,290.91,11.67,30.67,62.52,5.86,29.15,0.22,0.03,12.49,0,2.95,0,266.75,0.16,4.73,0.0,271.65,1288.82,14517.9,-4.529999999999969,19.7399999999998
Mar 2059,172.75,6.93,40.24,41.17,5.86,3.96,0.22,0.03,7.42,0,3.87,0,158.4,0.22,4.73,0.0,163.35,1260.98,14533.16,-27.8399999999999,15.2600000000002
Apr 2059,76.39,3.06,113.31,64.76,42.8,2.7,0.22,0.03,3.28,0,10.91,0,70.04,0.61,6.56,5.49,82.7,1258.34,14544.27,-2.6400000000001,11.110000000000598
May 2059,5.54,0.22,64.55,10.92,56.12,8.83,0.22,0.03,0.24,0,6.22,0,5.08,0.35,14.11,14.26,33.79,1292.07,14552.78,33.73,8.51000000000022
Jun 2059,296.39,11.89,32.88,27.24,41.15,26.96,0.22,0.03,12.73,0,3.17,0,271.78,0.18,24.82,18.08,314.85,1325.44,14544.78,33.3700000000001,-8.0
Jul 2059,523.96,21.01,28.03,36.88,41.4,32.08,0.22,0.03,22.5,0,2.7,0,480.45,0.15,24.97,16.97,522.54,1314.99,14542.41,-10.45,-2.3700000000008
Aug 2059,101.68,4.08,31.72,21.9,46.65,35.98,0.22,0.03,4.37,0,3.05,0,93.24,0.17,27.96,15.44,136.81,1299.53,14550.45,-15.46,8.04000000000087
Sep 2059,331.93,13.31,33.31,23.14,31.11,11.02,0.22,0.03,14.25,0,3.21,0,304.36,0.18,17.56,11.85,333.95,1282.43,14542.24,-17.0999999999999,-8.21000000000095
Oct 2059,0.73,0.03,31.54,4.92,27.7,4.25,0.22,0.03,0.03,0,3.04,0,0.67,0.17,8.28,7.15,16.26,1285.15,14547.67,2.72000000000003,5.430000000000289
Nov 2059,139.38,5.59,32.09,5.82,29.92,1.32,0.22,0.03,5.98,0,3.09,0,127.81,0.17,4.73,0.0,132.71,1300.5,14543.4,15.3499999999999,-4.27000000000044
Dec 2059,99.41,3.99,33.98,61.17,5.86,32.52,0.22,0.03,4.27,0,3.27,0,91.15,0.18,4.73,0.0,96.07,1324.55,14552.29,24.05,8.89000000000124
Jan 2060,422.38,16.94,33.25,46.79,5.86,5.84,0.22,0.03,18.14,0,3.2,0,387.3,0.18,4.73,0.0,392.21,1293.35,14559.65,-31.2,7.35999999999876
Feb 2060,238.07,9.55,35.69,64.9,5.86,29.16,0.22,0.03,10.22,0,3.44,0,218.3,0.19,4.73,0.0,223.23,1288.82,14580.8,-4.529999999999969,21.1499999999996
Mar 2060,353.05,14.16,78.46,82.74,5.87,3.96,0.22,0.03,15.16,0,7.56,0,323.73,0.42,4.73,0.0,328.89,1260.98,14594.27,-27.8399999999999,13.4700000000012
Apr 2060,106.77,4.28,128.03,81.0,39.63,1.33,0.22,0.03,4.58,0,12.33,0,97.91,0.69,4.75,0.68,104.02,1258.34,14616.8,-2.6400000000001,22.529999999998804
May 2060,102.84,4.12,69.03,11.15,63.85,8.87,0.22,0.03,4.42,0,6.65,0,94.3,0.37,14.46,13.42,122.55,1292.07,14632.85,33.73,16.0500000000011
Jun 2060,33.11,1.33,38.22,18.87,44.35,27.56,0.22,0.03,1.42,0,3.68,0,30.36,0.21,26.61,17.95,75.13,1332.77,14630.31,40.7,-2.54000000000087
Jul 2060,319.65,12.82,29.65,32.25,49.99,42.79,0.22,0.03,13.72,0,2.85,0,293.1,0.16,29.86,18.1,341.22,1323.14,14617.27,-9.62999999999988,-13.039999999999099
Aug 2060,268.27,10.76,32.33,27.11,43.37,30.68,0.22,0.03,11.52,0,3.11,0,245.99,0.17,26.08,15.44,287.69,1300.67,14615.57,-22.47,-1.7000000000007298
Sep 2060,277.8,11.14,31.59,22.46,31.52,14.47,0.22,0.03,11.93,0,3.04,0,254.73,0.17,19.34,12.48,286.72,1287.46,14614.57,-13.21,-1.0
Oct 2060,226.52,9.09,33.13,12.34,30.94,4.43,0.22,0.03,9.73,0,3.19,0,207.71,0.18,8.85,7.57,224.3,1285.36,14616.87,-2.10000000000014,2.30000000000109
Nov 2060,182.62,7.32,36.73,7.17,34.47,1.32,0.22,0.03,7.84,0,3.54,0,167.45,0.2,4.74,0.0,172.39,1303.2,14622.04,17.840000000000103,5.17000000000007
Dec 2060,256.33,10.28,36.43,76.92,5.87,39.78,0.22,0.03,11.01,0,3.51,0,235.04,0.2,4.74,0.0,239.98,1331.81,14633.23,28.6099999999999,11.189999999998697
Jan 2061,128.65,5.16,36.01,37.48,5.87,5.84,0.22,0.03,5.52,0,3.47,0,117.96,0.19,4.74,0.0,122.9,1293.35,14647.56,-38.46,14.3299999999999
Feb 2061,153.04,6.14,42.56,67.66,5.87,29.16,0.22,0.03,6.57,0,4.1,0,140.33,0.23,4.74,0.0,145.29,1288.82,14656.36,-4.529999999999969,8.80000000000109
Mar 2061,161.05,6.46,77.24,73.94,5.87,3.96,0.22,0.03,6.91,0,7.44,0,147.67,0.41,4.74,0.0,152.83,1260.98,14666.84,-27.8399999999999,10.479999999999599
Apr 2061,18.15,0.73,156.21,102.0,40.95,1.9,0.22,0.03,0.78,0,15.04,0,16.64,0.84,5.51,3.18,26.16,1258.34,14681.01,-2.6400000000001,14.1700000000001
May 2061,79.58,3.19,92.74,12.06,83.19,8.75,0.22,0.03,3.42,0,8.93,0,72.97,0.5,13.95,14.59,102.0,1292.07,14693.46,33.73,12.449999999998902
Jun 2061,87.63,3.51,34.35,19.84,43.68,29.14,0.22,0.03,3.76,0,3.31,0,80.36,0.18,26.26,17.61,124.42,1352.75,14691.03,60.680000000000106,-2.4299999999984703
Jul 2061,328.85,13.19,27.86,31.98,48.16,41.93,0.22,0.03,14.12,0,2.68,0,301.54,0.15,28.82,17.68,348.19,1341.21,14680.31,-11.54,-10.7200000000012
Aug 2061,268.67,10.78,30.67,28.05,45.18,34.89,0.22,0.03,11.54,0,2.95,0,246.36,0.16,27.12,15.9,289.54,1318.81,14679.24,-22.4000000000001,-1.06999999999971
Sep 2061,530.86,21.29,31.78,29.25,29.62,9.03,0.22,0.03,22.79,0,3.06,0,486.78,0.17,14.93,11.47,513.35,1302.17,14677.64,-16.6399999999999,-1.60000000000036
Oct 2061,110.72,4.44,28.47,5.43,26.38,1.79,0.22,0.03,4.75,0,2.74,0,101.53,0.15,5.35,2.32,109.35,1308.01,14691.85,5.83999999999992,14.210000000000901
Nov 2061,158.05,6.34,36.26,8.39,31.85,1.32,0.22,0.03,6.79,0,3.49,0,144.93,0.19,4.74,0.0,149.86,1327.44,14696.84,19.430000000000103,4.98999999999978
Dec 2061,34.53,1.38,30.62,84.39,5.88,61.38,0.22,0.03,1.48,0,2.95,0,31.66,0.16,4.74,0.0,36.57,1353.41,14706.93,25.97,10.0900000000001
Jan 2062,68.66,2.75,30.37,30.0,5.88,5.85,0.22,0.03,2.95,0,2.92,0,62.96,0.16,4.74,0.0,67.87,1293.35,14711.17,-60.0600000000002,4.23999999999978
Feb 2062,207.84,8.34,31.66,60.06,5.88,29.17,0.22,0.03,8.92,0,3.05,0,190.58,0.17,4.74,0.0,195.49,1288.82,14716.86,-4.529999999999969,5.69000000000051
Mar 2062,235.8,9.46,53.64,55.73,5.88,3.97,0.22,0.03,10.12,0,5.17,0,216.22,0.29,4.74,0.0,221.25,1260.98,14728.64,-27.8399999999999,11.7799999999988
Apr 2062,59.81,2.4,174.71,120.89,39.9,1.45,0.22,0.03,2.57,0,16.82,0,54.85,0.94,4.91,1.4,62.09,1258.34,14743.75,-2.6400000000001,15.110000000000598
May 2062,48.85,1.96,147.45,49.44,96.2,11.21,0.22,0.03,2.1,0,14.2,0,44.8,0.79,17.82,14.44,77.85,1292.07,14761.55,33.73,17.7999999999993
Jun 2062,45.05,1.81,40.37,20.36,47.6,29.89,0.22,0.03,1.93,0,3.89,0,41.31,0.22,28.47,18.83,88.83,1359.42,14763.22,67.35000000000011,1.67000000000007
Jul 2062,278.61,11.17,29.15,30.31,49.21,42.16,0.22,0.03,11.96,0,2.81,0,255.47,0.16,29.41,17.68,302.72,1348.85,14750.02,-10.5700000000002,-13.199999999998902
Aug 2062,512.5,20.56,31.16,34.12,36.67,22.24,0.22,0.03,22.01,0,3.0,0,469.94,0.17,22.27,14.94,507.31,1326.67,14746.92,-22.1799999999998,-3.10000000000036
Sep 2062,10.42,0.42,27.93,13.66,33.29,21.44,0.22,0.03,0.45,0,2.69,0,9.56,0.15,20.32,12.1,42.12,1319.02,14756.81,-7.650000000000089,9.88999999999942
Oct 2062,128.53,5.16,28.65,10.0,26.55,5.65,0.22,0.03,5.52,0,2.76,0,117.86,0.15,10.46,8.59,137.07,1310.73,14747.66,-8.28999999999996,-9.149999999999642
Nov 2062,6.43,0.26,34.3,1.71,30.28,0.93,0.22,0.03,0.28,0,3.3,0,5.9,0.18,3.35,0.0,9.43,1321.36,14747.15,10.6299999999999,-0.510000000000218
Dec 2062,62.06,2.49,30.37,79.42,5.89,55.54,0.22,0.03,2.66,0,2.92,0,56.9,0.16,4.75,0.0,61.81,1347.56,14750.54,26.2,3.3900000000012405
Jan 2063,159.24,6.39,30.37,33.63,5.89,5.85,0.22,0.03,6.84,0,2.92,0,146.02,0.16,4.75,0.0,150.93,1293.35,14755.94,-54.21,5.39999999999964
Feb 2063,204.77,8.21,31.11,59.44,5.89,29.17,0.22,0.03,8.79,0,3.0,0,187.76,0.17,4.75,0.0,192.68,1288.82,14765.51,-4.529999999999969,9.56999999999971
Mar 2063,90.69,3.64,35.39,33.52,5.89,3.97,0.22,0.03,3.89,0,3.41,0,83.16,0.19,4.75,0.0,88.1,1260.98,14777.11,-27.8399999999999,11.600000000000401
Apr 2063,15.12,0.61,138.57,85.67,41.61,2.19,0.22,0.03,0.65,0,13.34,0,13.86,0.74,5.88,4.0,24.48,1258.34,14784.23,-2.6400000000001,7.1199999999989805
May 2063,6.32,0.25,249.94,137.1,100.93,13.25,0.22,0.03,0.27,0,24.07,0,5.79,1.34,20.52,16.27,43.92,1292.07,14794.04,33.73,9.81000000000131
Jun 2063,4.83,0.19,123.61,23.41,106.59,18.77,0.22,0.03,0.21,0,11.9,0,4.42,0.66,27.68,18.77,51.54,1359.42,14801.91,67.35000000000011,7.8699999999989805
Jul 2063,142.68,5.72,41.21,26.08,54.34,37.67,0.22,0.03,6.13,0,3.97,0,130.83,0.22,32.33,18.22,181.61,1419.75,14795.06,60.32999999999989,-6.85000000000036
Aug 2063,342.07,13.72,32.88,30.98,45.59,33.32,0.22,0.03,14.69,0,3.17,0,313.66,0.18,27.35,16.37,357.56,1404.27,14786.75,-15.48,-8.309999999999489
Sep 2063,265.42,10.65,27.68,31.25,32.06,27.79,0.22,0.03,11.4,0,2.67,0,243.38,0.15,19.65,12.56,275.74,1389.38,14788.04,-14.8899999999999,1.29000000000087
Oct 2063,143.41,5.75,27.93,35.24,10.65,15.05,0.22,0.03,6.16,0,2.69,0,131.5,0.15,7.46,5.54,144.65,1374.18,14789.35,-15.2,1.30999999999949
Nov 2063,6.6,0.26,30.56,32.26,5.9,10.44,0.22,0.03,0.28,0,2.94,0,6.05,0.16,4.75,0.0,10.96,1362.51,14792.47,-11.6700000000001,3.11999999999898
Dec 2063,106.63,4.28,29.08,85.9,5.9,61.39,0.22,0.03,4.58,0,2.8,0,97.78,0.16,4.75,0.0,102.68,1353.41,14795.51,-9.09999999999991,3.04000000000087
Jan 2064,76.58,3.07,28.65,28.77,5.9,5.85,0.22,0.03,3.29,0,2.76,0,70.22,0.15,4.75,0.0,75.13,1293.35,14802.7,-60.0600000000002,7.19000000000051
Feb 2064,12.6,0.51,30.99,51.62,5.9,29.17,0.22,0.03,0.54,0,2.98,0,11.56,0.17,4.75,0.0,16.48,1288.82,14808.56,-4.529999999999969,5.85999999999876
Mar 2064,83.93,3.37,39.86,37.25,5.9,3.98,0.22,0.03,3.6,0,3.84,0,76.96,0.21,4.75,0.0,81.93,1260.98,14811.89,-27.8399999999999,3.3299999999999303
Apr 2064,15.0,0.6,98.44,49.38,42.03,2.37,0.22,0.03,0.64,0,9.48,0,13.76,0.53,6.12,4.47,24.87,1258.34,14819.15,-2.6400000000001,7.260000000000219
May 2064,3.74,0.15,40.84,12.35,35.77,11.28,0.22,0.03,0.16,0,3.93,0,3.43,0.22,17.66,15.47,36.77,1292.07,14824.61,33.73,5.46000000000095
Jun 2064,5.61,0.23,28.95,18.54,44.51,36.82,0.22,0.03,0.24,0,2.79,0,5.14,0.16,26.71,17.97,49.98,1299.09,14813.05,7.019999999999981,-11.560000000001303
Jul 2064,412.6,16.55,27.01,35.69,48.8,43.68,0.22,0.03,17.72,0,2.6,0,378.34,0.15,29.18,18.3,425.97,1280.26,14797.92,-18.8299999999999,-15.1299999999992
Aug 2064,589.26,23.63,32.16,37.51,37.57,22.56,0.22,0.03,25.3,0,3.1,0,540.32,0.17,22.79,15.59,578.87,1256.39,14799.74,-23.8699999999999,1.81999999999971
Sep 2064,596.13,23.91,28.36,32.24,26.26,9.12,0.22,0.03,25.6,0,2.73,0,546.63,0.15,15.04,11.86,573.68,1248.81,14812.36,-7.58000000000015,12.6200000000008
Oct 2064,683.07,27.4,29.08,28.69,26.97,2.14,0.22,0.03,29.33,0,2.8,0,626.35,0.16,5.82,6.6,638.92,1251.1,14828.64,2.28999999999996,16.2799999999988
Nov 2064,508.03,20.38,41.53,20.1,38.92,1.34,0.22,0.03,21.81,0,4.0,0,465.84,0.22,4.76,0.0,470.82,1270.31,14853.99,19.21,25.3500000000004
Dec 2064,508.24,20.38,32.58,55.06,5.9,11.31,0.22,0.03,21.82,0,3.14,0,466.03,0.18,4.76,0.0,470.97,1303.32,14879.61,33.01,25.6200000000008
Jan 2065,697.13,27.96,32.45,57.07,5.91,5.86,0.22,0.03,29.93,0,3.13,0,639.24,0.17,4.76,0.0,644.17,1293.35,14904.38,-9.970000000000029,24.769999999998603
Feb 2065,213.21,8.55,35.76,63.94,5.91,29.18,0.22,0.03,9.15,0,3.44,0,195.5,0.19,4.76,0.0,200.45,1288.82,14937.25,-4.529999999999969,32.8700000000008
Mar 2065,138.81,5.57,71.97,68.29,5.91,3.98,0.22,0.03,5.96,0,6.93,0,127.28,0.39,4.76,0.0,132.42,1260.98,14949.65,-27.8399999999999,12.399999999999599
Apr 2065,58.92,2.36,142.55,91.74,40.31,1.63,0.22,0.03,2.53,0,13.73,0,54.02,0.77,5.15,2.19,62.13,1258.34,14962.35,-2.6400000000001,12.7000000000007
May 2065,7.81,0.31,53.64,11.38,46.88,9.76,0.22,0.03,0.34,0,5.17,0,7.16,0.29,15.49,14.58,37.52,1292.07,14976.23,33.73,13.8799999999992
Jun 2065,98.95,3.97,30.44,22.86,48.89,40.44,0.22,0.03,4.25,0,2.93,0,90.73,0.16,29.23,19.2,139.33,1313.89,14966.95,21.8200000000002,-9.27999999999884
Jul 2065,296.36,11.89,27.68,31.34,49.67,44.25,0.22,0.03,12.73,0,2.67,0,271.75,0.15,29.67,17.88,319.46,1293.3,14954.74,-20.590000000000103,-12.210000000000901
Aug 2065,309.09,12.4,30.92,30.32,46.73,36.88,0.22,0.03,13.27,0,2.98,0,283.42,0.17,28.0,16.48,328.08,1269.23,14952.06,-24.0699999999999,-2.68000000000029
Sep 2065,175.46,7.04,30.37,19.3,33.5,18.49,0.22,0.03,7.53,0,2.92,0,160.89,0.16,20.47,12.52,194.04,1251.27,14951.63,-17.96,-0.43000000000029104
Oct 2065,463.28,18.58,28.78,19.1,26.67,1.34,0.22,0.03,19.89,0,2.77,0,424.81,0.15,4.76,2.11,431.84,1246.01,14949.38,-5.259999999999991,-2.25
Nov 2065,180.59,7.24,31.84,7.51,29.67,1.34,0.22,0.03,7.75,0,3.07,0,165.59,0.17,4.76,0.0,170.52,1266.77,14969.74,20.76,20.3600000000006
Dec 2065,116.48,4.67,29.4,23.69,8.73,1.34,0.22,0.03,5.0,0,2.83,0,106.81,0.16,4.76,0.0,111.73,1290.53,14980.37,23.76,10.630000000001
Jan 2066,112.87,4.53,29.45,30.93,5.91,5.86,0.22,0.03,4.85,0,2.84,0,103.5,0.16,4.76,0.0,108.42,1293.35,14988.01,2.81999999999994,7.63999999999942
Feb 2066,48.23,1.93,30.32,52.44,5.91,29.18,0.22,0.03,2.07,0,2.92,0,44.22,0.16,4.76,0.0,49.15,1288.82,14995.5,-4.529999999999969,7.489999999999781
Mar 2066,66.26,2.66,41.04,37.6,5.92,3.99,0.22,0.03,2.85,0,3.95,0,60.76,0.22,4.76,0.0,65.75,1260.98,15000.3,-27.8399999999999,4.799999999999269
Apr 2066,15.38,0.62,142.43,84.9,49.07,5.4,0.22,0.03,0.66,0,13.71,0,14.1,0.77,10.13,10.48,35.47,1258.34,15006.91,-2.6400000000001,6.61000000000058
May 2066,6.73,0.27,149.41,46.42,101.62,13.55,0.22,0.03,0.29,0,14.39,0,6.17,0.8,20.91,16.52,44.41,1292.07,15010.61,33.73,3.7000000000007303
Jun 2066,9.68,0.39,41.58,18.9,43.98,25.14,0.23,0.03,0.42,0,4.0,0,8.88,0.22,26.37,18.23,53.7,1359.42,15008.58,67.35000000000011,-2.03000000000065
Jul 2066,204.36,8.2,29.45,28.95,53.03,47.33,0.23,0.03,8.77,0,2.84,0,187.39,0.16,31.59,18.23,237.37,1352.09,14994.58,-7.33000000000015,-14.0
Aug 2066,445.29,17.86,30.56,32.99,40.2,27.87,0.23,0.03,19.12,0,2.94,0,408.31,0.16,24.28,15.52,448.28,1326.39,14987.77,-25.6999999999998,-6.80999999999949
Sep 2066,609.88,24.46,27.31,32.24,25.23,8.48,0.23,0.03,26.19,0,2.63,0,559.24,0.15,14.2,11.46,585.05,1314.62,14994.12,-11.7700000000002,6.35000000000036
Oct 2066,6.52,0.26,30.99,2.23,27.46,1.59,0.23,0.03,0.28,0,2.98,0,5.98,0.17,4.56,2.41,13.12,1317.36,15011.29,2.7400000000000095,17.1700000000001
Nov 2066,186.71,7.49,33.25,18.25,20.46,1.34,0.23,0.03,8.02,0,3.2,0,171.2,0.18,4.77,0.0,176.15,1338.87,15011.94,21.51,0.649999999999636
Dec 2066,421.63,16.91,32.83,101.89,5.92,61.4,0.23,0.03,18.1,0,3.16,0,386.61,0.18,4.77,0.0,391.56,1353.41,15022.97,14.5400000000002,11.0299999999988
Jan 2067,623.71,25.02,31.91,53.62,5.92,5.87,0.23,0.03,26.78,0,3.07,0,571.91,0.17,4.77,0.0,576.85,1293.35,15044.04,-60.0600000000002,21.0700000000015
Feb 2067,174.37,6.99,33.98,60.78,5.92,29.19,0.23,0.03,7.49,0,3.27,0,159.89,0.18,4.77,0.0,164.84,1288.82,15073.7,-4.529999999999969,29.6599999999999
Mar 2067,41.6,1.67,61.68,55.14,5.92,3.99,0.23,0.03,1.79,0,5.94,0,38.15,0.33,4.77,0.0,43.25,1260.98,15084.27,-27.8399999999999,10.5699999999997
Apr 2067,10.09,0.4,178.14,121.46,40.82,1.85,0.23,0.03,0.43,0,17.15,0,9.25,0.96,5.43,2.92,18.56,1258.34,15091.8,-2.6400000000001,7.52999999999884
May 2067,4.21,0.17,256.56,143.35,100.26,12.96,0.23,0.03,0.18,0,24.7,0,3.86,1.38,20.13,16.0,41.38,1292.07,15106.28,33.73,14.4800000000014
Jun 2067,116.34,4.67,90.91,19.25,83.1,16.02,0.23,0.03,5.0,0,8.75,0,106.68,0.49,23.88,17.92,148.97,1359.42,15114.97,67.35000000000011,8.68999999999869
Jul 2067,552.47,22.16,38.1,38.36,44.1,26.08,0.23,0.03,23.72,0,3.67,0,506.59,0.2,26.51,17.85,551.16,1402.81,15110.61,43.389999999999894,-4.3599999999987595
Aug 2067,225.69,9.05,33.75,27.28,47.96,35.87,0.23,0.03,9.69,0,3.25,0,206.95,0.18,28.7,16.36,252.19,1394.52,15119.95,-8.28999999999996,9.34000000000015
Sep 2067,119.56,4.8,28.23,17.05,33.06,19.96,0.23,0.03,5.13,0,2.72,0,109.63,0.15,20.22,12.13,142.13,1378.11,15116.34,-16.4100000000001,-3.61000000000058
Oct 2067,1353.83,54.3,28.23,83.74,5.93,10.01,0.23,0.03,58.13,0,2.72,0,1241.4,0.15,4.77,3.29,1249.61,1371.18,15111.88,-6.92999999999984,-4.46000000000095
Nov 2067,192.12,7.71,32.83,41.72,5.93,10.46,0.23,0.03,8.25,0,3.16,0,176.17,0.18,4.77,0.0,181.12,1362.51,15169.25,-8.670000000000071,57.3700000000008
Dec 2067,69.87,2.8,29.65,84.91,5.93,61.41,0.23,0.03,3.0,0,2.85,0,64.07,0.16,4.77,0.0,69.0,1353.41,15180.47,-9.09999999999991,11.2199999999993
Jan 2068,302.22,12.12,30.0,39.01,5.93,5.87,0.23,0.03,12.98,0,2.89,0,277.12,0.16,4.77,0.0,282.06,1293.35,15186.13,-60.0600000000002,5.65999999999985
Feb 2068,216.62,8.69,30.99,59.79,5.93,29.19,0.23,0.03,9.3,0,2.98,0,198.63,0.17,4.77,0.0,203.57,1288.82,15201.8,-4.529999999999969,15.6700000000001
Mar 2068,287.69,11.54,39.2,44.81,5.93,3.99,0.23,0.03,12.35,0,3.77,0,263.8,0.21,4.78,0.0,268.79,1260.98,15213.89,-27.8399999999999,12.0900000000001
Apr 2068,62.22,2.5,155.04,103.32,39.91,1.46,0.23,0.03,2.67,0,14.93,0,57.05,0.83,4.92,1.3,64.1,1258.34,15229.83,-2.6400000000001,15.9400000000005
May 2068,18.21,0.73,140.22,42.14,95.45,10.89,0.23,0.03,0.78,0,13.5,0,16.7,0.75,17.39,14.12,48.96,1292.07,15245.94,33.73,16.1100000000006
Jun 2068,48.35,1.94,40.91,18.3,42.74,22.35,0.23,0.03,2.08,0,3.94,0,44.33,0.22,25.71,17.37,87.63,1359.42,15245.91,67.35000000000011,-0.0300000000006548
Jul 2068,215.46,8.64,28.6,28.64,51.11,45.42,0.23,0.03,9.25,0,2.75,0,197.57,0.15,30.5,17.8,246.02,1354.3,15234.35,-5.12000000000012,-11.5599999999995
Aug 2068,433.46,17.39,30.19,33.4,42.17,31.07,0.23,0.03,18.61,0,2.91,0,397.47,0.16,25.41,15.97,439.0,1329.69,15228.36,-24.6099999999999,-5.989999999999781
Sep 2068,304.67,12.22,27.8,22.11,27.5,12.42,0.23,0.03,13.08,0,2.68,0,279.37,0.15,17.05,11.43,308.0,1315.58,15233.72,-14.1100000000001,5.3599999999987595
Oct 2068,380.34,15.25,27.86,17.74,25.77,3.23,0.23,0.03,16.33,0,2.68,0,348.75,0.15,7.26,6.61,362.78,1313.8,15237.86,-1.7799999999999698,4.1400000000012405
Nov 2068,426.64,17.11,33.87,18.81,30.08,1.35,0.23,0.03,18.32,0,3.26,0,391.21,0.18,4.78,0.0,396.17,1329.27,15250.07,15.47,12.209999999999098
Dec 2068,318.7,12.78,29.88,95.1,5.94,61.41,0.23,0.03,13.68,0,2.88,0,292.23,0.16,4.78,0.0,297.17,1353.41,15271.45,24.1400000000001,21.380000000000997
Jan 2069,317.28,12.73,29.94,39.56,5.94,5.88,0.23,0.03,13.62,0,2.88,0,290.93,0.16,4.78,0.0,295.87,1293.35,15287.82,-60.0600000000002,16.369999999999003
Feb 2069,224.23,8.99,30.87,59.98,5.94,29.19,0.23,0.03,9.63,0,2.97,0,205.61,0.17,4.78,0.0,210.56,1288.82,15304.13,-4.529999999999969,16.309999999999498
Mar 2069,89.41,3.59,44.4,41.52,5.94,4.0,0.23,0.03,3.84,0,4.27,0,81.99,0.24,4.78,0.0,87.01,1260.98,15316.54,-27.8399999999999,12.4100000000017
Apr 2069,133.9,5.37,164.91,115.14,39.77,1.4,0.23,0.03,5.75,0,15.88,0,122.78,0.89,4.84,1.16,129.66,1258.34,15324.46,-2.6400000000001,7.91999999999825
May 2069,12.95,0.52,147.08,46.1,98.96,12.41,0.23,0.03,0.56,0,14.16,0,11.88,0.79,19.39,15.5,47.56,1292.07,15344.73,33.73,20.270000000000397
Jun 2069,11.39,0.46,39.32,19.53,45.69,29.44,0.23,0.03,0.49,0,3.79,0,10.44,0.21,27.36,18.62,56.63,1359.42,15343.76,67.35000000000011,-0.9699999999993449
Jul 2069,343.75,13.79,28.65,33.05,49.41,42.94,0.23,0.03,14.76,0,2.76,0,315.21,0.15,29.53,18.07,362.96,1348.51,15329.22,-10.9100000000001,-14.540000000000902
Aug 2069,611.83,24.54,31.04,38.06,36.52,22.15,0.23,0.03,26.27,0,2.99,0,561.02,0.17,22.19,15.41,598.79,1325.65,15328.48,-22.8599999999999,-0.7399999999997819
Sep 2069,9.51,0.38,29.52,13.11,31.8,18.01,0.23,0.03,0.41,0,2.84,0,8.72,0.16,19.47,11.73,40.08,1318.02,15342.14,-7.630000000000111,13.6599999999999
Oct 2069,188.97,7.58,27.43,8.93,25.35,2.06,0.23,0.03,8.11,0,2.64,0,173.28,0.15,5.72,3.28,182.42,1312.54,15333.46,-5.480000000000019,-8.68000000000029
Nov 2069,130.48,5.23,29.45,5.71,27.33,1.36,0.23,0.03,5.6,0,2.84,0,119.64,0.16,4.78,0.0,124.59,1330.31,15340.74,17.77,7.280000000000651
Dec 2069,382.5,15.34,29.69,95.78,5.95,59.71,0.23,0.03,16.42,0,2.86,0,350.74,0.16,4.78,0.0,355.68,1351.7,15348.98,21.390000000000104,8.23999999999978
Jan 2070,216.68,8.69,28.36,34.09,5.95,5.88,0.23,0.03,9.3,0,2.73,0,198.69,0.15,4.78,0.0,203.62,1293.35,15368.07,-58.35000000000011,19.090000000000103
Feb 2070,21.95,0.88,31.36,52.3,5.95,29.2,0.23,0.03,0.94,0,3.02,0,20.13,0.17,4.79,0.0,25.08,1288.82,15379.91,-4.529999999999969,11.8400000000001
Mar 2070,19.58,0.79,43.84,38.22,5.95,4.0,0.23,0.03,0.84,0,4.22,0,17.95,0.24,4.79,0.0,22.97,1260.98,15383.68,-27.8399999999999,3.7700000000004397
Apr 2070,35.31,1.42,129.25,78.01,41.78,2.26,0.23,0.03,1.52,0,12.45,0,32.38,0.69,5.98,4.13,43.18,1258.34,15388.55,-2.6400000000001,4.8699999999989805
May 2070,72.91,2.92,99.71,12.36,88.88,8.74,0.23,0.03,3.13,0,9.6,0,66.86,0.54,13.86,14.92,96.17,1292.07,15398.19,33.73,9.64000000000124
Jun 2070,67.29,2.7,36.98,19.29,44.8,28.18,0.23,0.03,2.89,0,3.56,0,61.7,0.2,26.91,17.81,106.62,1358.55,15395.8,66.48,-2.3900000000012405
Jul 2070,455.51,18.27,28.47,36.4,46.75,39.29,0.23,0.03,19.56,0,2.74,0,417.68,0.15,28.01,18.0,463.84,1348.47,15384.24,-10.0799999999999,-11.5599999999995
Aug 2070,375.48,15.06,30.79,31.58,43.44,32.3,0.23,0.03,16.12,0,2.96,0,344.3,0.17,26.13,15.99,386.59,1328.1,15388.35,-20.370000000000104,4.11000000000058
Sep 2070,33.93,1.36,27.61,14.4,34.75,22.98,0.23,0.03,1.46,0,2.66,0,31.11,0.15,21.18,12.25,64.69,1313.31,15391.26,-14.79,2.9099999999998505
Oct 2070,0.05,0.0,27.99,2.95,24.63,2.44,0.23,0.03,0.0,0,2.69,0,0.04,0.15,5.83,4.09,10.11,1304.09,15382.93,-9.220000000000029,-8.329999999999929
Nov 2070,322.89,12.95,30.87,13.32,28.72,1.36,0.23,0.03,13.86,0,2.97,0,296.08,0.17,4.79,0.0,301.03,1320.65,15381.34,16.5600000000002,-1.59000000000015
Dec 2070,20.69,0.83,29.69,72.98,5.96,51.43,0.23,0.03,0.89,0,2.86,0,18.97,0.16,4.79,0.0,23.92,1343.41,15397.98,22.76,16.6399999999994
Jan 2071,151.12,6.06,28.28,31.39,5.96,5.88,0.23,0.03,6.49,0,2.72,0,138.57,0.15,4.79,0.0,143.51,1293.35,15401.53,-50.0600000000002,3.5500000000010896
Feb 2071,181.23,7.27,30.62,58.02,5.96,29.2,0.23,0.03,7.78,0,2.95,0,166.18,0.16,4.79,0.0,171.13,1288.82,15410.55,-4.529999999999969,9.01999999999862
Mar 2071,131.88,5.29,35.22,34.97,5.96,4.01,0.23,0.03,5.66,0,3.39,0,120.93,0.19,4.79,0.0,125.91,1260.98,15421.08,-27.8399999999999,10.5300000000007
Apr 2071,13.62,0.55,99.54,49.64,43.2,2.88,0.23,0.03,0.58,0,9.58,0,12.49,0.53,6.79,5.63,25.44,1258.34,15429.94,-2.6400000000001,8.86000000000058
May 2071,14.06,0.56,48.2,13.23,42.48,11.84,0.23,0.03,0.6,0,4.64,0,12.89,0.26,18.37,16.12,47.65,1292.07,15434.28,33.73,4.34000000000015
Jun 2071,10.05,0.4,28.23,19.91,47.77,41.91,0.23,0.03,0.43,0,2.72,0,9.22,0.15,28.57,18.83,56.77,1304.52,15423.21,12.45,-11.0700000000015
Jul 2071,159.7,6.41,26.57,28.91,56.53,55.16,0.23,0.03,6.86,0,2.56,0,146.43,0.14,33.58,18.83,198.98,1282.0,15407.34,-22.52,-15.869999999999001
Aug 2071,403.91,16.2,30.74,31.4,40.36,27.94,0.23,0.03,17.34,0,2.96,0,370.37,0.17,24.38,15.33,410.25,1249.98,15397.73,-32.02,-9.61000000000058
Sep 2071,372.95,14.96,27.61,24.48,26.59,11.31,0.23,0.03,16.01,0,2.66,0,341.98,0.15,16.54,11.49,370.16,1238.22,15402.5,-11.76,4.77000000000044
Oct 2071,378.51,15.18,33.42,16.63,31.23,2.66,0.23,0.03,16.25,0,3.22,0,347.08,0.18,6.5,5.56,359.32,1237.15,15409.49,-1.0699999999999399,6.989999999999781
Nov 2071,313.55,12.58,32.38,12.83,30.21,1.37,0.23,0.03,13.46,0,3.12,0,287.51,0.17,4.79,0.0,292.48,1259.42,15423.2,22.27,13.710000000000901
Dec 2071,202.99,8.14,34.1,24.49,15.65,1.37,0.23,0.03,8.72,0,3.28,0,186.13,0.18,4.8,0.0,191.11,1283.67,15439.58,24.25,16.3799999999992
Jan 2072,591.32,23.72,41.16,60.61,5.97,5.89,0.23,0.03,25.39,0,3.96,0,542.22,0.22,4.8,0.0,547.23,1293.35,15451.39,9.67999999999984,11.8099999999995
Feb 2072,507.37,20.35,52.43,90.69,5.97,29.21,0.23,0.03,21.78,0,5.05,0,465.23,0.28,4.8,0.0,470.31,1288.82,15480.54,-4.529999999999969,29.1500000000015
Mar 2072,28.8,1.16,80.37,71.4,5.97,4.01,0.23,0.03,1.24,0,7.74,0,26.41,0.43,4.8,0.0,31.64,1260.98,15507.18,-27.8399999999999,26.6399999999994
Apr 2072,58.18,2.33,160.26,107.96,39.71,1.37,0.23,0.03,2.5,0,15.43,0,53.35,0.86,4.8,0.27,59.28,1258.34,15515.96,-2.6400000000001,8.77999999999884
May 2072,106.29,4.26,98.49,12.64,89.18,9.08,0.23,0.03,4.56,0,9.48,0,97.46,0.53,14.43,14.91,127.33,1292.07,15533.42,33.73,17.4600000000009
Jun 2072,47.36,1.9,32.7,19.77,46.94,35.44,0.23,0.03,2.03,0,3.15,0,43.43,0.18,28.13,18.32,90.06,1357.94,15532.36,65.8700000000001,-1.05999999999949
Jul 2072,432.46,17.34,27.43,35.8,47.29,41.1,0.23,0.03,18.57,0,2.64,0,396.55,0.15,28.32,18.0,443.02,1341.51,15519.02,-16.4300000000001,-13.3400000000001
Aug 2072,1247.62,50.04,29.94,56.87,27.82,7.75,0.23,0.03,53.57,0,2.88,0,1144.01,0.16,13.23,14.37,1171.78,1319.58,15522.03,-21.9300000000001,3.01000000000022
Sep 2072,866.63,34.76,27.93,40.14,25.84,6.13,0.23,0.03,37.21,0,2.69,0,794.67,0.15,11.1,11.06,816.98,1326.61,15563.91,7.02999999999997,41.87999999999921
Oct 2072,312.46,12.53,28.85,14.52,26.74,2.81,0.23,0.03,13.42,0,2.78,0,286.51,0.15,6.71,5.44,298.81,1335.42,15592.56,8.810000000000171,28.6499999999996
Nov 2072,393.76,15.79,36.31,43.24,6.54,1.37,0.23,0.03,16.91,0,3.5,0,361.06,0.2,4.8,0.0,366.05,1352.84,15603.11,17.4199999999998,10.550000000001098
Dec 2072,367.08,14.72,30.37,97.46,5.97,61.43,0.23,0.03,15.76,0,2.92,0,336.6,0.16,4.8,0.0,341.56,1353.41,15623.32,0.5700000000001639,20.209999999999102
Jan 2073,209.17,8.39,30.44,35.66,5.97,5.89,0.23,0.03,8.98,0,2.93,0,191.8,0.16,4.8,0.0,196.77,1293.35,15641.8,-60.0600000000002,18.479999999999603
Feb 2073,269.77,10.82,31.59,62.43,5.98,29.21,0.23,0.03,11.58,0,3.04,0,247.37,0.17,4.8,0.0,252.34,1288.82,15653.52,-4.529999999999969,11.7200000000012
Mar 2073,362.11,14.52,42.45,50.7,5.98,4.01,0.23,0.03,15.55,0,4.09,0,332.04,0.23,4.8,0.0,337.07,1260.98,15667.95,-27.8399999999999,14.4300000000003
Apr 2073,64.09,2.57,151.67,98.71,42.84,2.72,0.23,0.03,2.75,0,14.6,0,58.76,0.81,6.59,5.34,71.51,1258.34,15687.39,-2.6400000000001,19.439999999998697
May 2073,132.69,5.32,69.53,13.33,65.47,11.02,0.23,0.03,5.7,0,6.69,0,121.67,0.37,17.45,15.18,154.68,1292.07,15699.2,33.73,11.810000000001303
Jun 2073,77.39,3.1,39.69,20.72,47.68,29.64,0.23,0.03,3.32,0,3.82,0,70.97,0.21,28.55,18.71,118.43,1329.26,15696.21,37.1900000000001,-2.9900000000016003
Jul 2073,399.0,16.0,28.72,35.5,49.97,43.66,0.23,0.03,17.13,0,2.77,0,365.86,0.15,29.85,18.51,414.37,1318.95,15684.45,-10.3099999999999,-11.759999999998401
Aug 2073,282.23,11.32,31.04,28.02,43.9,32.71,0.23,0.03,12.12,0,2.99,0,258.8,0.17,26.39,15.62,300.98,1295.61,15685.65,-23.3400000000001,1.19999999999891
Sep 2073,203.23,8.15,27.61,21.25,34.89,23.19,0.23,0.03,8.73,0,2.66,0,186.36,0.15,21.27,13.02,220.8,1280.61,15684.94,-15.0,-0.7099999999991271
Oct 2073,81.67,3.28,27.24,9.05,25.17,6.47,0.23,0.03,3.51,0,2.62,0,74.89,0.15,11.54,9.24,95.81,1271.24,15683.1,-9.36999999999989,-1.84000000000015
Nov 2073,12.96,0.52,30.56,1.75,27.36,1.13,0.23,0.03,0.56,0,2.94,0,11.89,0.16,3.98,0.1,16.13,1278.6,15679.79,7.3599999999999,-3.3099999999994902
Dec 2073,117.33,4.71,29.15,33.98,5.98,9.07,0.23,0.03,5.04,0,2.81,0,107.59,0.16,4.81,0.0,112.55,1301.04,15682.99,22.4400000000001,3.1999999999989104
Jan 2074,304.68,12.22,27.99,37.28,5.98,5.9,0.23,0.03,13.08,0,2.69,0,279.38,0.15,4.81,0.0,284.34,1293.35,15690.64,-7.69000000000005,7.64999999999964
Feb 2074,187.77,7.53,30.25,57.94,5.98,29.22,0.23,0.03,8.06,0,2.91,0,172.17,0.16,4.81,0.0,177.14,1288.82,15706.22,-4.529999999999969,15.5799999999999
Mar 2074,265.67,10.66,35.58,40.66,5.98,4.02,0.23,0.03,11.41,0,3.43,0,243.61,0.19,4.81,0.0,248.61,1260.98,15717.0,-27.8399999999999,10.7800000000007
Apr 2074,15.57,0.62,170.85,111.34,47.5,4.73,0.23,0.03,0.67,0,16.45,0,14.28,0.92,9.24,9.27,33.71,1258.34,15731.63,-2.6400000000001,14.6299999999992
May 2074,24.03,0.96,110.26,15.37,95.94,11.3,0.23,0.03,1.03,0,10.62,0,22.03,0.59,17.49,16.39,56.5,1292.07,15739.28,33.73,7.6500000000014605
Jun 2074,49.05,1.97,38.52,22.27,52.23,37.92,0.23,0.03,2.11,0,3.71,0,44.98,0.21,31.12,20.02,96.33,1359.42,15734.33,67.35000000000011,-4.950000000000731
Jul 2074,248.0,9.95,27.74,32.99,57.99,56.11,0.23,0.03,10.65,0,2.67,0,227.4,0.15,34.42,19.66,281.62,1342.81,15719.93,-16.6100000000001,-14.399999999999599
Aug 2074,738.83,29.63,30.49,41.39,32.33,16.7,0.23,0.03,31.72,0,2.94,0,677.48,0.16,19.81,14.92,712.37,1310.47,15713.4,-32.3399999999999,-6.530000000000651
Sep 2074,453.12,18.17,27.8,27.78,26.83,11.46,0.23,0.03,19.46,0,2.68,0,415.49,0.15,16.67,11.96,444.27,1306.49,15732.94,-3.9800000000000204,19.540000000000898
Oct 2074,1020.09,40.91,28.23,41.52,26.13,1.38,0.23,0.03,43.8,0,2.72,0,935.37,0.15,4.81,4.36,944.7,1305.38,15742.91,-1.1099999999999,9.969999999999349
Nov 2074,612.89,24.58,32.03,24.87,29.86,1.38,0.23,0.03,26.32,0,3.08,0,561.99,0.17,4.81,0.0,566.98,1325.53,15784.87,20.1499999999999,41.960000000000896
Dec 2074,104.96,4.21,29.88,82.49,5.99,57.43,0.23,0.03,4.51,0,2.88,0,96.24,0.16,4.81,0.0,101.21,1349.4,15814.07,23.8700000000001,29.199999999998898
Jan 2075,135.4,5.43,29.75,32.06,5.99,5.9,0.23,0.03,5.81,0,2.86,0,124.16,0.16,4.81,0.0,129.13,1293.35,15821.25,-56.0500000000002,7.180000000000289
Feb 2075,108.09,4.34,30.74,55.18,5.99,29.22,0.23,0.03,4.64,0,2.96,0,99.12,0.17,4.81,0.0,104.1,1288.82,15829.73,-4.529999999999969,8.47999999999956
Mar 2075,368.42,14.78,56.35,63.43,5.99,4.02,0.23,0.03,15.82,0,5.43,0,337.82,0.3,4.81,0.24,343.17,1260.98,15837.13,-27.8399999999999,7.39999999999964
Apr 2075,157.52,6.32,220.53,160.57,49.41,5.55,0.23,0.03,6.76,0,21.23,0,144.44,1.18,10.33,11.54,167.49,1258.34,15857.94,-2.6400000000001,20.810000000001303
May 2075,25.0,1.0,220.18,115.49,93.27,9.96,0.23,0.03,1.07,0,21.2,0,22.92,1.18,16.16,13.21,53.47,1292.07,15874.21,33.73,16.2699999999986
Jun 2075,14.46,0.58,74.55,20.6,65.03,18.08,0.23,0.03,0.62,0,7.18,0,13.26,0.4,26.53,19.47,59.66,1359.42,15883.07,67.35000000000011,8.86000000000058
Jul 2075,222.5,8.92,30.12,31.0,56.21,51.23,0.23,0.03,9.55,0,2.9,0,204.02,0.16,33.41,19.08,256.67,1380.04,15871.2,20.619999999999898,-11.869999999999001
Aug 2075,289.35,11.61,30.62,29.16,45.82,35.87,0.23,0.03,12.42,0,2.95,0,265.32,0.16,27.49,16.13,309.11,1351.81,15864.37,-28.23,-6.82999999999993
Sep 2075,510.58,20.48,27.36,29.31,25.29,9.53,0.23,0.03,21.92,0,2.63,0,468.18,0.15,15.59,11.68,495.6,1334.47,15863.41,-17.3399999999999,-0.9600000000009459
Oct 2075,316.74,12.7,27.24,13.58,25.17,1.57,0.23,0.03,13.6,0,2.62,0,290.43,0.15,5.07,2.55,298.2,1334.83,15876.09,0.3599999999999,12.6800000000003
Nov 2075,17.36,0.7,29.4,22.63,6.0,1.53,0.23,0.03,0.75,0,2.83,0,15.92,0.16,4.82,0.0,20.89,1353.55,15889.56,18.72,13.4699999999993
Dec 2075,436.6,17.51,28.16,98.25,6.0,61.44,0.23,0.03,18.75,0,2.71,0,400.34,0.15,4.82,0.0,405.31,1353.41,15892.94,-0.13999999999987303,3.38000000000102
Jan 2076,483.59,19.4,27.74,44.22,6.0,5.91,0.23,0.03,20.76,0,2.67,0,443.43,0.15,4.82,0.0,448.4,1293.35,15914.2,-60.0600000000002,21.2600000000002
Feb 2076,146.89,5.89,30.0,56.06,6.0,29.22,0.23,0.03,6.31,0,2.89,0,134.69,0.16,4.82,0.0,139.67,1288.82,15937.43,-4.529999999999969,23.2299999999996
Mar 2076,63.09,2.53,42.93,39.12,6.0,4.03,0.23,0.03,2.71,0,4.13,0,57.85,0.23,4.82,0.0,62.9,1260.98,15946.43,-27.8399999999999,9.0
Apr 2076,61.15,2.45,74.31,26.79,46.89,4.47,0.23,0.03,2.63,0,7.16,0,56.07,0.4,8.89,9.1,74.46,1258.34,15953.07,-2.6400000000001,6.63999999999942
May 2076,33.42,1.34,29.94,12.81,31.13,15.7,0.23,0.03,1.44,0,2.88,0,30.65,0.16,19.12,15.36,65.28,1292.07,15953.55,33.73,0.479999999999563
Jun 2076,7.02,0.28,25.96,19.98,48.15,44.52,0.23,0.03,0.3,0,2.5,0,6.44,0.14,28.8,18.88,54.26,1288.58,15942.31,-3.4900000000000095,-11.2399999999998
Jul 2076,271.06,10.87,26.39,31.47,52.07,48.96,0.23,0.03,11.64,0,2.54,0,248.55,0.14,31.05,18.32,298.06,1263.61,15926.03,-24.97,-16.2799999999988
Aug 2076,389.2,15.61,29.88,31.97,42.89,32.42,0.23,0.03,16.71,0,2.88,0,356.88,0.16,25.82,15.9,398.76,1235.87,15921.68,-27.74,-4.35000000000036
Sep 2076,156.22,6.27,27.61,19.26,34.63,22.82,0.23,0.03,6.71,0,2.66,0,143.24,0.15,21.12,12.72,177.23,1220.73,15925.17,-15.1399999999999,3.48999999999978
Oct 2076,0.0,0.0,27.48,6.95,24.2,6.46,0.23,0.03,0.0,0,2.65,0,0.0,0.15,11.35,9.54,21.04,1211.63,15921.62,-9.09999999999991,-3.5499999999992697
Nov 2076,181.54,7.28,29.75,7.77,27.62,1.39,0.23,0.03,7.8,0,2.86,0,166.47,0.16,4.82,0.0,171.45,1218.21,15914.52,6.57999999999993,-7.10000000000036
Dec 2076,34.87,1.4,29.02,1.94,26.91,1.39,0.23,0.03,1.5,0,2.79,0,31.98,0.16,4.82,0.0,36.96,1239.83,15924.98,21.6199999999999,10.4599999999991
Jan 2077,280.99,11.27,29.02,11.82,26.91,1.39,0.23,0.03,12.06,0,2.79,0,257.65,0.16,4.82,0.0,262.63,1260.73,15929.07,20.9000000000001,4.09000000000015
Feb 2077,58.23,2.34,30.99,46.2,6.01,22.04,0.24,0.03,2.5,0,2.98,0,53.39,0.17,4.82,0.0,58.38,1281.63,15943.73,20.9000000000001,14.6599999999999
Mar 2077,36.33,1.46,41.58,36.83,6.01,4.03,0.24,0.03,1.56,0,4.0,0,33.31,0.22,4.82,0.0,38.36,1260.98,15949.01,-20.6500000000001,5.28000000000065
Apr 2077,21.81,0.87,130.12,74.51,48.36,5.1,0.24,0.03,0.94,0,12.53,0,19.99,0.7,9.73,10.05,40.47,1258.34,15954.38,-2.6400000000001,5.3699999999989805
May 2077,4.35,0.17,125.95,25.08,101.92,13.69,0.24,0.03,0.19,0,12.13,0,3.99,0.68,21.08,16.6,42.35,1292.07,15957.59,33.73,3.2100000000009503
Jun 2077,18.01,0.72,38.89,20.46,47.91,32.72,0.24,0.03,0.77,0,3.74,0,16.51,0.21,28.64,19.15,64.5,1359.42,15953.1,67.35000000000011,-4.48999999999978
Jul 2077,277.78,11.14,28.6,31.91,52.89,47.97,0.24,0.03,11.93,0,2.75,0,254.71,0.15,31.51,18.56,304.95,1346.19,15938.27,-13.23,-14.8299999999999
Aug 2077,474.04,19.01,31.66,36.79,46.52,35.86,0.24,0.03,20.35,0,3.05,0,434.68,0.17,27.89,17.28,480.02,1319.79,15934.19,-26.4000000000001,-4.07999999999993
Sep 2077,170.57,6.84,27.93,19.01,32.79,19.86,0.24,0.03,7.32,0,2.69,0,156.4,0.15,20.07,12.27,188.89,1302.77,15940.11,-17.02,5.92000000000007
Oct 2077,2.41,0.1,27.86,5.53,24.61,5.02,0.24,0.03,0.1,0,2.68,0,2.21,0.15,9.41,7.81,19.58,1295.82,15937.65,-6.95000000000005,-2.4600000000009503
Nov 2077,232.14,9.31,30.12,9.77,27.99,1.39,0.24,0.03,9.97,0,2.9,0,212.87,0.16,4.83,0.0,217.86,1306.21,15932.42,10.3900000000001,-5.22999999999956
Dec 2077,105.26,4.22,29.45,60.88,6.02,36.22,0.24,0.03,4.52,0,2.84,0,96.52,0.16,4.83,0.0,101.5,1328.18,15945.09,21.97,12.6700000000001
Jan 2078,100.05,4.01,28.65,29.65,6.02,5.91,0.24,0.03,4.3,0,2.76,0,91.74,0.15,4.83,0.0,96.72,1293.35,15952.24,-34.8300000000002,7.14999999999964
Feb 2078,273.19,10.96,31.78,62.72,6.02,29.23,0.24,0.03,11.73,0,3.06,0,250.5,0.17,4.83,0.0,255.5,1288.82,15959.09,-4.529999999999969,6.85000000000036
Mar 2078,342.43,13.73,55.43,61.54,6.02,4.04,0.24,0.03,14.7,0,5.34,0,313.99,0.3,4.83,0.0,319.12,1260.98,15973.68,-27.8399999999999,14.5900000000001
Apr 2078,137.13,5.5,105.37,57.41,47.45,4.71,0.24,0.03,5.89,0,10.15,0,125.74,0.57,9.21,10.03,145.56,1258.34,15993.52,-2.6400000000001,19.840000000000103
May 2078,168.93,6.78,51.93,14.82,49.37,10.76,0.24,0.03,7.25,0,5.0,0,154.9,0.28,17.22,14.75,187.15,1292.07,15999.32,33.73,5.799999999999269
Jun 2078,55.58,2.23,30.25,20.62,47.67,38.88,0.24,0.03,2.39,0,2.91,0,50.97,0.16,28.54,18.56,98.24,1313.66,15996.62,21.5900000000001,-2.6999999999989104
Jul 2078,415.7,16.67,27.8,35.86,49.07,43.29,0.24,0.03,17.85,0,2.68,0,381.18,0.15,29.34,18.36,429.03,1294.11,15983.15,-19.5500000000002,-13.4700000000012
Aug 2078,378.93,15.2,30.56,33.06,46.52,36.92,0.24,0.03,16.27,0,2.94,0,347.47,0.16,27.89,16.77,392.28,1270.75,15985.12,-23.3599999999999,1.97000000000116
Sep 2078,110.12,4.42,27.61,18.95,38.23,27.96,0.24,0.03,4.73,0,2.66,0,100.98,0.15,23.17,13.46,137.76,1252.66,15987.36,-18.089999999999897,2.23999999999978
Oct 2078,123.9,4.97,30.49,9.04,28.35,5.03,0.24,0.03,5.32,0,2.94,0,113.61,0.16,9.64,7.71,131.12,1239.96,15981.08,-12.7,-6.280000000000651
Nov 2078,169.4,6.79,35.89,6.79,33.64,1.4,0.24,0.03,7.27,0,3.46,0,155.33,0.19,4.83,0.0,160.36,1253.85,15981.43,13.8899999999999,0.350000000000364
Dec 2078,68.71,2.76,30.44,13.59,17.91,1.4,0.24,0.03,2.95,0,2.93,0,63.01,0.16,4.83,0.0,68.0,1281.46,15991.96,27.6100000000001,10.5299999999988
Jan 2079,315.46,12.65,32.7,41.92,6.03,5.92,0.24,0.03,13.55,0,3.15,0,289.27,0.18,4.83,0.0,294.28,1293.35,15997.64,11.8899999999999,5.680000000000289
Feb 2079,110.62,4.44,35.47,59.51,6.03,29.24,0.24,0.03,4.75,0,3.41,0,101.43,0.19,4.83,0.0,106.46,1288.82,16014.13,-4.529999999999969,16.4899999999998
Mar 2079,92.39,3.71,61.62,57.07,6.03,4.04,0.24,0.03,3.97,0,5.93,0,84.72,0.33,4.84,0.0,89.89,1260.98,16022.09,-27.8399999999999,7.96000000000095
Apr 2079,13.57,0.54,167.67,110.3,44.16,3.29,0.24,0.03,0.58,0,16.14,0,12.44,0.9,7.34,6.47,27.15,1258.34,16031.79,-2.6400000000001,9.700000000000731
May 2079,4.72,0.19,68.36,12.49,59.35,10.23,0.24,0.03,0.2,0,6.58,0,4.33,0.37,15.98,15.67,36.34,1292.07,16041.84,33.73,10.0499999999993
Jun 2079,4.0,0.16,30.79,20.05,47.8,40.04,0.24,0.03,0.17,0,2.96,0,3.67,0.17,28.58,18.98,51.4,1325.41,16032.75,33.3400000000001,-9.09000000000015
Jul 2079,74.62,2.99,26.64,25.27,56.02,54.37,0.24,0.03,3.2,0,2.56,0,68.43,0.14,33.3,18.24,120.11,1304.8,16016.71,-20.610000000000102,-16.0400000000009
Aug 2079,498.47,19.99,29.57,36.22,42.52,32.18,0.24,0.03,21.4,0,2.85,0,457.08,0.16,25.61,16.38,499.23,1273.35,16004.03,-31.45,-12.6799999999985
Sep 2079,339.42,13.61,27.14,24.75,30.24,17.0,0.24,0.03,14.57,0,2.61,0,311.23,0.15,18.62,12.37,342.36,1258.28,16011.7,-15.069999999999899,7.67000000000007
Oct 2079,60.7,2.43,28.11,6.2,26.01,4.53,0.24,0.03,2.61,0,2.71,0,55.66,0.15,8.98,6.7,71.49,1253.1,16016.31,-5.180000000000059,4.6099999999987595
Nov 2079,42.28,1.7,33.63,2.09,31.15,1.34,0.24,0.03,1.82,0,3.24,0,38.77,0.18,4.63,0.0,43.58,1265.8,16014.72,12.7,-1.59000000000015
Dec 2079,279.69,11.22,29.21,30.67,8.19,1.4,0.24,0.03,12.01,0,2.81,0,256.46,0.16,4.84,0.0,261.46,1291.19,16019.57,25.3900000000001,4.85000000000036
Jan 2080,372.44,14.94,29.75,41.55,6.04,5.92,0.24,0.03,15.99,0,2.86,0,341.51,0.16,4.84,0.0,346.51,1293.35,16034.19,2.15999999999985,14.6200000000008
Feb 2080,130.3,5.23,31.16,56.43,6.04,29.24,0.24,0.03,5.59,0,3.0,0,119.48,0.17,4.84,0.0,124.48,1288.82,16052.84,-4.529999999999969,18.6499999999996
Mar 2080,198.34,7.95,67.69,66.77,6.04,4.05,0.24,0.03,8.52,0,6.52,0,181.87,0.36,4.84,0.0,187.07,1260.98,16061.23,-27.8399999999999,8.38999999999942
Apr 2080,13.64,0.55,157.32,102.39,41.73,2.25,0.24,0.03,0.59,0,15.15,0,12.51,0.85,5.96,3.96,23.27,1258.34,16076.06,-2.6400000000001,14.8299999999999
May 2080,3.96,0.16,42.87,14.39,37.52,13.24,0.24,0.03,0.17,0,4.13,0,3.63,0.23,20.26,17.22,41.35,1292.07,16087.63,33.73,11.5699999999997
Jun 2080,19.15,0.77,27.01,20.37,48.97,44.31,0.24,0.03,0.82,0,2.6,0,17.56,0.15,29.28,19.0,65.98,1296.29,16074.51,4.22000000000003,-13.119999999999001
Jul 2080,465.65,18.68,26.52,36.76,46.26,40.52,0.24,0.03,19.99,0,2.55,0,426.98,0.14,27.74,17.9,472.76,1271.88,16058.72,-24.4099999999999,-15.790000000000902
Aug 2080,398.66,15.99,30.07,32.49,43.26,32.75,0.24,0.03,17.12,0,2.9,0,365.55,0.16,26.03,16.04,407.78,1250.08,16063.16,-21.8000000000002,4.440000000000509
Sep 2080,205.65,8.25,27.43,20.9,33.81,21.82,0.24,0.03,8.83,0,2.64,0,188.57,0.15,20.65,12.72,222.09,1234.76,16066.93,-15.319999999999899,3.7700000000004397
Oct 2080,214.6,8.61,28.47,12.89,26.38,5.08,0.24,0.03,9.21,0,2.74,0,196.77,0.15,9.71,8.26,214.89,1226.3,16065.48,-8.46000000000004,-1.4500000000007298
Nov 2080,173.44,6.96,32.7,7.22,30.52,1.4,0.24,0.03,7.45,0,3.15,0,159.04,0.18,4.84,0.0,164.06,1238.1,16068.97,11.8,3.48999999999978
Dec 2080,27.84,1.12,29.57,1.9,27.1,1.32,0.24,0.03,1.2,0,2.85,0,25.53,0.16,4.58,0.0,30.26,1262.57,16079.37,24.47,10.4000000000015
Jan 2081,521.85,20.93,29.94,38.35,10.89,1.41,0.24,0.03,22.41,0,2.88,0,478.51,0.16,4.85,0.0,483.52,1283.98,16083.2,21.410000000000103,3.8299999999999303
Feb 2081,280.65,11.26,36.38,67.14,6.05,29.25,0.24,0.03,12.05,0,3.5,0,257.34,0.2,4.85,0.0,262.38,1288.82,16108.29,4.83999999999992,25.0900000000001
Mar 2081,119.6,4.8,71.66,67.18,6.05,4.05,0.24,0.03,5.14,0,6.9,0,109.67,0.38,4.85,0.0,114.9,1260.98,16123.64,-27.8399999999999,15.3499999999985
Apr 2081,55.95,2.24,148.55,96.51,41.19,2.02,0.24,0.03,2.4,0,14.3,0,51.31,0.8,5.65,3.31,61.07,1258.34,16135.47,-2.6400000000001,11.8299999999999
May 2081,74.62,2.99,115.22,21.07,97.01,11.57,0.24,0.03,3.2,0,11.09,0,68.42,0.62,18.29,14.87,102.2,1292.07,16148.66,33.73,13.1900000000005
Jun 2081,28.61,1.15,34.67,20.71,48.96,37.38,0.24,0.03,1.23,0,3.34,0,26.24,0.19,29.26,19.16,74.84,1359.42,16147.88,67.35000000000011,-0.7800000000006551
Jul 2081,251.48,10.09,27.86,30.55,52.04,47.49,0.24,0.03,10.8,0,2.68,0,230.6,0.15,31.03,18.2,279.98,1341.95,16133.08,-17.47,-14.7999999999993
Aug 2081,456.45,18.31,30.62,35.48,44.91,34.57,0.24,0.03,19.6,0,2.95,0,418.54,0.16,26.97,16.76,462.45,1315.68,16128.15,-26.27,-4.93000000000029
Sep 2081,519.02,20.82,27.99,29.39,25.89,9.33,0.24,0.03,22.29,0,2.69,0,475.92,0.15,15.32,11.55,502.94,1299.25,16133.73,-16.4300000000001,5.57999999999993
Oct 2081,0.0,0.0,28.78,5.41,25.31,4.86,0.24,0.03,0.0,0,2.77,0,0.0,0.15,9.16,7.68,16.99,1300.71,16146.95,1.46000000000004,13.2200000000012
Nov 2081,340.04,13.64,30.56,14.08,28.43,1.41,0.24,0.03,14.6,0,2.94,0,311.8,0.16,4.85,0.0,316.81,1312.21,16141.84,11.5,-5.11000000000058
Dec 2081,102.69,4.12,29.88,67.55,6.05,42.65,0.24,0.03,4.41,0,2.88,0,94.16,0.16,4.85,0.0,99.18,1334.58,16159.18,22.3699999999999,17.3400000000001
Jan 2082,319.25,12.8,29.75,39.4,6.05,5.93,0.24,0.03,13.71,0,2.86,0,292.74,0.16,4.85,0.0,297.75,1293.35,16166.26,-41.23,7.07999999999993
Feb 2082,123.53,4.95,32.16,57.04,6.06,29.25,0.24,0.03,5.3,0,3.1,0,113.27,0.17,4.85,0.0,118.3,1288.82,16182.62,-4.529999999999969,16.3600000000006
Mar 2082,346.57,13.9,76.44,80.57,6.06,4.05,0.24,0.03,14.88,0,7.36,0,317.79,0.41,4.85,0.06,323.11,1260.98,16190.82,-27.8399999999999,8.19999999999891
Apr 2082,13.81,0.55,129.31,72.47,50.1,5.85,0.24,0.03,0.59,0,12.45,0,12.67,0.69,10.72,11.2,35.29,1258.34,16212.79,-2.6400000000001,21.970000000001196
May 2082,5.02,0.2,57.57,12.47,50.13,10.68,0.24,0.03,0.22,0,5.54,0,4.6,0.31,16.69,15.58,37.18,1292.07,16214.43,33.73,1.6399999999994201
Jun 2082,42.46,1.7,30.32,21.18,50.21,42.46,0.24,0.03,1.82,0,2.92,0,38.94,0.16,29.99,19.24,88.34,1315.04,16204.4,22.97,-10.0300000000007
Jul 2082,692.94,27.79,27.06,43.41,40.64,31.95,0.24,0.03,29.75,0,2.61,0,635.4,0.15,24.54,17.68,677.77,1293.01,16189.69,-22.03,-14.709999999999098
Aug 2082,282.5,11.33,30.92,28.88,45.85,35.63,0.24,0.03,12.13,0,2.98,0,259.04,0.17,27.51,16.09,302.81,1277.36,16204.16,-15.6500000000001,14.4699999999993
Sep 2082,455.39,18.26,27.43,29.69,30.95,17.72,0.24,0.03,19.55,0,2.64,0,417.57,0.15,19.02,13.15,449.89,1260.28,16202.97,-17.0799999999999,-1.19000000000051
Oct 2082,5.48,0.22,28.6,6.65,25.38,6.12,0.24,0.03,0.24,0,2.75,0,5.03,0.15,10.9,9.09,25.16,1254.69,16211.81,-5.58999999999992,8.84000000000015
Nov 2082,147.29,5.91,32.16,6.22,29.99,1.41,0.24,0.03,6.32,0,3.1,0,135.06,0.17,4.86,0.15,140.23,1263.26,16205.5,8.56999999999994,-6.30999999999949
Dec 2082,82.39,3.3,29.69,19.17,12.22,1.41,0.24,0.03,3.54,0,2.86,0,75.55,0.16,4.86,0.0,80.57,1287.19,16214.57,23.9300000000001,9.06999999999971
Jan 2083,162.5,6.52,30.49,33.78,6.06,5.94,0.24,0.03,6.98,0,2.94,0,149.01,0.16,4.86,0.0,154.03,1293.35,16220.76,6.15999999999985,6.19000000000051
Feb 2083,149.36,5.99,35.94,61.47,6.06,29.26,0.24,0.03,6.41,0,3.46,0,136.95,0.19,4.86,0.0,142.0,1288.82,16230.46,-4.529999999999969,9.69999999999891
Mar 2083,382.01,15.32,60.03,67.24,6.07,4.06,0.24,0.03,16.4,0,5.78,0,350.29,0.32,4.86,0.0,355.47,1260.98,16240.13,-27.8399999999999,9.670000000000071
Apr 2083,13.3,0.53,138.87,86.22,41.0,1.94,0.24,0.03,0.57,0,13.37,0,12.19,0.75,5.55,2.98,21.46,1258.34,16262.11,-2.6400000000001,21.980000000001397
May 2083,9.37,0.38,101.26,13.86,87.66,10.18,0.24,0.03,0.4,0,9.75,0,8.59,0.54,15.66,16.99,41.78,1292.07,16272.86,33.73,10.75
Jun 2083,29.47,1.18,34.85,22.19,52.38,42.08,0.24,0.03,1.27,0,3.36,0,27.02,0.19,31.2,20.12,78.53,1354.11,16265.81,62.04,-7.05000000000109
Jul 2083,298.2,11.96,27.61,32.87,53.02,49.12,0.24,0.03,12.8,0,2.66,0,273.44,0.15,31.59,18.69,323.87,1333.41,16250.1,-20.6999999999998,-15.709999999999098
Aug 2083,346.25,13.89,31.16,30.87,44.59,33.58,0.24,0.03,14.87,0,3.0,0,317.49,0.17,26.79,16.1,360.55,1305.92,16246.66,-27.49,-3.4400000000005098
Sep 2083,13.32,0.53,27.86,13.93,33.89,22.26,0.24,0.03,0.57,0,2.68,0,12.21,0.15,20.67,12.18,45.21,1290.34,16248.22,-15.5800000000002,1.55999999999949
Oct 2083,515.11,20.66,30.32,23.78,28.18,4.06,0.24,0.03,22.12,0,2.92,0,472.33,0.16,8.36,8.65,489.51,1281.51,16239.09,-8.829999999999929,-9.1299999999992
Nov 2083,642.08,25.75,40.24,25.41,37.91,1.42,0.24,0.03,27.57,0,3.87,0,588.76,0.22,4.86,0.0,593.84,1297.47,16255.27,15.96,16.1800000000003
Dec 2083,119.23,4.78,31.16,64.08,6.07,37.38,0.24,0.03,5.12,0,3.0,0,109.32,0.17,4.86,0.0,114.35,1329.31,16286.51,31.8399999999999,31.2399999999998
Jan 2084,149.76,6.01,31.16,33.87,6.07,5.94,0.24,0.03,6.43,0,3.0,0,137.32,0.17,4.86,0.0,142.35,1293.35,16294.42,-35.96,7.90999999999985
Feb 2084,119.9,4.81,32.45,57.15,6.07,29.26,0.24,0.03,5.15,0,3.13,0,109.94,0.17,4.86,0.0,114.98,1288.82,16303.64,-4.529999999999969,9.219999999999349
Mar 2084,162.28,6.51,59.16,57.64,6.07,4.06,0.24,0.03,6.97,0,5.7,0,148.8,0.32,4.86,0.0,153.98,1260.98,16311.71,-27.8399999999999,8.06999999999971
Apr 2084,39.2,1.57,99.36,46.94,49.49,5.59,0.24,0.03,1.68,0,9.57,0,35.94,0.53,10.38,10.78,57.63,1258.34,16324.16,-2.6400000000001,12.4500000000007
May 2084,6.09,0.24,43.92,14.53,38.5,13.33,0.24,0.03,0.26,0,4.23,0,5.59,0.24,20.37,17.29,43.49,1292.07,16324.42,33.73,0.260000000000218
Jun 2084,23.87,0.96,28.23,21.67,51.86,47.22,0.24,0.03,1.03,0,2.72,0,21.89,0.15,30.93,19.81,72.78,1297.07,16311.41,5.0,-13.0100000000002
Jul 2084,931.2,37.35,26.69,49.99,33.63,22.29,0.24,0.03,39.98,0,2.57,0,853.87,0.14,20.55,17.09,891.66,1271.0,16295.14,-26.0699999999999,-16.2700000000004
Aug 2084,1914.99,76.81,29.94,78.6,27.82,2.72,0.24,0.03,82.22,0,2.88,0,1755.96,0.16,6.58,14.5,1777.2,1262.0,16320.4,-9.0,25.2600000000002
Sep 2084,440.63,17.67,27.31,26.51,25.23,9.53,0.24,0.03,18.92,0,2.63,0,404.03,0.15,15.59,11.29,431.06,1280.73,16390.79,18.73,70.39000000000121
Oct 2084,580.3,23.27,28.53,24.64,26.43,2.17,0.24,0.03,24.92,0,2.75,0,532.11,0.15,5.86,5.8,543.92,1281.05,16400.84,0.31999999999993606,10.0499999999993
Nov 2084,329.86,13.23,32.95,13.49,30.77,1.42,0.24,0.03,14.16,0,3.17,0,302.46,0.18,4.87,0.0,307.51,1299.66,16422.49,18.610000000000102,21.6500000000015
Dec 2084,100.7,4.04,30.19,57.5,6.08,32.42,0.24,0.03,4.32,0,2.91,0,92.34,0.16,4.87,0.0,97.37,1324.35,16439.62,24.6899999999998,17.129999999997402
Jan 2085,135.13,5.42,30.67,32.83,6.08,5.95,0.24,0.03,5.8,0,2.95,0,123.91,0.16,4.87,0.0,128.94,1293.35,16446.64,-31.0,7.02000000000044
Feb 2085,217.42,8.72,32.38,60.99,6.08,29.26,0.24,0.03,9.34,0,3.12,0,199.36,0.17,4.87,0.0,204.4,1288.82,16455.19,-4.529999999999969,8.549999999999269
Mar 2085,393.62,15.79,58.0,65.87,6.08,4.07,0.24,0.03,16.9,0,5.58,0,360.93,0.31,4.87,0.0,366.11,1260.98,16467.43,-27.8399999999999,12.240000000001599
Apr 2085,142.17,5.7,175.45,124.67,40.26,1.62,0.24,0.03,6.1,0,16.89,0,130.36,0.94,5.12,2.16,138.59,1258.34,16489.71,-2.6400000000001,22.279999999998804
May 2085,14.26,0.57,67.99,12.41,59.41,10.17,0.24,0.03,0.61,0,6.55,0,13.08,0.37,15.92,15.43,44.8,1292.07,16510.34,33.73,20.630000000000997
Jun 2085,92.38,3.71,33.13,22.95,50.19,39.68,0.24,0.03,3.97,0,3.19,0,84.71,0.18,29.98,19.49,134.36,1325.6,16501.85,33.53,-8.490000000001599
Jul 2085,157.22,6.31,27.61,28.19,55.27,52.34,0.24,0.03,6.75,0,2.66,0,144.16,0.15,32.87,18.48,195.66,1306.35,16489.31,-19.25,-12.539999999997198
Aug 2085,712.28,28.57,32.09,41.89,36.24,20.74,0.24,0.03,30.58,0,3.09,0,653.13,0.17,22.04,15.85,691.19,1276.61,16480.03,-29.74,-9.280000000002472
Sep 2085,441.83,17.72,27.61,27.7,27.63,12.81,0.24,0.03,18.97,0,2.66,0,405.14,0.15,17.14,12.11,434.53,1270.28,16497.64,-6.32999999999993,17.6100000000006
Oct 2085,124.31,4.99,28.11,10.4,26.01,6.18,0.24,0.03,5.34,0,2.71,0,113.99,0.15,11.15,9.07,134.36,1268.18,16506.95,-2.09999999999991,9.31000000000131
Nov 2085,107.7,4.32,37.6,4.21,35.32,1.43,0.24,0.03,4.62,0,3.62,0,98.75,0.2,4.88,0.44,104.27,1277.08,16505.72,8.89999999999986,-1.2299999999995601
Dec 2085,438.51,17.59,30.87,53.6,6.09,14.38,0.24,0.03,18.83,0,2.97,0,402.09,0.17,4.87,0.0,407.13,1306.3,16513.32,29.22,7.5999999999985395
Jan 2086,462.14,18.54,33.67,48.64,6.09,5.95,0.24,0.03,19.84,0,3.24,0,423.76,0.18,4.87,0.0,428.82,1293.35,16534.91,-12.95,21.5900000000001
Feb 2086,238.53,9.57,37.18,66.14,6.09,29.27,0.24,0.03,10.24,0,3.58,0,218.72,0.2,4.87,0.0,223.79,1288.82,16557.78,-4.529999999999969,22.869999999999
Mar 2086,97.91,3.93,69.88,64.68,6.09,4.07,0.24,0.03,4.2,0,6.73,0,89.78,0.38,4.87,0.0,95.03,1260.98,16571.4,-27.8399999999999,13.620000000002598
Apr 2086,46.36,1.86,157.25,98.07,51.51,6.46,0.24,0.03,1.99,0,15.14,0,42.51,0.84,11.53,12.04,66.93,1258.34,16582.12,-2.6400000000001,10.7199999999975
May 2086,8.78,0.35,59.95,13.43,52.32,11.54,0.24,0.03,0.38,0,5.77,0,8.05,0.32,17.84,16.39,42.59,1292.07,16586.99,33.73,4.87000000000262
Jun 2086,109.65,4.4,29.88,23.61,49.5,41.87,0.24,0.03,4.71,0,2.88,0,100.55,0.16,29.59,19.39,149.68,1315.22,16576.55,23.1500000000001,-10.4400000000023
Jul 2086,525.46,21.08,26.81,39.87,47.97,42.68,0.24,0.03,22.56,0,2.58,0,481.83,0.14,28.72,18.68,529.37,1293.47,16564.53,-21.75,-12.020000000000401
Aug 2086,491.18,19.7,30.44,36.57,44.15,33.67,0.24,0.03,21.09,0,2.93,0,450.39,0.16,26.54,16.74,493.84,1270.26,16570.78,-23.21,6.25
Sep 2086,360.09,14.44,27.68,27.7,35.26,23.65,0.24,0.03,15.46,0,2.67,0,330.19,0.15,21.48,13.87,365.69,1254.41,16577.85,-15.8499999999999,7.069999999999711
Oct 2086,299.52,12.01,27.31,16.19,25.23,4.88,0.24,0.03,12.86,0,2.63,0,274.65,0.15,9.43,8.44,292.67,1244.75,16581.89,-9.66000000000008,4.0400000000008705
Nov 2086,262.82,10.54,30.0,11.05,27.87,1.43,0.24,0.03,11.28,0,2.89,0,241.0,0.16,4.88,0.0,246.04,1255.89,16588.73,11.1400000000001,6.84000000000015
Dec 2086,37.5,1.5,29.4,7.55,21.79,1.43,0.24,0.03,1.61,0,2.83,0,34.38,0.16,4.88,0.0,39.42,1277.66,16602.7,21.77,13.9700000000012
Jan 2087,692.16,27.76,28.11,52.86,6.1,5.95,0.24,0.03,29.72,0,2.71,0,634.68,0.15,4.88,0.0,639.71,1293.35,16606.93,15.6899999999998,4.22999999999956
Feb 2087,188.63,7.57,30.67,58.29,6.1,29.27,0.24,0.03,8.1,0,2.95,0,172.97,0.16,4.88,0.0,178.01,1288.82,16639.14,-4.529999999999969,32.209999999999106
Mar 2087,253.31,10.16,56.53,58.91,6.1,4.08,0.25,0.03,10.88,0,5.44,0,232.27,0.3,4.88,0.0,237.46,1260.98,16649.98,-27.8399999999999,10.8400000000001
Apr 2087,176.04,7.06,169.01,120.3,40.18,1.58,0.25,0.03,7.56,0,16.27,0,161.42,0.91,5.08,2.12,169.53,1258.34,16666.09,-2.6400000000001,16.1100000000006
May 2087,111.09,4.46,129.01,34.7,97.4,11.74,0.25,0.03,4.77,0,12.42,0,101.86,0.69,18.51,15.24,136.3,1292.07,16687.59,33.73,21.5
Jun 2087,47.45,1.9,43.35,21.43,49.73,30.32,0.25,0.03,2.04,0,4.17,0,43.51,0.23,29.69,19.46,92.89,1359.42,16689.33,67.35000000000011,1.7400000000016
Jul 2087,559.52,22.44,31.29,39.56,44.9,33.9,0.25,0.03,24.02,0,3.01,0,513.06,0.17,26.97,18.06,558.25,1349.36,16675.87,-10.0600000000002,-13.460000000002802
Aug 2087,470.13,18.86,32.21,34.85,42.48,29.54,0.25,0.03,20.19,0,3.1,0,431.08,0.17,25.59,16.2,473.04,1333.6,16684.64,-15.76,8.77000000000044
Sep 2087,321.35,12.89,29.45,25.48,34.05,20.18,0.25,0.03,13.8,0,2.84,0,294.66,0.16,20.79,13.34,328.95,1321.16,16691.52,-12.4399999999998,6.8800000000010195
Oct 2087,571.28,22.91,28.47,24.46,26.38,2.35,0.25,0.03,24.53,0,2.74,0,523.83,0.15,6.09,6.12,536.2,1314.44,16694.6,-6.72000000000003,3.07999999999811
Nov 2087,161.12,6.46,44.1,20.58,26.93,1.44,0.25,0.03,6.92,0,4.25,0,147.74,0.24,4.88,0.0,152.86,1332.59,16715.54,18.1499999999999,20.9400000000023
Dec 2087,426.3,17.1,33.67,102.74,6.11,61.5,0.25,0.03,18.3,0,3.24,0,390.9,0.18,4.89,0.0,395.97,1353.41,16726.5,20.8200000000002,10.959999999999098
Jan 2088,147.01,5.9,34.35,36.6,6.11,5.96,0.25,0.03,6.31,0,3.31,0,134.8,0.18,4.89,0.0,139.87,1293.35,16747.83,-60.0600000000002,21.3300000000017
Feb 2088,126.96,5.09,37.3,61.77,6.11,29.28,0.25,0.03,5.45,0,3.59,0,116.42,0.2,4.89,0.0,121.5,1288.82,16757.24,-4.529999999999969,9.40999999999985
Mar 2088,146.41,5.87,116.75,108.72,6.11,4.08,0.25,0.03,6.29,0,11.24,0,134.25,0.63,4.89,0.0,139.76,1260.98,16766.07,-27.8399999999999,8.82999999999811
Apr 2088,106.07,4.25,137.08,83.27,49.9,5.77,0.25,0.03,4.55,0,13.2,0,97.26,0.74,10.61,11.43,120.04,1258.34,16783.38,-2.6400000000001,17.310000000001303
May 2088,9.46,0.38,38.15,12.87,33.7,11.92,0.25,0.03,0.41,0,3.67,0,8.68,0.2,18.55,15.74,43.18,1292.07,16789.5,33.73,6.1199999999989805
Jun 2088,1.74,0.07,26.81,20.4,49.02,45.26,0.25,0.03,0.07,0,2.58,0,1.6,0.14,29.29,19.19,50.22,1295.52,16777.62,3.45000000000005,-11.880000000000999
Jul 2088,411.4,16.5,26.52,36.33,50.3,46.31,0.25,0.03,17.66,0,2.55,0,377.23,0.14,30.05,18.63,426.05,1270.2,16760.88,-25.3199999999999,-16.739999999998
Aug 2088,579.5,23.24,30.32,37.75,38.67,25.94,0.25,0.03,24.88,0,2.92,0,531.37,0.16,23.42,15.77,570.73,1244.36,16762.26,-25.8400000000001,1.3799999999973798
Sep 2088,225.51,9.04,31.23,21.76,34.69,19.36,0.25,0.03,9.68,0,3.01,0,206.78,0.17,21.16,13.04,241.15,1233.87,16774.07,-10.49,11.810000000001303
Oct 2088,326.57,13.1,29.75,16.33,27.62,4.13,0.25,0.03,14.02,0,2.86,0,299.45,0.16,8.45,7.56,315.62,1228.26,16773.51,-5.6099999999999,-0.56000000000131
Nov 2088,12.01,0.48,38.77,1.92,34.33,0.95,0.25,0.03,0.52,0,3.73,0,11.01,0.21,3.26,0.0,14.48,1243.51,16782.63,15.25,9.12000000000262
Dec 2088,485.17,19.46,31.36,23.46,25.61,1.44,0.25,0.03,20.83,0,3.02,0,444.88,0.17,4.89,0.0,449.94,1273.86,16786.66,30.3499999999999,4.02999999999884
Jan 2089,163.35,6.55,31.47,34.66,6.12,5.96,0.25,0.03,7.01,0,3.03,0,149.78,0.17,4.89,0.0,154.85,1293.35,16810.3,19.49,23.6399999999994
Feb 2089,134.62,5.4,33.31,58.49,6.12,29.28,0.25,0.03,5.78,0,3.21,0,123.44,0.18,4.89,0.0,128.51,1288.82,16820.13,-4.529999999999969,9.83000000000175
Mar 2089,186.89,7.5,59.95,59.32,6.12,4.09,0.25,0.03,8.02,0,5.77,0,171.37,0.32,4.89,0.2,176.78,1260.98,16828.9,-27.8399999999999,8.77000000000044
Apr 2089,14.38,0.58,163.68,103.35,50.15,5.88,0.25,0.03,0.62,0,15.76,0,13.18,0.88,10.75,11.19,36.01,1258.34,16842.29,-2.6400000000001,13.389999999999402
May 2089,4.25,0.17,67.74,12.87,58.79,10.64,0.25,0.03,0.18,0,6.52,0,3.9,0.36,16.54,15.98,36.78,1292.07,16847.26,33.73,4.96999999999753
Jun 2089,12.83,0.51,33.19,21.63,51.22,42.52,0.25,0.03,0.55,0,3.2,0,11.76,0.18,30.54,19.91,62.39,1323.9,16837.77,31.8300000000002,-9.489999999997961
Jul 2089,206.36,8.28,28.16,31.69,58.92,57.04,0.25,0.03,8.86,0,2.71,0,189.22,0.15,34.95,19.62,243.95,1302.27,16821.4,-21.6300000000001,-16.369999999999003
Aug 2089,428.84,17.2,31.04,34.66,45.65,35.23,0.25,0.03,18.41,0,2.99,0,393.23,0.17,27.4,16.79,437.59,1269.42,16813.14,-32.8499999999999,-8.260000000002039
Sep 2089,507.87,20.37,27.56,30.83,28.73,14.43,0.25,0.03,21.81,0,2.65,0,465.69,0.15,17.76,12.76,496.36,1252.66,16817.54,-16.76,4.40000000000146
Oct 2089,324.85,13.03,28.47,16.1,26.38,3.87,0.25,0.03,13.95,0,2.74,0,297.87,0.15,8.1,7.14,313.28,1249.41,16829.02,-3.25,11.479999999999599
Nov 2089,336.84,13.51,31.16,13.94,29.01,1.45,0.25,0.03,14.46,0,3.0,0,308.87,0.17,4.9,0.0,313.93,1264.02,16838.36,14.6099999999999,9.34000000000015
Dec 2089,431.92,17.32,29.83,32.99,12.57,1.45,0.25,0.03,18.55,0,2.87,0,396.05,0.16,4.9,0.0,401.11,1286.91,16855.61,22.8900000000001,17.25
Jan 2090,544.62,21.84,30.12,48.74,6.13,5.97,0.25,0.03,23.38,0,2.9,0,499.39,0.16,4.9,0.0,504.45,1293.35,16876.81,6.43999999999983,21.2000000000007
Feb 2090,70.47,2.83,31.29,54.1,6.13,29.29,0.25,0.03,3.03,0,3.01,0,64.61,0.17,4.9,0.0,69.68,1288.82,16902.88,-4.529999999999969,26.0699999999997
Mar 2090,408.8,16.4,50.46,59.68,6.13,4.09,0.25,0.03,17.55,0,4.86,0,374.85,0.27,4.9,0.0,380.02,1260.98,16908.7,-27.8399999999999,5.819999999999711
Apr 2090,77.41,3.1,111.6,63.76,41.94,2.34,0.25,0.03,3.32,0,10.75,0,70.98,0.6,6.08,4.26,81.93,1258.34,16930.9,-2.6400000000001,22.200000000000703
May 2090,23.25,0.93,41.83,12.33,37.4,11.22,0.25,0.03,1.0,0,4.03,0,21.32,0.22,17.64,15.08,54.26,1292.07,16940.5,33.73,9.599999999998538
Jun 2090,22.65,0.91,27.99,20.11,48.25,42.31,0.25,0.03,0.97,0,2.69,0,20.77,0.15,28.87,18.76,68.55,1300.83,16930.23,8.759999999999991,-10.270000000000401
Jul 2090,392.66,15.75,26.57,37.04,53.68,51.1,0.25,0.03,16.86,0,2.56,0,360.05,0.14,31.97,19.38,411.54,1278.12,16914.92,-22.71,-15.310000000001303
Aug 2090,485.08,19.46,30.25,36.51,44.55,34.43,0.25,0.03,20.83,0,2.91,0,444.79,0.16,26.77,16.81,488.54,1248.94,16914.75,-29.1799999999998,-0.169999999998254
Sep 2090,540.05,21.66,27.31,31.24,26.64,11.68,0.25,0.03,23.19,0,2.63,0,495.2,0.15,16.57,12.3,524.23,1232.5,16921.47,-16.4400000000001,6.72000000000116
Oct 2090,94.8,3.8,29.15,5.65,27.04,2.7,0.25,0.03,4.07,0,2.81,0,86.93,0.16,6.56,3.94,97.59,1231.1,16934.77,-1.40000000000009,13.2999999999993
Nov 2090,75.26,3.02,31.96,3.39,29.79,1.45,0.25,0.03,3.23,0,3.08,0,69.01,0.17,4.9,0.0,74.09,1249.09,16937.49,17.99,2.7200000000011597
Dec 2090,63.57,2.55,33.19,7.07,26.74,1.45,0.25,0.03,2.73,0,3.2,0,58.29,0.18,4.9,0.0,63.37,1272.74,16943.58,23.6500000000001,6.09000000000015
Jan 2091,74.61,2.99,33.98,33.35,6.14,5.97,0.25,0.03,3.2,0,3.27,0,68.41,0.18,4.9,0.0,73.5,1293.35,16949.29,20.609999999999896,5.7099999999991295
Feb 2091,196.6,7.89,42.68,69.38,6.14,29.29,0.25,0.03,8.44,0,4.11,0,180.28,0.23,4.9,0.0,185.41,1288.82,16955.55,-4.529999999999969,6.2599999999984
Mar 2091,174.5,7.0,92.25,87.82,6.14,4.1,0.25,0.03,7.49,0,8.88,0,160.01,0.5,4.9,0.0,165.41,1260.98,16967.89,-27.8399999999999,12.3400000000001
Apr 2091,15.5,0.62,108.91,53.93,50.6,6.07,0.25,0.03,0.67,0,10.49,0,14.21,0.59,11.01,11.4,37.21,1258.34,16984.05,-2.6400000000001,16.1599999999999
May 2091,4.76,0.19,52.37,14.35,45.68,12.78,0.25,0.03,0.2,0,5.04,0,4.37,0.28,19.56,17.18,41.39,1292.07,16983.59,33.73,-0.459999999999127
Jun 2091,63.38,2.54,35.14,22.3,51.77,39.96,0.25,0.03,2.72,0,3.38,0,58.12,0.19,30.88,19.75,108.95,1305.62,16971.44,13.55,-12.1500000000015
Jul 2091,612.07,24.55,28.6,41.69,44.44,35.89,0.25,0.03,26.28,0,2.75,0,561.24,0.15,26.71,18.23,606.34,1286.76,16957.58,-18.859999999999896,-13.8599999999969
Aug 2091,608.33,24.4,30.87,39.13,39.28,26.29,0.25,0.03,26.12,0,2.97,0,557.81,0.17,23.77,16.09,597.84,1268.82,16968.16,-17.9400000000001,10.5799999999981
Sep 2091,517.8,20.77,27.74,31.05,28.35,13.72,0.25,0.03,22.23,0,2.67,0,474.8,0.15,17.55,12.7,505.2,1258.25,16980.95,-10.569999999999899,12.790000000000902
Oct 2091,480.06,19.25,29.02,20.18,26.91,1.77,0.25,0.03,20.61,0,2.79,0,440.2,0.16,5.33,3.93,449.61,1255.55,16992.95,-2.70000000000005,12.0
Nov 2091,370.97,14.88,31.66,15.28,29.5,1.45,0.25,0.03,15.93,0,3.05,0,340.16,0.17,4.91,0.0,345.24,1275.58,17012.21,20.03,19.2599999999984
Dec 2091,88.78,3.56,29.88,31.29,6.15,7.04,0.25,0.03,3.81,0,2.88,0,81.41,0.16,4.91,0.0,86.48,1298.93,17030.97,23.3500000000001,18.760000000002
Jan 2092,182.13,7.3,30.56,34.59,6.15,5.98,0.25,0.03,7.82,0,2.94,0,167.0,0.16,4.91,0.0,172.07,1293.35,17037.44,-5.58000000000015,6.46999999999753
Feb 2092,87.53,3.51,33.25,56.53,6.15,29.3,0.25,0.03,3.76,0,3.2,0,80.26,0.18,4.91,0.0,85.35,1288.82,17047.99,-4.529999999999969,10.5500000000029
Mar 2092,260.24,10.44,56.22,58.89,6.15,4.1,0.25,0.03,11.17,0,5.41,0,238.63,0.3,4.91,0.0,243.84,1260.98,17054.73,-27.8399999999999,6.73999999999796
Apr 2092,140.37,5.63,141.93,90.1,47.97,4.94,0.25,0.03,6.03,0,13.67,0,128.71,0.76,9.52,10.33,149.33,1258.34,17071.11,-2.6400000000001,16.380000000000997
May 2092,88.45,3.55,55.24,13.5,51.48,11.82,0.25,0.03,3.8,0,5.32,0,81.1,0.3,18.5,15.54,115.44,1292.07,17080.25,33.73,9.13999999999942
Jun 2092,55.66,2.23,29.15,21.67,49.89,43.14,0.25,0.03,2.39,0,2.81,0,51.04,0.16,29.81,19.17,100.18,1313.44,17073.61,21.370000000000104,-6.63999999999942
Jul 2092,133.54,5.36,27.06,29.1,59.5,58.94,0.25,0.03,5.73,0,2.61,0,122.45,0.15,35.28,19.35,177.22,1290.59,17059.42,-22.8500000000001,-14.1900000000023
Aug 2092,370.11,14.84,30.19,32.72,46.46,37.21,0.25,0.03,15.89,0,2.91,0,339.37,0.16,27.86,16.67,384.06,1256.09,17048.2,-34.5,-11.2199999999975
Sep 2092,205.6,8.25,27.8,22.34,37.22,26.34,0.25,0.03,8.83,0,2.68,0,188.53,0.15,22.6,13.62,224.9,1237.69,17050.11,-18.3999999999999,1.90999999999985
Oct 2092,264.19,10.6,32.33,14.86,30.16,5.37,0.25,0.03,11.34,0,3.11,0,242.25,0.17,10.09,8.84,261.35,1226.19,17047.78,-11.5,-2.33000000000175
Nov 2092,9.86,0.4,35.33,1.87,31.31,1.04,0.25,0.03,0.42,0,3.4,0,9.04,0.19,3.55,0.0,12.78,1241.1,17053.18,14.9099999999999,5.4000000000014605
Dec 2092,151.72,6.09,33.75,6.41,31.46,1.46,0.25,0.03,6.51,0,3.25,0,139.12,0.18,4.91,0.0,144.21,1268.04,17056.78,26.9400000000001,3.5999999999985404
Jan 2093,436.09,17.49,33.67,47.57,6.16,5.98,0.25,0.03,18.72,0,3.24,0,399.87,0.18,4.92,0.0,404.97,1293.35,17066.33,25.3099999999999,9.55000000000291
Feb 2093,42.39,1.7,41.71,62.31,6.16,29.3,0.25,0.03,1.82,0,4.02,0,38.87,0.22,4.92,0.0,44.01,1288.82,17088.08,-4.529999999999969,21.75
Mar 2093,419.08,16.81,97.2,102.07,6.16,4.1,0.25,0.03,17.99,0,9.36,0,384.28,0.52,4.92,0.03,389.75,1260.98,17093.7,-27.8399999999999,5.6199999999989805
Apr 2093,16.04,0.64,154.91,96.15,49.07,5.42,0.25,0.03,0.69,0,14.92,0,14.7,0.83,10.15,10.44,36.13,1258.34,17120.8,-2.6400000000001,27.0999999999985
May 2093,4.27,0.17,52.12,15.36,45.44,13.81,0.25,0.03,0.18,0,5.02,0,3.92,0.28,20.94,18.04,43.18,1292.07,17125.75,33.73,4.950000000000731
Jun 2093,57.38,2.3,28.47,22.1,50.59,44.81,0.25,0.03,2.46,0,2.74,0,52.61,0.15,30.21,19.38,102.36,1302.98,17112.69,10.9100000000001,-13.060000000001303
Jul 2093,264.32,10.6,27.01,34.86,60.65,60.64,0.25,0.03,11.35,0,2.6,0,242.37,0.15,35.94,20.35,298.8,1278.76,17098.3,-24.22,-14.389999999999402
Aug 2093,554.02,22.22,29.94,39.74,45.58,36.2,0.25,0.03,23.79,0,2.88,0,508.02,0.16,27.36,17.45,552.98,1243.05,17091.68,-35.71,-6.6199999999989805
Sep 2093,83.14,3.33,27.24,17.89,38.19,28.28,0.25,0.03,3.57,0,2.62,0,76.23,0.15,23.15,13.28,112.82,1225.28,17100.69,-17.77,9.009999999998401
Oct 2093,155.91,6.25,28.03,11.66,25.94,6.17,0.25,0.03,6.69,0,2.7,0,142.96,0.15,11.14,9.19,163.44,1212.26,17093.38,-13.02,-7.309999999997669
Nov 2093,6.53,0.26,32.83,1.81,29.03,1.09,0.25,0.03,0.28,0,3.16,0,5.99,0.18,3.69,0.01,9.87,1221.11,17093.37,8.84999999999991,-0.0100000000020373
Dec 2093,376.11,15.08,30.19,15.61,28.06,1.46,0.25,0.03,16.15,0,2.91,0,344.88,0.16,4.92,0.0,349.96,1245.59,17096.57,24.48,3.2000000000007303
Jan 2094,78.43,3.15,32.45,6.26,27.51,1.47,0.25,0.03,3.37,0,3.13,0,71.92,0.17,4.92,0.0,77.01,1267.48,17115.41,21.8900000000001,18.840000000000103
Feb 2094,149.66,6.0,37.78,63.08,6.17,29.31,0.25,0.03,6.43,0,3.64,0,137.23,0.2,4.92,0.0,142.35,1288.82,17121.69,21.339999999999897,6.27999999999884
Mar 2094,146.63,5.88,107.81,100.67,6.17,4.11,0.25,0.03,6.3,0,10.38,0,134.46,0.58,4.92,0.04,140.0,1260.98,17131.53,-27.8399999999999,9.84000000000015
Apr 2094,16.73,0.67,228.56,162.44,48.91,5.35,0.25,0.03,0.72,0,22.01,0,15.34,1.23,10.05,10.32,36.95,1258.34,17147.95,-2.6400000000001,16.4200000000019
May 2094,5.39,0.22,144.51,41.15,103.09,14.2,0.25,0.03,0.23,0,13.92,0,4.94,0.78,21.75,16.97,44.44,1292.07,17160.14,33.73,12.189999999998697
Jun 2094,144.54,5.8,38.33,23.6,47.83,31.21,0.25,0.03,6.21,0,3.69,0,132.54,0.21,28.64,19.09,180.48,1359.42,17157.09,67.35000000000011,-3.0499999999992697
Jul 2094,654.39,26.25,28.78,43.42,44.54,35.86,0.25,0.03,28.1,0,2.77,0,600.05,0.15,26.77,18.51,645.48,1347.62,17147.68,-11.8000000000002,-9.40999999999985
Aug 2094,167.7,6.73,30.32,25.86,49.39,41.29,0.25,0.03,7.2,0,2.92,0,153.77,0.16,29.53,16.36,199.82,1329.75,17159.82,-17.869999999999898,12.139999999999402
Sep 2094,516.83,20.73,29.52,30.68,27.91,11.34,0.25,0.03,22.19,0,2.84,0,473.91,0.16,17.3,12.55,503.92,1308.54,17153.37,-21.21,-6.450000000000731
Oct 2094,275.58,11.05,27.36,15.26,25.29,4.91,0.25,0.03,11.83,0,2.63,0,252.69,0.15,9.47,8.29,270.61,1308.03,17165.63,-0.509999999999991,12.260000000002
Nov 2094,6.64,0.27,30.67,1.78,27.19,1.16,0.25,0.03,0.29,0,2.95,0,6.09,0.16,3.91,0.0,10.16,1319.15,17171.59,11.1200000000001,5.9599999999991295
Dec 2094,109.02,4.37,28.36,73.3,6.18,49.63,0.25,0.03,4.68,0,2.73,0,99.97,0.15,4.93,0.0,105.05,1341.51,17174.6,22.3599999999999,3.0099999999983997
Jan 2095,427.48,17.15,28.23,42.32,6.18,5.99,0.25,0.03,18.35,0,2.72,0,391.98,0.15,4.93,0.0,397.06,1293.35,17181.79,-48.1600000000001,7.190000000002331
Feb 2095,229.92,9.22,30.25,59.53,6.18,29.31,0.25,0.03,9.87,0,2.91,0,210.83,0.16,4.93,0.0,215.92,1288.82,17202.65,-4.529999999999969,20.8600000000006
Mar 2095,294.71,11.82,69.4,72.1,6.18,4.11,0.25,0.03,12.65,0,6.68,0,270.23,0.37,4.93,0.02,275.56,1260.98,17215.21,-27.8399999999999,12.5599999999977
Apr 2095,81.4,3.26,170.79,112.87,49.37,5.55,0.25,0.03,3.5,0,16.45,0,74.64,0.92,10.32,10.86,96.74,1258.34,17234.31,-2.6400000000001,19.100000000002197
May 2095,8.1,0.32,47.28,12.78,41.45,11.43,0.25,0.03,0.35,0,4.55,0,7.43,0.25,17.81,15.7,41.19,1292.07,17243.17,33.73,8.85999999999694
Jun 2095,123.69,4.96,27.8,25.65,52.53,48.24,0.25,0.03,5.31,0,2.68,0,113.41,0.15,31.32,20.32,165.2,1304.5,17232.14,12.430000000000101,-11.0299999999988
Jul 2095,107.13,4.3,26.57,28.7,60.91,61.44,0.25,0.03,4.6,0,2.56,0,98.24,0.14,36.09,19.53,154.0,1277.69,17219.59,-26.8099999999999,-12.5499999999993
Aug 2095,457.43,18.35,30.07,35.88,45.64,36.16,0.25,0.03,19.64,0,2.9,0,419.44,0.16,27.39,16.92,463.92,1241.29,17207.0,-36.4000000000001,-12.5900000000001
Sep 2095,215.58,8.65,27.61,23.52,38.99,29.06,0.25,0.03,9.26,0,2.66,0,197.67,0.15,23.61,14.14,235.57,1223.59,17212.4,-17.7,5.4000000000014605
Oct 2095,534.52,21.44,27.48,24.93,25.4,4.2,0.25,0.03,22.95,0,2.65,0,490.13,0.15,8.54,8.88,507.7,1210.14,17209.96,-13.4499999999998,-2.44000000000233
Nov 2095,89.06,3.57,30.92,4.05,28.77,1.47,0.25,0.03,3.82,0,2.98,0,81.66,0.17,4.93,0.0,86.76,1223.02,17226.46,12.8799999999999,16.5
Dec 2095,409.97,16.44,30.0,17.0,27.87,1.47,0.25,0.03,17.6,0,2.89,0,375.93,0.16,4.93,0.0,381.02,1245.6,17233.04,22.5799999999999,6.58000000000175
Jan 2096,183.74,7.37,28.6,8.04,26.5,1.47,0.25,0.03,7.89,0,2.75,0,168.48,0.15,4.93,0.0,173.56,1267.28,17253.31,21.6800000000001,20.270000000000397
Feb 2096,143.11,5.74,32.88,57.17,6.19,28.09,0.25,0.03,6.14,0,3.17,0,131.22,0.18,4.93,0.0,136.33,1287.59,17263.73,20.3099999999999,10.419999999998302
Mar 2096,451.84,18.12,61.19,71.02,6.19,4.12,0.25,0.03,19.4,0,5.89,0,414.32,0.33,4.93,0.0,419.58,1260.98,17272.82,-26.6099999999999,9.09000000000015
Apr 2096,21.79,0.87,79.82,28.61,49.63,5.66,0.25,0.03,0.94,0,7.69,0,19.98,0.43,10.46,10.8,41.67,1258.34,17297.89,-2.6400000000001,25.0699999999997
May 2096,4.21,0.17,30.37,13.26,32.01,17.83,0.25,0.03,0.18,0,2.92,0,3.86,0.16,19.59,16.09,39.71,1292.07,17295.5,33.73,-2.38999999999942
Jun 2096,15.76,0.63,25.77,21.5,51.7,49.42,0.25,0.03,0.68,0,2.48,0,14.45,0.14,30.84,19.73,65.16,1286.89,17282.28,-5.17999999999984,-13.2200000000012
Jul 2096,253.06,10.15,26.39,33.2,57.74,57.09,0.25,0.03,10.87,0,2.54,0,232.05,0.14,34.29,19.58,286.05,1258.56,17265.49,-28.3300000000002,-16.7899999999972
Aug 2096,720.5,28.9,30.0,43.42,38.63,26.21,0.25,0.03,30.94,0,2.89,0,660.67,0.16,23.41,16.52,700.76,1225.14,17259.1,-33.4199999999998,-6.39000000000306
Sep 2096,183.45,7.36,27.43,22.46,39.47,29.92,0.25,0.03,7.88,0,2.64,0,168.22,0.15,23.88,14.1,206.35,1214.38,17276.18,-10.76,17.0800000000017
Oct 2096,66.08,2.65,27.43,6.08,25.35,4.14,0.26,0.03,2.84,0,2.64,0,60.59,0.15,8.45,6.06,75.25,1200.26,17272.37,-14.1200000000001,-3.81000000000131
Nov 2096,81.1,3.25,29.33,3.87,27.21,1.48,0.26,0.03,3.48,0,2.82,0,74.36,0.16,4.94,0.0,79.46,1213.25,17271.57,12.99,-0.799999999999272
Dec 2096,48.7,1.95,28.16,2.66,26.06,1.48,0.26,0.03,2.09,0,2.71,0,44.66,0.15,4.94,0.0,49.75,1234.26,17277.65,21.01,6.08000000000175
Jan 2097,35.17,1.41,28.65,2.08,26.55,1.48,0.26,0.03,1.51,0,2.76,0,32.25,0.15,4.94,0.0,37.34,1254.13,17282.24,19.870000000000104,4.59000000000015
Feb 2097,194.8,7.81,31.04,44.48,6.2,14.98,0.26,0.03,8.36,0,2.99,0,178.62,0.17,4.94,0.0,183.73,1274.48,17286.28,20.3499999999999,4.0399999999972405
Mar 2097,8.3,0.33,34.17,28.91,6.28,4.16,0.26,0.03,0.36,0,3.29,0,7.61,0.18,4.98,0.7,13.48,1260.98,17297.42,-13.5,11.139999999999402
Apr 2097,15.51,0.62,75.83,20.81,56.58,8.65,0.26,0.03,0.67,0,7.3,0,14.22,0.41,14.42,15.11,44.16,1258.34,17300.14,-2.6400000000001,2.7200000000011597
May 2097,3.73,0.15,36.56,15.51,36.58,19.1,0.26,0.03,0.16,0,3.52,0,3.42,0.2,22.17,18.07,43.86,1292.07,17292.77,33.73,-7.3699999999989805
Jun 2097,28.4,1.14,27.8,23.66,56.54,54.09,0.26,0.03,1.22,0,2.68,0,26.04,0.15,33.6,21.01,80.8,1287.6,17278.15,-4.470000000000031,-14.619999999999001
Jul 2097,155.29,6.23,26.69,30.63,60.93,61.35,0.26,0.03,6.67,0,2.57,0,142.4,0.14,36.1,19.79,198.43,1256.68,17260.82,-30.9199999999998,-17.3300000000017
Aug 2097,405.53,16.26,29.88,33.59,45.11,35.6,0.26,0.03,17.41,0,2.88,0,371.85,0.16,27.09,16.51,415.62,1220.37,17250.04,-36.31000000000021,-10.7799999999988
Sep 2097,549.17,22.03,27.31,32.46,28.6,14.5,0.26,0.03,23.58,0,2.63,0,503.57,0.15,17.7,12.92,534.33,1203.01,17253.6,-17.3599999999999,3.55999999999767
Oct 2097,593.71,23.81,27.74,26.91,25.65,3.83,0.26,0.03,25.49,0,2.67,0,544.4,0.15,8.05,8.72,561.31,1199.64,17266.67,-3.3699999999998904,13.0699999999997
Nov 2097,415.07,16.65,30.56,17.16,28.43,1.48,0.26,0.03,17.82,0,2.94,0,380.6,0.16,4.94,0.0,385.71,1213.64,17285.9,14.0,19.230000000003198
Dec 2097,608.94,24.42,28.72,25.09,26.62,1.48,0.26,0.03,26.15,0,2.77,0,558.37,0.15,4.95,0.0,563.47,1235.86,17306.44,22.2199999999998,20.5399999999972
Jan 2098,206.43,8.28,29.15,8.91,27.04,1.48,0.26,0.03,8.86,0,2.81,0,189.29,0.16,4.95,0.0,194.39,1256.28,17335.13,20.4200000000001,28.690000000002303
Feb 2098,262.64,10.53,30.87,49.67,6.21,17.61,0.26,0.03,11.28,0,2.97,0,240.83,0.17,4.95,0.0,245.94,1277.11,17346.58,20.8299999999999,11.4500000000007
Mar 2098,441.98,17.73,47.35,58.18,6.21,4.13,0.26,0.03,18.98,0,4.56,0,405.27,0.25,4.95,0.27,410.74,1260.98,17360.6,-16.1299999999999,14.0199999999968
Apr 2098,14.79,0.59,84.9,32.72,49.93,5.79,0.26,0.03,0.64,0,8.17,0,13.56,0.46,10.64,10.99,35.64,1258.34,17383.65,-2.6400000000001,23.0500000000029
May 2098,23.49,0.94,35.39,14.17,33.64,15.08,0.26,0.03,1.01,0,3.41,0,21.54,0.19,20.52,16.64,58.89,1292.07,17381.25,33.73,-2.40000000000146
Jun 2098,64.24,2.58,31.36,21.51,49.14,39.91,0.26,0.03,2.76,0,3.02,0,58.9,0.17,29.39,18.99,107.45,1290.33,17368.8,-1.7400000000000102,-12.4500000000007
Jul 2098,304.31,12.21,27.8,33.77,54.56,51.14,0.26,0.03,13.07,0,2.68,0,279.04,0.15,32.47,19.08,330.74,1270.4,17355.37,-19.9299999999998,-13.4300000000003
Aug 2098,1838.29,73.73,30.87,76.6,28.72,3.86,0.26,0.03,78.93,0,2.97,0,1685.63,0.17,8.08,15.09,1708.97,1241.56,17351.81,-28.8400000000001,-3.55999999999767
Sep 2098,797.8,32.0,27.48,39.61,25.4,8.33,0.26,0.03,34.26,0,2.65,0,731.55,0.15,13.99,12.25,757.94,1258.56,17418.41,17.0,66.5999999999985
Oct 2098,271.84,10.9,27.14,14.61,25.06,4.39,0.26,0.03,11.67,0,2.61,0,249.26,0.15,8.78,7.53,265.71,1261.87,17442.83,3.30999999999995,24.4200000000019
Nov 2098,557.9,22.38,29.15,23.01,27.04,1.49,0.26,0.03,23.95,0,2.81,0,511.57,0.16,4.95,0.0,516.68,1273.99,17449.37,12.1200000000001,6.5399999999972405
Dec 2098,96.73,3.88,27.86,25.64,6.22,2.95,0.26,0.03,4.15,0,2.68,0,88.7,0.15,4.95,0.0,93.8,1294.81,17475.91,20.819999999999897,26.540000000000898
Jan 2099,410.41,16.46,27.61,41.06,6.22,6.01,0.26,0.03,17.62,0,2.66,0,376.33,0.15,4.95,0.0,381.43,1293.35,17482.52,-1.46000000000004,6.61000000000058
Feb 2099,268.75,10.78,30.07,60.9,6.22,29.33,0.26,0.03,11.54,0,2.9,0,246.44,0.16,4.95,0.0,251.55,1288.82,17502.58,-4.529999999999969,20.060000000001303
Mar 2099,180.16,7.23,35.09,36.66,6.22,4.13,0.26,0.03,7.74,0,3.38,0,165.2,0.19,4.95,0.0,170.34,1260.98,17516.79,-27.8399999999999,14.209999999999098
Apr 2099,16.14,0.65,73.08,23.68,47.27,4.64,0.26,0.03,0.69,0,7.04,0,14.8,0.39,9.12,8.91,33.22,1258.34,17527.68,-2.6400000000001,10.889999999999402
May 2099,15.19,0.61,33.42,12.89,30.85,13.1,0.26,0.03,0.65,0,3.22,0,13.93,0.18,18.93,15.62,48.65,1292.07,17526.27,33.73,-1.40999999999985
Jun 2099,5.93,0.24,26.14,21.49,51.62,49.38,0.26,0.03,0.25,0,2.52,0,5.44,0.14,30.78,19.82,56.18,1291.11,17514.3,-0.9600000000000359,-11.9700000000012
Jul 2099,373.34,14.97,26.52,35.78,52.56,49.55,0.26,0.03,16.03,0,2.55,0,342.33,0.14,31.34,18.96,392.77,1262.79,17497.03,-28.3199999999999,-17.2700000000004
Aug 2099,524.82,21.05,29.75,36.71,41.21,30.14,0.26,0.03,22.53,0,2.86,0,481.23,0.16,24.87,16.13,522.39,1234.69,17496.43,-28.0999999999999,-0.599999999998545
Sep 2099,92.53,3.71,27.19,17.04,35.3,24.2,0.26,0.03,3.97,0,2.62,0,84.85,0.15,21.51,12.54,119.04,1221.11,17505.48,-13.5800000000002,9.049999999999269
Oct 2099,0.0,0.0,0.0,8.89,17.7,26.6,0.26,0.03,0.0,0,0.0,0,0.0,0.0,11.49,8.9,20.39,1210.92,17499.31,-10.1899999999998,-6.16999999999825
Nov 2099,6.93,0.28,0.0,4.23,6.23,10.18,0.26,0.03,0.3,0,0.0,0,6.35,0.0,4.96,0.0,11.31,1190.75,17490.18,-20.1700000000001,-9.130000000001019
Dec 2099,215.07,8.63,0.0,12.58,6.23,10.18,0.26,0.03,9.23,0,0.0,0,197.21,0.0,4.96,0.0,202.16,1182.07,17490.25,-8.68000000000006,0.069999999999709
