date,Precipitation,Runoff,SW_In,SW_Out,SW_Diversions,SW_Returns,GW_Diversions,GW_Returns,Recharge,GW_In,SW_to_GW,GW_Out,ET_Land_Surface,ET_SW,ET_Human_Use,ET_GW,ET_Total,Cumulative_Storage_Change_Human_Use,Cumulative_Storage_Change_GW,Monthly_Storage_Change_Human_Use,Monthly_Storage_Change_GW
Jan 2016,8.62,0.21,28.09,28.63,0.62,0.65,1.41,0.0,0.1,0,-0.42,0,8.32,0.11,1.3,0.0,9.72,2.7,-749.78,0.0,0.0
Feb 2016,137.36,1.85,71.57,74.2,0.67,0.65,1.41,0.0,1.53,0,-1.07,0,133.98,0.27,1.3,0.0,135.55,2.79,-751.52,0.0899999999999999,-1.7400000000000102
Mar 2016,34.5,0.56,47.73,48.82,0.65,0.65,1.42,0.0,0.38,0,-0.71,0,33.56,0.18,1.32,0.0,35.06,2.92,-752.47,0.13,-0.950000000000045
Apr 2016,112.75,1.62,61.27,63.45,0.79,0.66,1.47,0.03,1.26,0,-0.92,0,109.87,0.23,1.39,0.01,111.49,3.02,-754.21,0.1,-1.7400000000000102
May 2016,33.91,0.63,55.27,53.53,6.03,3.05,6.2,2.71,0.38,0,-0.83,0,32.91,0.21,6.33,0.25,39.71,3.2,-755.31,0.18,-1.09999999999991
Jun 2016,129.1,2.38,39.82,39.07,5.9,2.32,6.24,2.73,1.44,0,-0.6,0,125.29,0.15,6.38,0.31,132.13,3.34,-759.5,0.14,-4.19000000000005
Jul 2016,342.86,4.62,64.93,68.7,3.17,1.59,4.34,1.65,3.82,0,-0.97,0,334.42,0.25,4.38,0.3,339.35,4.05,-762.49,0.71,-2.9900000000000095
Aug 2016,356.45,5.09,76.2,80.77,2.53,1.17,3.56,1.21,3.97,0,-1.14,0,347.4,0.29,3.55,0.25,351.49,3.94,-762.63,-0.11,-0.139999999999986
Sep 2016,327.85,4.56,75.0,79.46,1.95,1.01,2.89,0.83,3.65,0,-1.12,0,319.64,0.29,2.85,0.2,322.97,4.11,-762.4,0.17,0.230000000000018
Oct 2016,32.69,0.55,17.73,18.13,1.33,0.99,2.36,0.53,0.36,0,-0.27,0,31.78,0.07,2.29,0.04,34.18,4.26,-762.12,0.149999999999999,0.27999999999997305
Nov 2016,53.21,0.66,38.73,40.48,0.53,1.17,1.43,0.0,0.59,0,-0.58,0,51.95,0.15,1.31,0.0,53.41,4.15,-763.9,-0.10999999999999902,-1.7799999999999698
Dec 2016,31.89,0.48,46.11,47.67,0.61,1.18,1.43,0.0,0.36,0,-0.69,0,31.06,0.18,1.31,0.0,32.54,3.62,-765.31,-0.53,-1.40999999999997
Jan 2017,120.76,1.62,64.85,67.2,0.65,0.66,1.44,0.0,1.34,0,-0.97,0,117.8,0.25,1.31,0.0,119.36,3.17,-767.07,-0.45,-1.7600000000001002
Feb 2017,53.6,0.76,43.47,44.75,0.62,0.66,1.44,0.0,0.6,0,-0.65,0,52.24,0.17,1.32,0.0,53.72,3.27,-768.13,0.1,-1.0599999999999499
Mar 2017,51.36,0.74,51.25,52.59,0.64,0.66,1.44,0.0,0.57,0,-0.76,0,50.04,0.19,1.33,0.0,51.57,3.36,-769.61,0.0899999999999999,-1.48000000000002
Apr 2017,16.49,0.27,43.35,44.09,0.7,0.69,1.57,0.08,0.18,0,-0.65,0,16.04,0.16,1.48,0.01,17.69,3.44,-771.24,0.0800000000000001,-1.63
May 2017,47.1,0.92,45.91,44.23,5.52,2.41,6.22,2.71,0.52,0,-0.69,0,45.65,0.18,6.34,0.26,52.42,3.46,-773.2,0.02,-1.96000000000004
Jun 2017,139.74,2.12,30.67,30.2,4.71,1.79,6.08,2.63,1.56,0,-0.46,0,136.06,0.12,6.19,0.3,142.68,3.75,-777.14,0.29,-3.93999999999994
Jul 2017,239.72,3.0,38.28,39.47,3.84,1.6,5.32,2.19,2.67,0,-0.57,0,234.06,0.15,5.38,0.3,239.89,3.94,-779.81,0.19,-2.66999999999996
Aug 2017,290.46,4.22,69.14,72.57,2.88,1.32,4.14,1.53,3.23,0,-1.04,0,283.01,0.26,4.15,0.25,287.68,3.92,-781.14,-0.02,-1.33000000000004
Sep 2017,17.27,1.02,5.81,4.08,4.66,1.83,6.27,2.73,0.19,0,-0.1,0,16.05,0.03,6.36,0.22,22.66,3.94,-781.81,0.02,-0.669999999999959
Oct 2017,332.29,4.44,73.07,78.15,0.84,0.67,1.45,0.0,3.7,0,-1.09,0,324.15,0.28,1.34,0.02,325.79,3.94,-785.47,0.0,-3.66000000000008
Nov 2017,40.36,0.71,32.69,34.22,0.75,1.2,1.45,0.0,0.45,0,-0.49,0,39.2,0.12,1.33,0.0,40.66,4.23,-784.33,0.29,1.13999999999999
Dec 2017,99.08,1.35,48.82,51.25,0.65,1.19,1.46,0.0,1.1,0,-0.73,0,96.63,0.19,1.33,0.0,98.15,3.9,-785.83,-0.33000000000000107,-1.5
Jan 2018,252.33,3.28,101.79,106.19,0.69,0.67,1.46,0.0,2.81,0,-1.52,0,246.24,0.39,1.34,0.0,247.96,3.48,-786.9,-0.42,-1.0699999999999399
Feb 2018,157.59,2.14,91.87,94.97,0.73,0.67,1.46,0.0,1.75,0,-1.37,0,153.7,0.35,1.34,0.0,155.39,3.62,-787.07,0.14,-0.170000000000073
Mar 2018,292.11,3.65,112.65,117.66,0.57,0.67,1.46,0.0,3.25,0,-1.68,0,285.21,0.43,1.35,0.0,286.99,3.79,-788.14,0.17,-1.0699999999999399
Apr 2018,199.55,2.62,97.08,100.77,0.69,0.67,1.47,0.0,2.22,0,-1.45,0,194.71,0.37,1.37,0.0,196.45,3.8,-788.03,0.00999999999999979,0.110000000000014
May 2018,376.34,5.18,223.31,229.64,2.39,1.05,3.04,0.9,4.19,0,-3.33,0,366.97,0.85,3.03,0.25,371.1,3.91,-788.71,0.11,-0.6800000000000639
Jun 2018,143.56,2.7,159.04,160.29,5.27,2.05,6.11,2.63,1.6,0,-2.38,0,139.26,0.61,6.24,0.31,146.41,4.36,-790.26,0.45,-1.5499999999999499
Jul 2018,229.51,4.22,99.53,101.97,4.57,1.66,5.55,2.31,2.56,0,-1.5,0,222.73,0.38,5.64,0.31,229.07,4.83,-794.83,0.47,-4.57000000000005
Aug 2018,343.46,4.9,130.2,135.15,2.63,1.23,3.78,1.31,3.82,0,-1.95,0,334.73,0.5,3.79,0.25,339.27,5.33,-797.33,0.5,-2.5
Sep 2018,96.71,1.53,43.97,44.5,3.96,2.47,5.47,2.26,1.08,0,-0.66,0,94.1,0.17,5.54,0.22,100.03,5.41,-798.17,0.0800000000000001,-0.8399999999999179
Oct 2018,103.19,1.47,37.25,38.73,1.37,0.97,2.43,0.54,1.15,0,-0.56,0,100.57,0.14,2.36,0.06,103.13,4.56,-801.18,-0.8500000000000011,-3.0099999999999905
Nov 2018,192.04,2.52,89.26,93.31,0.67,1.21,1.48,0.0,2.14,0,-1.33,0,187.38,0.34,1.36,0.0,189.07,4.49,-802.53,-0.0699999999999994,-1.35000000000002
Dec 2018,12.42,0.22,31.2,32.37,0.61,1.22,1.48,0.0,0.14,0,-0.47,0,12.06,0.12,1.36,0.0,13.53,4.07,-803.2,-0.42,-0.670000000000073
Jan 2019,170.19,2.22,92.01,95.27,0.66,0.68,1.48,0.0,1.89,0,-1.37,0,166.07,0.35,1.36,0.0,167.78,3.59,-805.0,-0.48,-1.7999999999999499
Feb 2019,52.03,0.78,48.54,49.86,0.68,0.68,1.48,0.0,0.58,0,-0.72,0,50.68,0.18,1.37,0.0,52.23,3.69,-805.96,0.1,-0.9600000000000359
Mar 2019,168.04,2.1,95.17,98.44,0.57,0.68,1.49,0.0,1.87,0,-1.42,0,164.07,0.36,1.38,0.0,165.81,3.8,-807.58,0.11,-1.62
Apr 2019,56.89,0.77,93.74,95.6,0.65,0.69,1.53,0.02,0.63,0,-1.4,0,55.48,0.36,1.43,0.0,57.27,3.79,-808.61,-0.00999999999999979,-1.0299999999999698
May 2019,154.78,2.95,354.31,358.44,4.2,1.43,4.57,1.75,1.72,0,-5.29,0,150.1,1.35,4.61,0.22,156.28,3.82,-810.88,0.0299999999999998,-2.26999999999998
Jun 2019,155.54,2.69,381.91,386.13,4.89,2.18,5.95,2.52,1.73,0,-5.7,0,151.12,1.45,6.07,0.3,158.94,4.8,-817.49,0.98,-6.610000000000009
Jul 2019,345.36,5.57,185.48,190.68,3.83,1.4,4.43,1.66,3.85,0,-2.78,0,335.95,0.71,4.47,0.3,341.44,4.87,-825.19,0.0700000000000003,-7.70000000000005
Aug 2019,242.53,4.79,137.62,141.71,3.72,1.47,4.73,1.83,2.7,0,-2.08,0,235.04,0.53,4.78,0.26,240.61,5.6,-827.19,0.73,-2.0
Sep 2019,90.55,1.77,81.09,81.85,3.99,2.06,5.5,2.27,1.01,0,-1.22,0,87.77,0.31,5.58,0.21,93.88,5.96,-829.71,0.36,-2.51999999999998
Oct 2019,103.5,1.47,81.2,83.29,1.1,0.82,2.05,0.32,1.15,0,-1.21,0,100.89,0.31,1.97,0.04,103.2,5.53,-833.37,-0.43,-3.6599999999999704
Nov 2019,146.52,2.12,92.43,95.96,0.85,1.23,1.5,0.0,1.63,0,-1.38,0,142.78,0.35,1.38,0.0,144.51,5.58,-835.21,0.0499999999999998,-1.84000000000003
Dec 2019,141.67,1.97,94.68,98.18,0.66,1.12,1.51,0.0,1.58,0,-1.41,0,138.12,0.36,1.38,0.0,139.86,5.32,-836.46,-0.26,-1.25
Jan 2020,194.0,2.6,121.39,125.28,0.76,0.69,1.51,0.0,2.16,0,-1.81,0,189.23,0.46,1.38,0.0,191.08,4.97,-837.79,-0.35000000000000103,-1.32999999999993
Feb 2020,154.68,2.14,93.25,96.34,0.78,0.69,1.51,0.0,1.72,0,-1.39,0,150.83,0.35,1.39,0.0,152.57,5.16,-838.95,0.19,-1.16000000000008
Mar 2020,38.15,0.82,105.0,106.77,0.9,0.69,1.51,0.0,0.42,0,-1.57,0,36.91,0.4,1.4,0.0,38.71,5.36,-840.12,0.2,-1.16999999999996
Apr 2020,116.98,1.98,223.19,227.45,0.89,0.69,1.51,0.0,1.3,0,-3.33,0,113.69,0.85,1.42,0.0,115.96,5.67,-842.77,0.31,-2.64999999999998
May 2020,121.46,2.21,617.73,625.12,3.1,1.41,4.46,1.67,1.35,0,-9.21,0,117.9,2.34,4.51,0.2,124.94,5.96,-846.31,0.29,-3.53999999999996
Jun 2020,75.82,1.43,364.01,367.38,5.13,3.02,6.84,3.01,0.84,0,-5.43,0,73.55,1.38,7.0,0.31,82.24,5.93,-857.15,-0.0300000000000002,-10.84
Jul 2020,319.71,4.23,225.25,230.83,3.3,2.15,4.7,1.8,3.56,0,-3.36,0,311.93,0.85,4.75,0.3,317.83,4.86,-865.87,-1.07,-8.720000000000029
Aug 2020,328.95,4.32,169.08,174.09,2.69,1.5,3.98,1.4,3.66,0,-2.52,0,320.97,0.64,3.99,0.26,325.85,4.15,-868.86,-0.71,-2.9900000000000095
Sep 2020,199.91,2.69,114.6,117.09,2.81,1.33,4.13,1.48,2.23,0,-1.71,0,194.99,0.43,4.13,0.2,199.75,3.94,-870.56,-0.21,-1.69999999999993
Oct 2020,151.8,2.08,115.65,118.84,0.92,0.75,1.72,0.12,1.69,0,-1.72,0,148.03,0.44,1.61,0.02,150.1,3.94,-872.9,0.0,-2.3400000000000296
Nov 2020,198.86,2.61,127.51,132.09,0.69,1.25,1.53,0.0,2.21,0,-1.9,0,194.04,0.48,1.4,0.0,195.92,4.11,-874.56,0.17,-1.65999999999997
Dec 2020,130.5,1.71,113.69,117.27,0.65,1.26,1.53,0.0,1.45,0,-1.69,0,127.34,0.43,1.4,0.0,129.17,3.68,-875.77,-0.43,-1.2100000000000402
Jan 2021,121.96,1.59,90.1,92.75,0.64,0.7,1.53,0.0,1.36,0,-1.34,0,119.01,0.34,1.4,0.0,120.76,3.2,-877.53,-0.48,-1.7599999999999898
Feb 2021,65.37,0.84,71.58,73.32,0.6,0.7,1.53,0.0,0.73,0,-1.07,0,63.8,0.27,1.41,0.0,65.48,3.27,-879.05,0.0699999999999998,-1.51999999999998
Mar 2021,55.93,0.81,91.66,93.51,0.68,0.7,1.53,0.0,0.62,0,-1.37,0,54.5,0.35,1.42,0.0,56.27,3.29,-880.91,0.02,-1.86000000000001
Apr 2021,61.43,1.23,188.63,191.61,1.07,0.72,1.58,0.03,0.68,0,-2.82,0,59.51,0.72,1.47,0.0,61.7,3.37,-883.19,0.0800000000000001,-2.2800000000000895
May 2021,52.6,1.82,650.95,656.28,5.51,1.78,5.97,2.51,0.59,0,-9.71,0,50.19,2.47,6.07,0.24,58.97,3.81,-886.87,0.44,-3.67999999999995
Jun 2021,189.15,3.93,404.61,409.72,4.98,1.66,5.47,2.22,2.11,0,-6.05,0,183.11,1.54,5.56,0.29,190.5,4.92,-899.7,1.11,-12.83
Jul 2021,202.4,3.51,285.96,290.18,4.27,1.8,5.85,2.44,2.25,0,-4.27,0,196.64,1.09,5.96,0.31,204.0,5.93,-907.17,1.01,-7.469999999999911
Aug 2021,200.33,3.16,178.37,181.63,3.83,1.93,5.33,2.14,2.23,0,-2.67,0,194.94,0.68,5.41,0.27,201.29,5.85,-912.91,-0.0800000000000001,-5.740000000000009
Sep 2021,19.55,0.98,62.76,62.16,4.71,2.43,6.38,2.74,0.22,0,-0.95,0,18.36,0.24,6.49,0.22,25.3,5.51,-916.8,-0.34,-3.8899999999999904
Oct 2021,73.54,1.17,63.06,64.88,1.35,1.3,2.36,0.46,0.82,0,-0.94,0,71.55,0.24,2.28,0.04,74.11,4.94,-921.38,-0.5699999999999991,-4.58000000000004
Nov 2021,108.52,1.45,92.07,95.15,0.67,1.28,1.55,0.0,1.21,0,-1.37,0,105.86,0.35,1.43,0.0,107.64,4.61,-923.45,-0.33,-2.07000000000005
Dec 2021,96.67,1.29,79.56,82.36,0.66,1.28,1.55,0.0,1.08,0,-1.19,0,94.31,0.3,1.42,0.0,96.03,4.13,-925.16,-0.48,-1.7099999999999198
Jan 2022,181.27,2.4,107.45,111.02,0.73,0.71,1.55,0.0,2.02,0,-1.6,0,176.86,0.41,1.42,0.0,178.69,3.63,-926.82,-0.5,-1.66000000000008
Feb 2022,128.76,1.89,75.74,78.32,0.88,0.72,1.56,0.0,1.43,0,-1.13,0,125.43,0.29,1.43,0.0,127.15,3.77,-927.95,0.14,-1.13
Mar 2022,34.22,0.67,76.33,77.74,0.83,0.72,1.56,0.0,0.38,0,-1.14,0,33.16,0.29,1.44,0.0,34.9,4.05,-929.2,0.28,-1.25
Apr 2022,58.88,1.74,168.14,170.88,1.59,0.72,1.56,0.0,0.66,0,-2.52,0,56.49,0.64,1.46,0.0,58.59,4.27,-931.51,0.22,-2.3099999999999503
May 2022,256.36,5.08,363.15,370.42,3.06,1.2,3.55,1.13,2.85,0,-5.44,0,248.43,1.38,3.56,0.21,253.58,5.23,-934.93,0.9600000000000011,-3.41999999999996
Jun 2022,40.07,2.01,270.82,272.4,5.58,2.12,7.34,3.27,0.45,0,-4.05,0,37.61,1.03,7.53,0.31,46.48,5.96,-940.15,0.73,-5.220000000000031
Jul 2022,225.6,5.09,150.73,155.05,4.21,1.73,5.75,2.37,2.51,0,-2.28,0,217.99,0.58,5.86,0.31,224.74,5.96,-948.14,0.0,-7.990000000000009
Aug 2022,215.99,3.54,97.07,99.6,3.73,1.64,5.23,2.07,2.4,0,-1.46,0,210.05,0.37,5.3,0.27,215.99,5.96,-951.6,0.0,-3.46000000000004
Sep 2022,165.63,3.12,92.77,95.08,3.32,1.47,4.67,1.75,1.84,0,-1.4,0,160.67,0.36,4.7,0.21,165.93,5.91,-954.08,-0.0499999999999998,-2.48000000000002
Oct 2022,243.21,3.93,102.91,108.07,0.65,0.73,1.61,0.03,2.71,0,-1.55,0,236.58,0.39,1.5,0.03,238.5,5.96,-956.74,0.0499999999999998,-2.6599999999999704
Nov 2022,26.46,0.81,62.46,64.2,0.59,0.83,1.57,0.0,0.29,0,-0.94,0,25.36,0.24,1.45,0.0,27.04,5.96,-957.2,0.0,-0.460000000000036
Dec 2022,91.94,1.4,93.97,96.88,0.59,1.04,1.58,0.0,1.02,0,-1.4,0,89.51,0.36,1.44,0.0,91.31,5.84,-959.41,-0.12,-2.20999999999992
Jan 2023,96.75,1.39,85.78,88.07,0.78,0.73,1.58,0.0,1.08,0,-1.28,0,94.28,0.33,1.45,0.0,96.06,5.52,-961.36,-0.32,-1.9500000000000501
Feb 2023,64.6,0.95,69.64,71.36,0.74,0.73,1.58,0.0,0.72,0,-1.04,0,62.93,0.26,1.46,0.0,64.66,5.7,-963.14,0.180000000000001,-1.7799999999999698
Mar 2023,55.01,1.28,81.11,83.27,0.76,0.73,1.58,0.0,0.61,0,-1.22,0,53.11,0.31,1.47,0.0,54.89,5.83,-965.04,0.13,-1.89999999999998
Apr 2023,3.45,1.58,278.61,282.44,1.96,1.1,3.13,0.88,0.04,0,-4.17,0,1.84,1.06,3.11,0.08,6.09,5.96,-967.22,0.13,-2.18000000000006
May 2023,184.7,4.04,309.68,315.28,3.41,1.51,4.82,1.83,2.06,0,-4.64,0,178.61,1.18,4.88,0.25,184.92,5.96,-973.68,0.0,-6.45999999999992
Jun 2023,96.57,2.12,174.81,176.25,5.03,2.4,6.76,2.93,1.08,0,-2.62,0,93.38,0.67,6.92,0.31,101.28,5.96,-979.5,0.0,-5.82000000000005
Jul 2023,281.61,3.72,107.18,110.83,3.8,2.54,5.32,2.11,3.14,0,-1.6,0,274.76,0.41,5.4,0.32,280.89,5.51,-985.19,-0.45,-5.69000000000005
Aug 2023,111.8,1.94,76.19,76.84,4.65,2.5,6.32,2.68,1.24,0,-1.14,0,108.61,0.29,6.42,0.27,115.59,4.57,-987.18,-0.94,-1.9899999999998998
Sep 2023,12.23,0.65,35.47,33.63,4.84,1.94,6.55,2.81,0.14,0,-0.54,0,11.45,0.14,6.64,0.22,18.45,3.94,-990.99,-0.63,-3.81000000000006
Oct 2023,158.11,2.14,68.01,71.44,0.79,1.32,1.63,0.03,1.76,0,-1.02,0,154.21,0.26,1.51,0.01,155.98,3.94,-995.35,0.0,-4.360000000000009
Nov 2023,141.18,1.76,73.98,77.29,0.6,1.32,1.6,0.0,1.57,0,-1.1,0,137.84,0.28,1.47,0.0,139.59,3.51,-996.22,-0.43,-0.8700000000000051
Dec 2023,115.46,1.51,66.11,69.02,0.67,1.32,1.6,0.0,1.29,0,-0.99,0,112.66,0.25,1.46,0.0,114.38,2.91,-997.35,-0.6,-1.13
Jan 2024,105.93,1.41,64.04,66.21,0.69,0.74,1.6,0.0,1.18,0,-0.95,0,103.34,0.24,1.47,0.0,105.05,2.39,-998.65,-0.52,-1.2999999999999499
Feb 2024,86.43,1.23,51.26,53.05,0.76,0.74,1.6,0.0,0.96,0,-0.77,0,84.23,0.19,1.47,0.0,85.9,2.48,-1000.02,0.0899999999999999,-1.37
Mar 2024,41.94,0.9,53.66,54.93,0.98,0.74,1.61,0.0,0.47,0,-0.8,0,40.57,0.2,1.48,0.0,42.26,2.63,-1001.42,0.15,-1.39999999999998
Apr 2024,38.2,2.17,102.59,104.34,2.33,0.75,1.65,0.02,0.43,0,-1.55,0,35.6,0.4,1.54,0.0,37.54,2.99,-1003.36,0.36,-1.9400000000000501
May 2024,42.14,3.73,169.15,170.55,6.18,1.94,6.55,2.8,0.47,0,-2.57,0,37.93,0.65,6.68,0.27,45.54,4.65,-1006.12,1.66,-2.7599999999999905
Jun 2024,57.78,4.17,77.84,79.59,5.42,2.1,7.19,3.16,0.64,0,-1.21,0,52.97,0.31,7.36,0.31,60.94,5.96,-1012.23,1.31,-6.110000000000009
Jul 2024,168.41,3.86,76.08,77.96,4.75,1.91,6.41,2.72,1.88,0,-1.16,0,162.67,0.29,6.54,0.32,169.82,5.96,-1017.14,0.0,-4.90999999999997
Aug 2024,233.22,3.96,66.36,69.08,3.55,1.57,5.01,1.92,2.6,0,-1.0,0,226.67,0.26,5.06,0.26,232.25,5.96,-1020.44,0.0,-3.3000000000000695
Sep 2024,105.94,1.69,39.53,40.18,3.83,2.36,5.39,2.14,1.18,0,-0.59,0,103.07,0.15,5.45,0.21,108.88,5.96,-1022.19,0.0,-1.75
Oct 2024,63.71,1.04,35.66,37.18,1.29,1.37,2.3,0.39,0.71,0,-0.53,0,61.96,0.14,2.21,0.04,64.34,5.25,-1025.07,-0.71,-2.8799999999998795
Nov 2024,35.14,0.54,46.67,48.37,0.71,1.35,1.62,0.0,0.39,0,-0.7,0,34.21,0.18,1.49,0.0,35.88,4.87,-1026.84,-0.38,-1.76999999999998
Dec 2024,152.22,2.23,65.05,68.41,0.94,1.34,1.63,0.0,1.69,0,-0.97,0,148.29,0.25,1.49,0.0,150.03,4.36,-1028.77,-0.51,-1.9300000000000601
Jan 2025,39.45,0.71,36.89,37.93,0.83,0.75,1.63,0.0,0.44,0,-0.55,0,38.3,0.14,1.5,0.0,39.94,4.09,-1029.67,-0.27,-0.900000000000091
Feb 2025,22.83,0.56,35.92,36.75,0.88,0.75,1.63,0.0,0.25,0,-0.54,0,22.02,0.14,1.51,0.0,23.66,4.29,-1031.4,0.2,-1.73000000000002
Mar 2025,79.82,1.75,105.63,107.95,1.37,0.75,1.63,0.0,0.89,0,-1.58,0,77.17,0.4,1.52,0.0,79.09,4.54,-1033.32,0.25,-1.91999999999985
Apr 2025,60.53,1.54,139.92,142.32,1.49,0.79,1.8,0.1,0.67,0,-2.1,0,58.32,0.53,1.71,0.01,60.57,5.27,-1035.64,0.73,-2.32000000000016
May 2025,74.48,1.85,128.7,129.48,4.69,2.18,6.38,2.69,0.83,0,-1.93,0,71.8,0.49,6.51,0.28,79.08,5.96,-1038.77,0.69,-3.1299999999998795
Jun 2025,134.27,2.75,89.97,91.0,4.73,2.0,6.43,2.72,1.49,0,-1.36,0,130.03,0.34,6.57,0.31,137.25,5.66,-1043.85,-0.3,-5.07999999999993
Jul 2025,230.44,4.03,58.29,60.33,4.41,1.76,5.78,2.34,2.57,0,-0.89,0,223.84,0.23,5.87,0.31,230.25,5.54,-1047.74,-0.12,-3.8900000000001
Aug 2025,519.73,7.93,143.06,151.72,1.93,1.06,2.88,0.7,5.79,0,-2.15,0,506.01,0.55,2.84,0.25,509.65,5.75,-1049.8,0.21,-2.05999999999995
Sep 2025,79.28,1.51,37.83,37.95,4.24,2.43,5.87,2.4,0.88,0,-0.57,0,76.89,0.15,5.95,0.22,83.21,5.96,-1048.59,0.21,1.2100000000000402
Oct 2025,281.89,4.85,113.34,118.91,1.31,0.76,1.64,0.0,3.14,0,-1.71,0,273.91,0.43,1.52,0.01,275.87,5.3,-1051.98,-0.66,-3.3900000000001
Nov 2025,29.64,0.55,48.98,50.65,0.62,1.2,1.65,0.0,0.33,0,-0.73,0,28.76,0.19,1.52,0.0,30.46,5.96,-1052.2,0.66,-0.22000000000002698
Dec 2025,16.15,0.52,41.94,43.36,0.62,1.05,1.65,0.0,0.18,0,-0.63,0,15.45,0.16,1.51,0.0,17.12,5.52,-1054.24,-0.44,-2.03999999999996
Jan 2026,95.6,1.47,48.74,50.62,0.91,0.76,1.65,0.0,1.06,0,-0.73,0,93.06,0.19,1.51,0.0,94.76,5.22,-1056.34,-0.3,-2.09999999999991
Feb 2026,75.81,1.41,54.64,56.34,1.08,0.76,1.65,0.0,0.84,0,-0.82,0,73.56,0.21,1.52,0.0,75.29,5.5,-1057.65,0.28,-1.31000000000017
Mar 2026,136.63,2.5,104.97,108.74,0.67,0.76,1.65,0.0,1.52,0,-1.57,0,132.61,0.4,1.54,0.0,134.55,5.95,-1059.27,0.45,-1.61999999999989
Apr 2026,79.7,2.52,108.2,112.03,0.68,0.77,1.67,0.01,0.89,0,-1.63,0,76.3,0.42,1.57,0.0,78.28,5.96,-1060.98,0.00999999999999979,-1.71000000000004
May 2026,40.71,5.24,146.72,150.76,4.83,1.95,6.52,2.76,0.45,0,-2.26,0,35.02,0.57,6.65,0.26,42.51,5.96,-1063.38,0.0,-2.4000000000000896
Jun 2026,67.03,3.59,120.72,122.27,5.55,2.15,7.35,3.22,0.75,0,-1.84,0,62.7,0.47,7.53,0.33,71.02,5.96,-1069.22,0.0,-5.83999999999992
Jul 2026,244.54,4.24,137.87,141.29,4.1,1.74,5.67,2.27,2.72,0,-2.07,0,237.57,0.53,5.76,0.31,244.18,5.96,-1074.76,0.0,-5.539999999999959
Aug 2026,268.03,4.07,101.7,105.13,3.31,1.54,4.79,1.77,2.98,0,-1.52,0,260.98,0.39,4.83,0.27,266.46,5.96,-1077.82,0.0,-3.05999999999995
Sep 2026,72.34,1.34,40.0,40.06,4.32,2.59,5.98,2.44,0.81,0,-0.6,0,70.19,0.15,6.06,0.22,76.62,5.92,-1079.65,-0.04,-1.83000000000015
Oct 2026,24.45,0.63,38.42,39.07,1.8,1.4,3.05,0.79,0.27,0,-0.58,0,23.55,0.15,2.99,0.06,26.75,5.12,-1083.2,-0.8,-3.54999999999995
Nov 2026,61.36,0.95,53.86,55.99,0.81,1.39,1.67,0.0,0.68,0,-0.8,0,59.72,0.2,1.54,0.0,61.46,4.8,-1085.83,-0.32,-2.62999999999988
Dec 2026,61.0,0.96,61.19,63.4,0.83,1.39,1.67,0.0,0.68,0,-0.91,0,59.36,0.23,1.53,0.0,61.12,4.35,-1087.62,-0.45,-1.78999999999996
Jan 2027,183.01,2.54,93.27,96.73,0.9,0.77,1.67,0.0,2.04,0,-1.39,0,178.43,0.35,1.54,0.0,180.33,3.93,-1089.52,-0.41999999999999893,-1.90000000000009
Feb 2027,120.26,1.79,66.74,69.12,0.93,0.77,1.68,0.0,1.34,0,-1.0,0,117.13,0.25,1.54,0.0,118.92,4.19,-1090.55,0.26,-1.0299999999999698
Mar 2027,58.27,1.27,69.36,71.01,1.18,0.77,1.68,0.0,0.65,0,-1.04,0,56.35,0.26,1.56,0.0,58.18,4.47,-1091.88,0.27999999999999897,-1.33000000000015
Apr 2027,56.92,2.03,101.11,103.4,1.65,0.78,1.68,0.0,0.63,0,-1.53,0,54.26,0.39,1.57,0.0,56.22,4.99,-1093.95,0.52,-2.06999999999994
May 2027,197.15,6.68,206.63,213.85,3.32,1.53,4.77,1.75,2.2,0,-3.14,0,188.27,0.8,4.81,0.25,194.14,5.96,-1096.51,0.97,-2.5599999999999503
Jun 2027,32.01,5.62,133.84,137.49,5.72,2.2,7.57,3.33,0.36,0,-2.07,0,26.03,0.53,7.75,0.31,34.62,5.96,-1100.73,0.0,-4.22000000000003
Jul 2027,213.43,5.24,120.49,124.53,4.41,1.83,6.04,2.47,2.38,0,-1.83,0,205.81,0.47,6.15,0.32,212.74,5.96,-1106.99,0.0,-6.259999999999991
Aug 2027,87.52,1.83,57.4,57.54,4.96,2.61,6.74,2.86,0.97,0,-0.87,0,84.72,0.22,6.86,0.28,92.08,5.96,-1110.34,0.0,-3.34999999999991
Sep 2027,348.7,5.1,103.42,108.77,2.43,1.52,3.18,0.84,3.88,0,-1.55,0,339.71,0.39,3.13,0.21,343.45,5.32,-1114.38,-0.64,-4.04000000000019
Oct 2027,352.9,4.78,115.46,121.89,0.77,1.13,1.69,0.0,3.93,0,-1.72,0,344.19,0.44,1.57,0.0,346.2,5.43,-1114.59,0.10999999999999902,-0.209999999999809
Nov 2027,161.89,3.99,110.96,115.56,1.43,0.78,1.69,0.0,1.8,0,-1.68,0,156.1,0.43,1.56,0.0,158.09,5.19,-1114.08,-0.239999999999999,0.509999999999991
Dec 2027,145.62,2.68,102.85,106.82,0.65,0.78,1.7,0.0,1.62,0,-1.54,0,141.32,0.39,1.55,0.0,143.27,5.96,-1115.65,0.77,-1.57000000000016
Jan 2028,91.96,2.08,100.53,103.87,0.65,0.78,1.7,0.0,1.02,0,-1.51,0,88.86,0.38,1.56,0.0,90.81,5.96,-1117.26,0.0,-1.6099999999999
Feb 2028,74.08,1.53,69.8,72.25,0.65,0.79,1.7,0.0,0.82,0,-1.05,0,71.72,0.27,1.56,0.0,73.55,5.96,-1119.44,0.0,-2.18000000000006
Mar 2028,24.24,1.09,87.7,89.9,0.66,0.79,1.7,0.0,0.27,0,-1.32,0,22.88,0.34,1.58,0.0,24.79,5.96,-1121.36,0.0,-1.91999999999985
Apr 2028,24.72,1.76,173.03,176.83,0.68,0.79,1.7,0.0,0.28,0,-2.6,0,22.69,0.66,1.59,0.0,24.94,5.96,-1124.11,0.0,-2.75
May 2028,88.04,5.31,303.45,310.27,3.47,1.58,4.96,1.85,0.98,0,-4.58,0,81.76,1.17,5.01,0.2,88.13,5.96,-1128.13,0.0,-4.02000000000021
Jun 2028,98.84,8.8,341.05,350.75,4.98,2.0,6.72,2.84,1.1,0,-5.19,0,88.93,1.32,6.86,0.3,97.41,5.96,-1135.05,0.0,-6.91999999999985
Jul 2028,364.81,5.64,297.25,304.54,3.14,1.48,4.57,1.62,4.06,0,-4.44,0,355.11,1.13,4.61,0.3,361.15,5.96,-1143.32,0.0,-8.269999999999982
Aug 2028,362.25,5.21,256.94,263.75,2.58,1.33,3.92,1.26,4.03,0,-3.84,0,353.02,0.98,3.92,0.26,358.17,5.96,-1146.95,0.0,-3.6300000000001096
Sep 2028,104.92,1.96,170.79,172.78,3.96,2.09,5.59,2.2,1.17,0,-2.55,0,101.79,0.65,5.65,0.22,108.3,5.96,-1149.68,0.0,-2.7300000000000204
Oct 2028,147.92,2.44,125.89,129.76,1.25,1.28,1.97,0.15,1.65,0,-1.88,0,143.83,0.48,1.86,0.03,146.2,5.58,-1154.67,-0.38,-4.990000000000009
Nov 2028,97.43,2.23,136.17,139.69,1.03,0.79,1.72,0.0,1.08,0,-2.04,0,94.11,0.52,1.58,0.0,96.21,5.52,-1156.76,-0.0600000000000005,-2.08999999999992
Dec 2028,23.34,1.03,84.16,86.2,0.73,0.8,1.72,0.0,0.26,0,-1.26,0,22.05,0.32,1.58,0.0,23.95,5.89,-1159.43,0.37,-2.6700000000000697
Jan 2029,27.56,1.0,63.3,65.14,0.66,0.8,1.72,0.0,0.31,0,-0.95,0,26.25,0.24,1.58,0.0,28.08,5.96,-1162.15,0.0700000000000003,-2.72000000000003
Feb 2029,58.78,1.24,84.47,86.79,0.67,0.8,1.72,0.0,0.65,0,-1.27,0,56.89,0.32,1.59,0.0,58.8,5.96,-1164.51,0.0,-2.3599999999999
Mar 2029,156.83,2.67,159.89,164.46,0.68,0.8,1.73,0.0,1.75,0,-2.39,0,152.41,0.61,1.6,0.0,154.63,5.96,-1166.85,0.0,-2.33999999999992
Apr 2029,101.62,4.35,311.91,319.8,0.78,0.82,1.83,0.06,1.13,0,-4.69,0,96.13,1.19,1.73,0.01,99.06,5.96,-1169.21,0.0,-2.36000000000013
May 2029,42.68,4.79,598.33,607.07,4.67,1.93,6.39,2.64,0.48,0,-8.97,0,37.41,2.28,6.49,0.25,46.43,5.96,-1174.55,0.0,-5.33999999999992
Jun 2029,150.79,5.73,380.78,388.18,4.47,1.87,6.13,2.49,1.68,0,-5.73,0,143.38,1.46,6.24,0.3,151.37,5.96,-1187.04,0.0,-12.49
Jul 2029,369.56,4.9,268.95,275.73,3.08,1.97,4.54,1.59,4.11,0,-4.01,0,360.54,1.02,4.58,0.3,366.44,5.96,-1195.03,0.0,-7.990000000000009
Aug 2029,294.1,4.03,231.07,236.5,3.03,1.86,4.49,1.56,3.27,0,-3.45,0,286.8,0.88,4.51,0.26,292.44,5.44,-1198.17,-0.52,-3.1400000000001
Sep 2029,90.96,1.45,134.45,135.87,4.26,2.74,5.95,2.39,1.01,0,-2.01,0,88.5,0.51,6.01,0.23,95.25,5.03,-1201.53,-0.41,-3.3599999999999
Oct 2029,66.99,1.0,63.51,65.62,1.08,1.48,2.13,0.22,0.75,0,-0.95,0,65.24,0.24,2.01,0.02,67.51,4.1,-1206.32,-0.930000000000001,-4.78999999999996
Nov 2029,24.95,0.67,44.88,46.49,1.01,1.45,1.74,0.0,0.28,0,-0.67,0,24.0,0.17,1.6,0.0,25.77,3.6,-1208.45,-0.5,-2.13000000000011
Dec 2029,6.76,0.47,38.96,40.28,1.04,1.46,1.74,0.0,0.08,0,-0.59,0,6.22,0.15,1.6,0.0,7.97,3.3,-1210.58,-0.3,-2.12999999999988
Jan 2030,101.11,1.78,59.79,61.86,1.18,0.81,1.75,0.0,1.13,0,-0.9,0,98.2,0.23,1.6,0.0,100.03,3.02,-1212.83,-0.28,-2.25
Feb 2030,21.13,0.86,47.21,48.15,1.26,0.81,1.75,0.0,0.24,0,-0.71,0,20.03,0.18,1.61,0.0,21.83,3.54,-1214.35,0.52,-1.51999999999998
Mar 2030,17.83,1.11,74.89,76.11,1.55,0.81,1.75,0.0,0.2,0,-1.13,0,16.53,0.29,1.63,0.0,18.44,4.12,-1216.57,0.58,-2.22000000000003
Apr 2030,14.1,4.6,134.85,139.65,2.34,0.99,2.5,0.43,0.16,0,-2.07,0,9.34,0.53,2.43,0.04,12.34,4.97,-1219.24,0.85,-2.6700000000000697
May 2030,148.64,8.35,166.62,174.91,3.63,1.64,5.17,1.94,1.65,0,-2.58,0,138.63,0.66,5.22,0.24,144.74,5.96,-1223.27,0.99,-4.02999999999997
Jun 2030,12.61,9.89,108.16,115.62,6.07,2.33,8.02,3.55,0.14,0,-1.76,0,2.59,0.45,8.21,0.33,11.57,5.96,-1227.67,0.0,-4.40000000000009
Jul 2030,218.94,5.61,130.44,134.98,4.41,1.86,6.08,2.45,2.44,0,-1.98,0,210.89,0.51,6.18,0.32,217.9,5.96,-1234.08,0.0,-6.40999999999985
Aug 2030,451.5,6.87,181.62,189.61,2.12,1.21,3.41,0.93,5.03,0,-2.72,0,439.59,0.69,3.38,0.26,443.92,5.96,-1237.59,0.0,-3.5099999999999905
Sep 2030,30.86,0.8,97.46,97.5,4.85,3.0,6.65,2.77,0.34,0,-1.46,0,29.72,0.37,6.75,0.23,37.07,5.96,-1238.01,0.0,-0.42000000000007304
Oct 2030,94.65,1.69,127.16,130.49,1.28,1.5,1.89,0.08,1.05,0,-1.9,0,91.91,0.48,1.76,0.01,94.16,4.94,-1243.23,-1.02,-5.220000000000031
Nov 2030,36.62,0.67,47.24,49.04,0.87,1.48,1.77,0.0,0.41,0,-0.71,0,35.54,0.18,1.63,0.0,37.35,4.77,-1245.91,-0.170000000000001,-2.68000000000006
Dec 2030,31.02,0.5,38.12,39.74,0.78,1.48,1.77,0.0,0.35,0,-0.57,0,30.17,0.14,1.62,0.0,31.94,4.31,-1247.97,-0.46,-2.05999999999995
Jan 2031,179.52,2.37,77.84,81.08,0.81,0.82,1.77,0.0,2.0,0,-1.16,0,175.15,0.3,1.63,0.0,177.07,3.75,-1249.96,-0.56,-1.9900000000000102
Feb 2031,134.83,1.82,66.04,68.6,0.81,0.82,1.77,0.0,1.5,0,-0.99,0,131.52,0.25,1.63,0.0,133.4,3.88,-1250.89,0.13,-0.9300000000000641
Mar 2031,111.99,1.68,80.47,82.91,0.96,0.82,1.78,0.0,1.25,0,-1.2,0,109.07,0.31,1.65,0.0,111.02,4.01,-1252.14,0.13,-1.25
Apr 2031,31.07,1.73,99.64,101.3,2.01,0.82,1.78,0.0,0.35,0,-1.5,0,29.0,0.38,1.67,0.0,31.05,4.27,-1253.87,0.26,-1.72999999999979
May 2031,153.63,3.9,173.37,176.95,3.87,1.61,5.02,1.83,1.71,0,-2.61,0,148.02,0.66,5.05,0.23,153.97,5.57,-1256.8,1.3,-2.93000000000006
Jun 2031,102.81,1.96,57.56,57.96,4.83,2.62,6.62,2.74,1.14,0,-0.87,0,99.7,0.22,6.74,0.29,106.95,5.96,-1261.11,0.39,-4.30999999999995
Jul 2031,181.04,3.26,71.08,72.59,4.59,2.05,6.35,2.59,2.02,0,-1.07,0,175.77,0.27,6.45,0.31,182.8,5.31,-1265.01,-0.65,-3.90000000000009
Aug 2031,242.09,4.3,102.69,105.55,4.27,1.67,5.27,1.98,2.7,0,-1.55,0,235.1,0.39,5.32,0.27,241.08,5.17,-1268.14,-0.14,-3.1300000000001096
Sep 2031,160.16,3.05,54.16,55.76,3.67,1.61,5.0,1.82,1.78,0,-0.82,0,155.32,0.21,5.03,0.21,160.77,5.75,-1270.56,0.58,-2.4199999999998503
Oct 2031,25.02,0.59,28.78,29.66,1.5,1.47,2.74,0.54,0.28,0,-0.43,0,24.15,0.11,2.66,0.04,26.96,5.96,-1272.99,0.21,-2.43000000000006
Nov 2031,102.07,1.95,70.81,73.69,0.69,0.83,1.79,0.0,1.14,0,-1.06,0,98.98,0.27,1.65,0.0,100.89,5.54,-1275.39,-0.42,-2.4000000000000896
Dec 2031,102.65,1.91,63.8,66.61,0.68,0.87,1.79,0.0,1.14,0,-0.96,0,99.6,0.24,1.64,0.0,101.49,5.54,-1277.11,0.0,-1.7199999999998001
Jan 2032,264.02,4.01,106.99,111.88,1.15,0.83,1.8,0.0,2.94,0,-1.6,0,257.07,0.41,1.65,0.0,259.13,5.5,-1278.71,-0.04,-1.6000000000001398
Feb 2032,135.9,2.24,78.47,81.73,0.69,0.83,1.8,0.0,1.51,0,-1.18,0,132.14,0.3,1.65,0.0,134.09,5.96,-1279.17,0.46,-0.460000000000036
Mar 2032,109.81,2.21,80.55,83.79,0.7,0.83,1.8,0.0,1.22,0,-1.21,0,106.37,0.31,1.67,0.0,108.34,5.96,-1280.63,0.0,-1.46000000000004
Apr 2032,30.57,1.73,123.55,126.7,0.84,0.87,1.93,0.08,0.34,0,-1.86,0,28.5,0.47,1.83,0.01,30.8,5.96,-1282.41,0.0,-1.7799999999999698
May 2032,70.06,2.31,155.4,156.96,4.35,1.87,6.05,2.41,0.78,0,-2.34,0,66.97,0.59,6.13,0.24,73.94,5.96,-1285.8,0.0,-3.38999999999987
Jun 2032,231.79,3.65,95.87,98.64,3.8,1.84,5.43,2.05,2.58,0,-1.44,0,225.55,0.37,5.5,0.3,231.72,5.96,-1291.24,0.0,-5.44000000000005
Jul 2032,302.44,4.67,80.24,83.77,3.68,1.64,5.1,1.86,3.37,0,-1.21,0,294.4,0.31,5.14,0.3,300.15,5.8,-1293.77,-0.16,-2.52999999999997
Aug 2032,459.97,6.99,140.42,148.12,2.06,1.21,3.33,0.86,5.12,0,-2.11,0,447.86,0.54,3.29,0.25,451.93,5.93,-1295.15,0.13,-1.38000000000011
Sep 2032,141.82,2.19,66.85,68.37,3.59,2.17,5.2,1.92,1.58,0,-1.0,0,138.05,0.25,5.23,0.21,143.74,5.96,-1294.85,0.0300000000000002,0.300000000000182
Oct 2032,127.67,1.92,63.4,66.39,1.2,1.57,2.03,0.13,1.42,0,-0.95,0,124.33,0.24,1.91,0.02,126.5,5.43,-1297.76,-0.53,-2.91000000000008
Nov 2032,100.57,1.6,88.78,91.85,0.9,1.38,1.82,0.0,1.12,0,-1.33,0,97.84,0.34,1.67,0.0,99.85,5.07,-1299.22,-0.35999999999999893,-1.46000000000004
Dec 2032,42.97,0.71,61.84,63.9,0.69,1.35,1.82,0.0,0.48,0,-0.92,0,41.78,0.23,1.67,0.0,43.69,4.73,-1301.24,-0.34,-2.01999999999998
Jan 2033,27.01,0.47,47.15,48.17,0.82,0.85,1.82,0.0,0.3,0,-0.7,0,26.24,0.18,1.67,0.0,28.1,4.21,-1303.5,-0.52,-2.25999999999999
Feb 2033,68.26,1.08,70.78,72.58,0.92,0.85,1.82,0.0,0.76,0,-1.06,0,66.42,0.27,1.68,0.0,68.37,4.33,-1305.72,0.12,-2.22000000000003
Mar 2033,130.74,1.86,131.89,135.13,0.93,0.85,1.83,0.0,1.46,0,-1.97,0,127.43,0.5,1.69,0.0,129.62,4.55,-1307.84,0.22,-2.11999999999989
Apr 2033,107.5,1.77,108.46,111.16,1.13,0.85,1.83,0.0,1.2,0,-1.62,0,104.53,0.41,1.7,0.0,106.65,4.76,-1310.17,0.21,-2.3300000000001497
May 2033,160.22,4.44,194.73,199.63,2.98,1.26,3.51,0.96,1.78,0,-2.94,0,154.0,0.75,3.48,0.14,158.36,5.16,-1312.42,0.4,-2.25
Jun 2033,90.24,2.98,235.25,237.94,4.98,2.05,6.79,2.81,1.0,0,-3.53,0,86.25,0.9,6.91,0.29,94.35,5.96,-1316.27,0.8,-3.84999999999991
Jul 2033,155.07,2.91,87.92,89.22,4.87,2.26,6.7,2.76,1.73,0,-1.32,0,150.43,0.34,6.82,0.31,157.9,5.96,-1323.06,0.0,-6.789999999999959
Aug 2033,394.46,5.39,137.33,143.17,2.41,1.33,3.8,1.11,4.39,0,-2.05,0,384.67,0.52,3.78,0.26,389.23,5.7,-1326.92,-0.26,-3.86000000000013
Sep 2033,9.38,0.61,52.97,52.19,4.99,3.01,6.86,2.84,0.1,0,-0.8,0,8.67,0.2,6.95,0.22,16.05,5.69,-1327.52,-0.00999999999999979,-0.5999999999999089
Oct 2033,83.55,1.32,48.63,50.92,1.16,1.59,2.06,0.13,0.93,0,-0.73,0,81.29,0.19,1.93,0.01,83.42,4.73,-1332.45,-0.96,-4.930000000000059
Nov 2033,92.39,1.32,74.01,76.83,0.86,1.54,1.84,0.0,1.03,0,-1.1,0,90.04,0.28,1.69,0.0,92.02,4.31,-1334.2,-0.42000000000000104,-1.75
Dec 2033,73.35,1.05,62.91,65.37,0.83,1.54,1.85,0.0,0.82,0,-0.94,0,71.48,0.24,1.69,0.0,73.42,3.78,-1336.11,-0.53,-1.90999999999985
Jan 2034,85.68,1.18,54.06,55.88,0.81,0.86,1.85,0.0,0.95,0,-0.81,0,83.54,0.21,1.69,0.0,85.44,3.21,-1338.08,-0.57,-1.9700000000000302
Feb 2034,168.38,2.23,74.43,77.51,0.84,0.86,1.85,0.0,1.87,0,-1.11,0,164.27,0.28,1.7,0.0,166.26,3.32,-1339.77,0.11,-1.6900000000000501
Mar 2034,2.09,0.51,48.66,49.39,1.19,0.86,1.85,0.0,0.02,0,-0.73,0,1.55,0.19,1.72,0.0,3.46,3.45,-1340.85,0.13,-1.0799999999999301
Apr 2034,70.69,2.38,109.48,111.66,2.34,0.9,2.01,0.09,0.79,0,-1.65,0,67.52,0.42,1.9,0.01,69.85,3.9,-1343.41,0.45,-2.5600000000001697
May 2034,128.06,4.13,201.48,204.9,4.82,1.84,5.9,2.29,1.43,0,-3.04,0,122.5,0.77,5.98,0.27,129.52,5.36,-1346.21,1.46,-2.79999999999995
Jun 2034,103.95,4.04,72.47,74.36,5.06,2.08,6.89,2.85,1.16,0,-1.12,0,98.76,0.28,7.02,0.31,106.37,5.96,-1351.7,0.6,-5.490000000000009
Jul 2034,126.42,2.26,70.83,71.56,5.22,2.89,7.12,2.98,1.41,0,-1.06,0,122.75,0.27,7.25,0.32,130.6,5.96,-1356.01,0.0,-4.30999999999995
Aug 2034,221.08,3.45,90.24,92.87,3.74,1.91,5.39,2.0,2.46,0,-1.35,0,215.17,0.34,5.43,0.26,221.21,5.18,-1360.13,-0.78,-4.12000000000012
Sep 2034,17.87,0.66,17.05,16.09,4.73,2.91,6.57,2.66,0.2,0,-0.26,0,17.01,0.07,6.64,0.21,23.92,4.97,-1362.68,-0.21,-2.54999999999995
Oct 2034,0.71,0.65,23.94,24.27,2.28,1.68,3.21,0.76,0.01,0,-0.37,0,0.05,0.09,3.12,0.05,3.32,4.05,-1366.85,-0.92,-4.169999999999851
Nov 2034,358.96,4.87,108.5,115.02,1.09,1.55,1.87,0.0,4.0,0,-1.62,0,350.1,0.41,1.72,0.0,352.23,3.97,-1369.71,-0.0799999999999996,-2.86000000000013
Dec 2034,15.8,0.57,41.71,43.24,1.08,1.57,1.87,0.0,0.18,0,-0.63,0,15.05,0.16,1.71,0.0,16.93,3.67,-1369.2,-0.3,0.509999999999991
Jan 2035,85.41,1.37,45.73,47.46,1.02,0.87,1.87,0.0,0.95,0,-0.69,0,83.09,0.17,1.71,0.0,84.98,3.33,-1371.52,-0.34,-2.31999999999994
Feb 2035,102.74,1.71,61.41,63.53,1.14,0.87,1.88,0.0,1.14,0,-0.92,0,99.89,0.23,1.73,0.0,101.85,3.63,-1373.13,0.3,-1.61000000000013
Mar 2035,117.65,1.74,69.04,71.43,0.99,0.87,1.88,0.0,1.31,0,-1.03,0,114.61,0.26,1.74,0.0,116.61,4.05,-1374.78,0.42,-1.6499999999998602
Apr 2035,20.13,0.53,56.13,57.05,1.16,0.92,2.09,0.12,0.22,0,-0.84,0,19.38,0.21,1.98,0.01,21.58,4.3,-1376.37,0.25,-1.58999999999992
May 2035,138.93,2.46,107.69,108.6,4.67,1.91,5.47,2.03,1.55,0,-1.61,0,134.92,0.41,5.52,0.25,141.1,4.53,-1378.97,0.23,-2.60000000000014
Jun 2035,48.05,1.31,53.23,52.06,6.24,3.16,7.67,3.28,0.53,0,-0.8,0,46.2,0.2,7.83,0.32,54.55,5.2,-1382.72,0.67,-3.75
Jul 2035,297.35,4.18,59.11,62.46,3.64,2.15,5.28,1.92,3.31,0,-0.89,0,289.86,0.23,5.31,0.31,295.71,4.85,-1387.7,-0.35000000000000103,-4.98000000000002
Aug 2035,196.06,3.4,36.08,37.6,4.12,1.83,5.83,2.23,2.18,0,-0.55,0,190.47,0.14,5.87,0.28,196.76,4.38,-1388.94,-0.47,-1.24000000000001
Sep 2035,133.87,1.95,46.31,47.28,3.66,2.16,5.32,1.94,1.49,0,-0.69,0,130.43,0.18,5.33,0.21,136.15,4.4,-1391.18,0.0200000000000005,-2.24000000000001
Oct 2035,66.63,1.21,36.47,37.93,1.79,1.63,2.97,0.61,0.74,0,-0.55,0,64.68,0.14,2.87,0.06,67.75,3.94,-1393.97,-0.46,-2.78999999999996
Nov 2035,162.39,2.36,72.52,76.22,1.05,1.58,1.9,0.0,1.81,0,-1.08,0,158.23,0.28,1.74,0.0,160.24,3.59,-1396.19,-0.35,-2.22000000000003
Dec 2035,10.86,0.45,39.18,40.63,1.03,1.59,1.9,0.0,0.12,0,-0.59,0,10.3,0.15,1.74,0.0,12.19,3.2,-1397.36,-0.39,-1.16999999999985
Jan 2036,47.66,1.02,49.76,51.07,1.15,0.88,1.9,0.0,0.53,0,-0.75,0,46.11,0.19,1.75,0.0,48.04,2.79,-1399.72,-0.41,-2.36000000000013
Feb 2036,91.32,1.45,64.72,66.74,1.04,0.88,1.9,0.0,1.02,0,-0.97,0,88.85,0.25,1.76,0.0,90.85,3.21,-1401.83,0.42,-2.1099999999999
Mar 2036,11.24,1.0,55.86,56.8,1.58,0.89,1.91,0.0,0.13,0,-0.84,0,10.11,0.21,1.77,0.0,12.1,3.51,-1403.68,0.3,-1.8500000000001398
Apr 2036,6.15,2.86,102.5,104.89,2.59,0.94,2.13,0.13,0.07,0,-1.57,0,3.22,0.4,2.02,0.01,5.65,4.34,-1406.31,0.83,-2.62999999999988
May 2036,106.33,5.54,152.75,157.72,4.17,1.85,5.88,2.25,1.18,0,-2.34,0,99.61,0.59,5.95,0.25,106.4,5.96,-1409.82,1.62,-3.5099999999999905
Jun 2036,147.3,5.89,125.99,130.61,4.72,2.01,6.52,2.61,1.64,0,-1.94,0,139.77,0.49,6.63,0.31,147.2,5.96,-1414.85,0.0,-5.029999999999969
Jul 2036,561.82,7.6,227.04,236.21,2.27,1.31,3.66,0.99,6.26,0,-3.39,0,547.97,0.86,3.63,0.29,552.75,5.96,-1419.37,0.0,-4.51999999999998
Aug 2036,358.03,4.81,158.9,164.63,2.63,1.78,4.16,1.27,3.99,0,-2.37,0,349.23,0.6,4.14,0.26,354.23,5.96,-1419.46,0.0,-0.0900000000001455
Sep 2036,48.73,0.81,31.79,31.37,4.74,3.16,6.45,2.57,0.54,0,-0.48,0,47.38,0.12,6.52,0.22,54.24,5.56,-1420.99,-0.4,-1.5299999999999698
Oct 2036,13.08,0.72,31.73,32.77,1.8,1.76,2.53,0.35,0.15,0,-0.48,0,12.21,0.12,2.41,0.03,14.77,4.5,-1425.03,-1.06,-4.03999999999996
Nov 2036,85.44,1.27,67.49,70.19,0.93,1.61,1.92,0.0,0.95,0,-1.01,0,83.22,0.26,1.77,0.0,85.25,4.31,-1427.57,-0.19,-2.53999999999996
Dec 2036,82.57,1.14,75.45,78.2,0.84,1.61,1.93,0.0,0.92,0,-1.12,0,80.51,0.29,1.77,0.0,82.56,3.79,-1429.55,-0.52,-1.98000000000002
Jan 2037,34.03,0.51,39.8,40.84,0.82,0.9,1.93,0.0,0.38,0,-0.59,0,33.14,0.15,1.77,0.0,35.06,3.17,-1431.67,-0.62,-2.12000000000012
Feb 2037,76.87,1.09,54.37,56.09,0.86,0.9,1.93,0.0,0.86,0,-0.81,0,74.93,0.21,1.78,0.0,76.91,3.25,-1433.81,0.0800000000000001,-2.13999999999987
Mar 2037,80.0,1.58,87.6,89.74,1.32,0.9,1.93,0.0,0.89,0,-1.31,0,77.52,0.33,1.78,0.0,79.64,3.36,-1435.69,0.11,-1.88000000000011
Apr 2037,35.43,1.26,102.91,104.67,1.55,0.9,1.93,0.0,0.39,0,-1.54,0,33.78,0.39,1.81,0.0,35.98,3.93,-1438.05,0.57,-2.3599999999999
May 2037,265.33,4.83,199.34,203.95,3.87,1.42,4.07,1.21,2.95,0,-2.99,0,257.54,0.76,4.05,0.23,262.58,4.71,-1441.13,0.78,-3.0800000000001497
Jun 2037,58.67,2.93,83.65,84.28,5.49,2.24,7.44,3.12,0.65,0,-1.28,0,55.09,0.33,7.58,0.31,63.3,5.96,-1444.25,1.25,-3.1199999999998904
Jul 2037,270.9,6.33,99.08,104.38,3.96,1.8,5.65,2.1,3.02,0,-1.52,0,261.56,0.39,5.71,0.31,267.96,5.96,-1449.51,0.0,-5.259999999999991
Aug 2037,273.26,5.33,108.45,113.25,3.4,1.65,5.01,1.74,3.04,0,-1.64,0,264.89,0.42,5.03,0.27,270.6,5.96,-1451.87,0.0,-2.3599999999999
Sep 2037,98.51,1.72,66.61,67.38,4.19,2.5,5.98,2.28,1.1,0,-1.0,0,95.69,0.25,6.03,0.22,102.19,5.96,-1454.01,0.0,-2.1400000000001
Oct 2037,112.42,1.96,62.94,65.74,1.58,1.71,2.27,0.19,1.25,0,-0.95,0,109.2,0.24,2.14,0.03,111.61,5.32,-1457.83,-0.64,-3.81999999999994
Nov 2037,36.07,0.68,50.64,52.56,0.84,1.51,1.95,0.0,0.4,0,-0.76,0,34.99,0.19,1.79,0.0,36.98,5.13,-1459.63,-0.19,-1.80000000000018
Dec 2037,172.23,2.37,95.26,99.36,0.74,1.42,1.95,0.0,1.92,0,-1.42,0,167.95,0.36,1.79,0.0,170.1,4.61,-1461.93,-0.52,-2.29999999999995
Jan 2038,146.19,2.18,77.44,80.28,1.11,0.91,1.95,0.0,1.63,0,-1.16,0,142.38,0.29,1.79,0.0,144.47,4.1,-1463.39,-0.510000000000001,-1.46000000000004
Feb 2038,105.05,1.98,70.53,72.79,1.42,0.91,1.96,0.0,1.17,0,-1.06,0,101.9,0.27,1.8,0.0,103.97,4.46,-1464.87,0.36,-1.47999999999979
Mar 2038,142.66,2.35,123.7,127.02,1.32,0.91,1.96,0.0,1.59,0,-1.85,0,138.72,0.47,1.82,0.0,141.01,5.12,-1466.71,0.66,-1.84000000000015
Apr 2038,5.77,0.9,143.57,145.84,1.18,0.94,2.07,0.07,0.06,0,-2.15,0,4.8,0.55,1.95,0.01,7.31,5.67,-1468.93,0.55,-2.22000000000003
May 2038,84.32,1.9,236.06,238.38,4.31,2.1,6.12,2.35,0.94,0,-3.53,0,81.48,0.9,6.18,0.24,88.8,5.96,-1473.03,0.29,-4.09999999999991
Jun 2038,44.57,1.21,70.58,70.19,5.61,3.22,7.64,3.21,0.5,0,-1.06,0,42.87,0.27,7.78,0.31,51.23,5.76,-1479.63,-0.2,-6.600000000000139
Jul 2038,367.62,6.77,107.48,112.77,4.27,1.57,4.67,1.53,4.09,0,-1.63,0,356.76,0.42,4.66,0.29,362.14,4.8,-1484.93,-0.96,-5.29999999999995
Aug 2038,233.5,3.77,108.11,111.14,3.69,1.74,5.36,1.92,2.6,0,-1.62,0,227.13,0.41,5.39,0.26,233.19,5.96,-1485.9,1.16,-0.970000000000027
Sep 2038,199.65,2.91,80.0,82.6,3.1,1.91,4.74,1.57,2.22,0,-1.2,0,194.53,0.3,4.73,0.21,199.76,5.96,-1488.62,0.0,-2.7199999999998
Oct 2038,30.51,0.63,43.52,45.01,1.34,1.71,2.46,0.28,0.34,0,-0.65,0,29.54,0.17,2.33,0.02,32.06,5.6,-1490.98,-0.36,-2.36000000000013
Nov 2038,129.17,1.72,74.58,77.93,0.86,1.66,1.98,0.0,1.44,0,-1.11,0,126.02,0.28,1.82,0.0,128.12,5.08,-1493.49,-0.52,-2.50999999999999
Dec 2038,214.0,2.75,106.82,111.58,0.82,1.64,1.98,0.0,2.38,0,-1.59,0,208.88,0.41,1.82,0.0,211.1,4.44,-1495.14,-0.64,-1.65000000000009
Jan 2039,136.63,1.88,66.68,69.29,0.94,0.92,1.98,0.0,1.52,0,-1.0,0,133.23,0.25,1.82,0.0,135.3,3.78,-1496.33,-0.6600000000000009,-1.18999999999983
Feb 2039,185.34,2.49,79.53,82.88,0.95,0.92,1.99,0.0,2.06,0,-1.19,0,180.78,0.3,1.83,0.0,182.91,3.96,-1497.78,0.18,-1.4500000000000501
Mar 2039,10.53,1.29,67.67,68.74,1.92,0.93,1.99,0.0,0.12,0,-1.02,0,9.12,0.26,1.84,0.0,11.22,4.14,-1498.89,0.18,-1.11000000000013
Apr 2039,12.48,0.95,159.69,161.76,1.63,0.97,2.15,0.09,0.14,0,-2.39,0,11.39,0.61,2.03,0.01,14.03,5.27,-1501.78,1.13,-2.88999999999987
May 2039,23.73,1.77,238.47,240.1,4.9,2.09,6.79,2.72,0.26,0,-3.57,0,21.69,0.91,6.88,0.24,29.72,5.96,-1506.09,0.69,-4.30999999999995
Jun 2039,120.41,2.85,146.19,147.75,5.06,2.13,6.96,2.81,1.34,0,-2.2,0,116.22,0.56,7.07,0.31,124.16,5.96,-1513.72,0.0,-7.630000000000111
Jul 2039,345.24,5.28,115.26,120.12,3.37,1.66,4.99,1.7,3.84,0,-1.73,0,336.11,0.44,5.01,0.3,341.86,5.96,-1519.03,0.0,-5.30999999999995
Aug 2039,349.81,5.62,114.56,120.06,2.94,1.54,4.49,1.41,3.89,0,-1.72,0,340.29,0.44,4.48,0.27,345.48,5.96,-1520.52,0.0,-1.4900000000000102
Sep 2039,71.3,1.4,64.6,64.96,4.36,2.6,6.2,2.38,0.79,0,-0.97,0,69.1,0.25,6.25,0.21,75.81,5.96,-1521.69,0.0,-1.17000000000007
Oct 2039,82.55,1.23,51.43,53.75,1.21,1.72,2.35,0.2,0.92,0,-0.77,0,80.4,0.2,2.21,0.02,82.83,5.3,-1525.91,-0.66,-4.22000000000003
Nov 2039,258.28,3.38,110.4,115.76,0.93,1.68,2.01,0.0,2.88,0,-1.65,0,252.02,0.42,1.84,0.0,254.29,4.72,-1527.93,-0.58,-2.01999999999998
Dec 2039,175.65,2.34,83.35,87.38,0.92,1.68,2.01,0.0,1.96,0,-1.24,0,171.35,0.32,1.84,0.0,173.51,4.13,-1528.7,-0.59,-0.7699999999999821
Jan 2040,10.96,0.39,33.37,34.05,1.02,0.94,2.01,0.0,0.12,0,-0.5,0,10.44,0.13,1.85,0.0,12.42,3.53,-1529.99,-0.6,-1.2899999999999598
Feb 2040,30.93,0.89,40.39,41.4,1.27,0.94,2.01,0.0,0.34,0,-0.61,0,29.7,0.15,1.86,0.0,31.71,3.77,-1532.38,0.24,-2.3900000000001
Mar 2040,48.02,1.25,58.82,60.25,1.43,0.94,2.02,0.0,0.53,0,-0.89,0,46.23,0.23,1.87,0.0,48.33,4.25,-1534.66,0.48,-2.27999999999997
Apr 2040,86.33,3.67,195.97,200.88,1.9,0.94,2.02,0.0,0.96,0,-2.96,0,81.7,0.75,1.88,0.0,84.34,4.87,-1537.02,0.62,-2.3599999999999
May 2040,59.65,5.21,219.33,224.63,4.33,1.94,6.13,2.33,0.66,0,-3.33,0,53.78,0.85,6.19,0.23,61.05,5.96,-1541.03,1.09,-4.009999999999991
Jun 2040,30.3,4.11,157.65,160.05,5.87,2.38,7.93,3.35,0.34,0,-2.4,0,25.86,0.61,8.09,0.31,34.87,5.96,-1547.73,0.0,-6.70000000000005
Jul 2040,340.02,4.87,185.11,190.48,3.31,1.74,4.96,1.67,3.79,0,-2.77,0,331.37,0.7,4.98,0.3,337.35,5.96,-1554.7,0.0,-6.97000000000003
Aug 2040,319.8,4.63,163.89,169.02,3.03,1.71,4.66,1.49,3.56,0,-2.45,0,311.62,0.62,4.65,0.26,317.15,5.84,-1557.27,-0.12,-2.56999999999994
Sep 2040,185.7,2.73,136.41,139.44,3.21,1.99,4.88,1.62,2.07,0,-2.04,0,180.91,0.52,4.87,0.2,186.5,5.69,-1559.59,-0.149999999999999,-2.31999999999994
Oct 2040,54.61,1.35,71.71,73.8,1.75,1.68,2.59,0.32,0.61,0,-1.08,0,52.64,0.27,2.47,0.03,55.41,5.3,-1563.03,-0.39000000000000107,-3.44000000000005
Nov 2040,20.42,0.43,46.7,48.41,0.78,1.55,2.04,0.0,0.23,0,-0.7,0,19.76,0.18,1.87,0.0,21.82,5.18,-1565.8,-0.12,-2.7699999999999796
Dec 2040,29.97,0.48,40.41,42.18,0.78,1.62,2.04,0.0,0.33,0,-0.6,0,29.15,0.15,1.87,0.0,31.18,4.57,-1568.3,-0.609999999999999,-2.5
Jan 2041,31.51,0.48,36.95,37.93,0.87,0.95,2.04,0.0,0.35,0,-0.55,0,30.68,0.14,1.88,0.0,32.7,3.9,-1570.6,-0.67,-2.29999999999995
Feb 2041,14.84,0.32,35.35,36.1,0.91,0.95,2.04,0.0,0.17,0,-0.53,0,14.36,0.13,1.89,0.0,16.38,3.97,-1572.84,0.0700000000000003,-2.24000000000001
Mar 2041,68.26,1.38,79.66,81.58,1.31,0.95,2.05,0.0,0.76,0,-1.19,0,66.12,0.3,1.9,0.0,68.32,4.08,-1575.24,0.11,-2.4000000000000896
Apr 2041,70.01,2.58,122.85,125.42,2.41,1.01,2.28,0.13,0.78,0,-1.85,0,66.66,0.47,2.16,0.02,69.31,4.58,-1577.72,0.5,-2.48000000000002
May 2041,85.73,4.9,137.36,141.46,4.32,1.95,6.14,2.32,0.95,0,-2.1,0,79.88,0.53,6.19,0.24,86.85,5.96,-1580.96,1.38,-3.2400000000000095
Jun 2041,26.91,2.98,95.28,95.75,6.03,2.43,8.13,3.44,0.3,0,-1.46,0,23.62,0.37,8.29,0.32,32.61,5.96,-1586.17,0.0,-5.21000000000004
Jul 2041,359.56,5.95,120.81,126.47,3.3,1.66,4.93,1.63,4.0,0,-1.82,0,349.61,0.46,4.94,0.3,355.32,5.96,-1592.34,0.0,-6.16999999999985
Aug 2041,406.42,6.41,119.35,126.05,2.48,1.43,3.98,1.09,4.53,0,-1.8,0,395.48,0.46,3.94,0.26,400.14,5.96,-1593.76,0.0,-1.42000000000007
Sep 2041,361.03,5.21,134.07,140.23,1.87,1.32,3.32,0.71,4.02,0,-2.01,0,351.8,0.51,3.23,0.2,355.74,5.96,-1594.18,0.0,-0.42000000000007304
Oct 2041,134.0,1.88,65.25,68.49,0.94,1.58,2.23,0.1,1.49,0,-0.97,0,130.63,0.25,2.09,0.02,132.98,5.88,-1594.97,-0.0800000000000001,-0.7899999999999641
Nov 2041,151.68,2.17,75.82,79.51,0.79,1.46,2.07,0.0,1.69,0,-1.13,0,147.82,0.29,1.9,0.0,150.01,5.29,-1596.6,-0.59,-1.62999999999988
Dec 2041,160.69,2.13,72.91,76.67,0.79,1.61,2.07,0.0,1.79,0,-1.09,0,156.76,0.28,1.9,0.0,158.94,4.79,-1598.11,-0.5,-1.5099999999999898
Jan 2042,196.39,2.58,80.3,83.8,0.94,0.97,2.07,0.0,2.19,0,-1.2,0,191.62,0.3,1.9,0.0,193.82,4.14,-1599.47,-0.65,-1.36000000000013
Feb 2042,59.42,0.87,51.16,52.65,0.93,0.97,2.07,0.0,0.66,0,-0.76,0,57.89,0.19,1.91,0.0,59.99,4.28,-1600.55,0.140000000000001,-1.0799999999999301
Mar 2042,36.07,0.61,57.54,58.8,0.95,0.97,2.08,0.0,0.4,0,-0.86,0,35.06,0.22,1.93,0.0,37.21,4.39,-1602.72,0.10999999999999902,-2.17000000000007
Apr 2042,64.67,1.03,72.91,74.69,1.04,0.98,2.1,0.02,0.72,0,-1.09,0,62.91,0.28,1.97,0.0,65.16,4.51,-1605.25,0.12,-2.52999999999997
May 2042,107.84,1.97,104.97,105.41,4.9,2.2,5.77,2.09,1.2,0,-1.57,0,104.68,0.4,5.81,0.23,111.11,4.7,-1607.7,0.19,-2.45000000000005
Jun 2042,253.4,3.8,84.5,87.21,4.06,2.02,5.49,1.93,2.82,0,-1.27,0,246.78,0.32,5.52,0.3,252.92,5.27,-1611.98,0.5699999999999991,-4.27999999999997
Jul 2042,283.87,4.76,76.49,79.62,4.3,1.81,5.53,1.95,3.16,0,-1.16,0,275.95,0.29,5.55,0.3,282.1,5.35,-1614.29,0.0800000000000001,-2.3099999999999503
Aug 2042,182.56,3.69,74.46,76.6,4.33,1.94,6.05,2.25,2.03,0,-1.13,0,176.84,0.29,6.1,0.27,183.49,5.86,-1616.16,0.510000000000001,-1.87000000000012
Sep 2042,209.26,3.13,87.99,90.91,3.08,1.88,4.78,1.52,2.33,0,-1.32,0,203.8,0.34,4.76,0.21,209.1,5.96,-1619.33,0.0999999999999996,-3.1699999999998503
Oct 2042,307.63,4.1,98.99,104.87,0.99,1.67,2.09,0.0,3.43,0,-1.48,0,300.11,0.38,1.94,0.01,302.43,5.66,-1621.78,-0.3,-2.45000000000005
Nov 2042,165.64,2.42,106.36,110.56,0.81,1.41,2.1,0.0,1.84,0,-1.59,0,161.38,0.4,1.93,0.0,163.71,5.13,-1621.93,-0.53,-0.150000000000091
Dec 2042,37.82,0.81,63.15,65.29,0.8,1.44,2.1,0.0,0.42,0,-0.95,0,36.59,0.24,1.93,0.0,38.75,4.69,-1623.77,-0.44,-1.83999999999992
Jan 2043,13.0,0.43,47.22,48.09,1.07,0.98,2.1,0.0,0.14,0,-0.71,0,12.42,0.18,1.93,0.0,14.53,4.22,-1626.39,-0.47000000000000103,-2.62000000000012
Feb 2043,13.57,0.56,50.94,51.86,1.19,0.98,2.1,0.0,0.15,0,-0.76,0,12.86,0.19,1.94,0.0,15.0,4.48,-1629.05,0.260000000000001,-2.65999999999985
Mar 2043,54.66,1.51,92.41,94.3,1.64,0.98,2.11,0.0,0.61,0,-1.39,0,52.55,0.35,1.96,0.0,54.86,4.84,-1631.76,0.35999999999999893,-2.71000000000004
Apr 2043,136.42,4.5,203.89,210.39,1.33,1.03,2.29,0.1,1.52,0,-3.08,0,130.4,0.78,2.16,0.02,133.36,5.64,-1634.64,0.8,-2.8800000000001096
May 2043,89.84,3.9,243.4,247.61,4.42,2.0,6.28,2.36,1.0,0,-3.67,0,84.95,0.93,6.34,0.25,92.47,5.96,-1638.4,0.32,-3.7599999999999905
Jun 2043,139.0,6.0,177.72,182.87,5.05,2.17,7.01,2.77,1.55,0,-2.71,0,131.45,0.69,7.11,0.32,139.58,5.96,-1645.24,0.0,-6.83999999999992
Jul 2043,301.12,5.14,115.69,120.2,3.74,1.8,5.48,1.91,3.35,0,-1.74,0,292.63,0.44,5.51,0.31,298.88,5.96,-1650.96,0.0,-5.72000000000003
Aug 2043,288.71,4.24,100.83,104.7,3.36,1.86,5.12,1.7,3.21,0,-1.51,0,281.25,0.38,5.12,0.27,287.03,5.96,-1653.23,0.0,-2.26999999999998
Sep 2043,117.37,1.89,60.88,61.86,4.12,2.53,5.89,2.14,1.31,0,-0.91,0,114.17,0.23,5.91,0.22,120.53,5.76,-1655.21,-0.2,-1.98000000000002
Oct 2043,98.45,1.98,61.11,63.38,2.36,1.96,3.15,0.58,1.1,0,-0.92,0,95.37,0.23,3.04,0.06,98.71,5.2,-1658.79,-0.56,-3.5799999999999303
Nov 2043,24.46,0.45,46.16,47.97,0.92,1.76,2.13,0.0,0.27,0,-0.69,0,23.73,0.18,1.96,0.0,25.87,5.12,-1661.25,-0.0800000000000001,-2.46000000000004
Dec 2043,26.64,0.45,47.04,48.88,0.82,1.69,2.13,0.0,0.3,0,-0.7,0,25.9,0.18,1.95,0.0,28.04,4.45,-1663.79,-0.67,-2.53999999999996
Jan 2044,18.69,0.39,29.0,29.74,0.98,1.0,2.13,0.0,0.21,0,-0.43,0,18.09,0.11,1.96,0.0,20.15,3.74,-1666.32,-0.71,-2.52999999999997
Feb 2044,82.92,1.31,55.59,57.42,1.1,1.0,2.13,0.0,0.92,0,-0.83,0,80.69,0.21,1.96,0.0,82.87,3.89,-1668.67,0.15,-2.35000000000014
Mar 2044,72.32,1.2,81.07,83.05,1.11,1.0,2.14,0.0,0.81,0,-1.21,0,70.32,0.31,1.98,0.0,72.61,4.16,-1670.71,0.27,-2.03999999999996
Apr 2044,70.08,1.23,87.12,88.95,1.45,1.08,2.45,0.18,0.78,0,-1.3,0,68.07,0.33,2.33,0.02,70.75,4.43,-1673.25,0.27,-2.53999999999996
May 2044,342.82,4.95,125.01,129.84,2.91,1.4,3.77,0.92,3.82,0,-1.87,0,334.05,0.48,3.71,0.24,338.48,4.74,-1676.07,0.31,-2.81999999999994
Jun 2044,191.54,3.1,59.73,60.9,4.97,2.38,6.3,2.36,2.13,0,-0.9,0,186.31,0.23,6.37,0.31,193.22,5.39,-1677.2,0.649999999999999,-1.13000000000011
Jul 2044,448.37,5.98,96.31,102.6,2.68,1.92,4.34,1.24,4.99,0,-1.44,0,437.39,0.37,4.31,0.29,442.36,5.56,-1680.23,0.17,-3.02999999999997
Aug 2044,425.49,5.72,101.98,108.31,2.33,1.8,3.92,1.01,4.74,0,-1.52,0,415.03,0.39,3.86,0.26,419.54,5.11,-1680.06,-0.44999999999999896,0.170000000000073
Sep 2044,88.41,1.53,29.45,29.45,4.54,2.67,6.16,2.27,0.98,0,-0.44,0,85.89,0.11,6.18,0.21,92.4,4.69,-1680.02,-0.42,0.0399999999999636
Oct 2044,148.01,3.0,60.67,64.04,2.2,1.88,2.42,0.15,1.65,0,-0.92,0,143.36,0.23,2.26,0.03,145.89,4.26,-1683.59,-0.43000000000000105,-3.56999999999994
Nov 2044,2.53,0.39,32.44,33.84,1.02,1.66,2.16,0.0,0.03,0,-0.49,0,2.11,0.12,1.99,0.0,4.22,4.59,-1685.15,0.33,-1.56000000000017
Dec 2044,75.45,1.16,68.46,71.16,0.83,1.61,2.16,0.0,0.84,0,-1.02,0,73.45,0.26,1.98,0.0,75.69,4.11,-1687.77,-0.48,-2.61999999999989
Jan 2045,183.77,2.55,86.5,89.92,1.1,1.01,2.16,0.0,2.05,0,-1.29,0,179.17,0.33,1.98,0.0,181.48,3.5,-1690.11,-0.61,-2.33999999999992
Feb 2045,151.71,2.34,86.79,89.82,1.28,1.01,2.17,0.0,1.69,0,-1.3,0,147.68,0.33,1.99,0.0,150.0,3.77,-1691.51,0.27,-1.40000000000009
Mar 2045,233.49,3.76,122.31,126.76,1.7,1.01,2.17,0.0,2.6,0,-1.83,0,227.13,0.47,2.01,0.0,229.6,4.21,-1693.28,0.44,-1.76999999999998
Apr 2045,74.49,2.49,116.23,118.82,2.4,1.19,2.88,0.4,0.83,0,-1.75,0,71.17,0.45,2.78,0.05,74.44,5.05,-1694.68,0.84,-1.40000000000009
May 2045,64.14,2.24,187.71,189.18,5.07,2.2,7.07,2.77,0.71,0,-2.82,0,61.19,0.72,7.16,0.28,69.35,5.96,-1698.13,0.91,-3.45000000000005
Jun 2045,12.02,1.33,60.67,59.35,6.44,3.09,8.71,3.7,0.13,0,-0.92,0,10.55,0.23,8.88,0.35,20.01,5.96,-1704.82,0.0,-6.68999999999983
Jul 2045,216.07,3.22,57.39,59.44,4.54,2.73,6.49,2.44,2.41,0,-0.86,0,210.44,0.22,6.55,0.32,217.53,5.43,-1710.96,-0.53,-6.1400000000001
Aug 2045,221.61,2.97,63.77,66.22,3.9,2.67,5.75,2.02,2.47,0,-0.95,0,216.18,0.24,5.76,0.27,222.45,4.74,-1713.78,-0.69,-2.81999999999994
Sep 2045,89.16,1.32,24.15,24.18,4.15,2.59,6.09,2.21,0.99,0,-0.36,0,86.85,0.09,6.09,0.21,93.24,3.94,-1716.27,-0.8,-2.49000000000001
Oct 2045,33.74,1.48,33.38,34.13,3.19,2.07,3.96,1.0,0.38,0,-0.51,0,31.89,0.13,3.86,0.08,35.95,3.29,-1719.72,-0.65,-3.45000000000005
Nov 2045,106.91,1.46,75.81,79.0,0.96,1.85,2.19,0.0,1.19,0,-1.13,0,104.27,0.29,2.01,0.0,106.57,3.5,-1722.89,0.21,-3.1700000000000697
Dec 2045,45.32,0.64,48.42,50.54,0.91,1.86,2.19,0.0,0.5,0,-0.72,0,44.18,0.18,2.01,0.0,46.37,2.78,-1725.02,-0.72,-2.12999999999988
Jan 2046,155.48,2.03,67.81,70.68,0.94,1.03,2.2,0.0,1.73,0,-1.01,0,151.71,0.26,2.01,0.0,153.98,2.01,-1727.42,-0.77,-2.4000000000000896
Feb 2046,120.69,1.65,85.6,88.23,0.99,1.03,2.2,0.0,1.34,0,-1.28,0,117.7,0.32,2.02,0.0,120.05,2.11,-1728.89,0.1,-1.4700000000000302
Mar 2046,88.02,1.44,81.97,84.17,1.19,1.03,2.2,0.0,0.98,0,-1.23,0,85.6,0.31,2.04,0.0,87.95,2.24,-1731.02,0.13,-2.12999999999988
Apr 2046,240.47,3.71,125.88,130.44,1.58,1.03,2.22,0.01,2.68,0,-1.88,0,234.08,0.48,2.07,0.01,236.65,2.56,-1733.46,0.32,-2.4400000000000497
May 2046,162.74,2.43,183.87,186.35,4.12,2.13,5.12,1.65,1.81,0,-2.74,0,158.5,0.7,5.11,0.21,164.52,3.24,-1734.89,0.68,-1.4300000000000601
Jun 2046,93.45,1.66,213.63,214.24,6.66,3.24,7.33,2.9,1.04,0,-3.19,0,90.75,0.81,7.43,0.31,99.29,3.6,-1739.51,0.36,-4.61999999999989
Jul 2046,218.09,3.53,84.88,87.03,4.62,2.29,6.39,2.37,2.43,0,-1.28,0,212.13,0.32,6.42,0.31,219.19,4.02,-1746.39,0.41999999999999893,-6.880000000000111
Aug 2046,262.57,3.95,92.02,95.35,3.64,1.98,5.5,1.86,2.92,0,-1.38,0,255.7,0.35,5.49,0.27,261.81,3.95,-1749.57,-0.0699999999999994,-3.17999999999984
Sep 2046,290.68,3.81,88.11,92.47,2.62,2.19,4.31,1.19,3.24,0,-1.31,0,283.64,0.33,4.23,0.22,288.42,3.75,-1751.93,-0.2,-2.36000000000013
Oct 2046,269.0,3.59,77.76,83.0,1.08,1.87,2.23,0.01,3.0,0,-1.16,0,262.42,0.3,2.05,0.03,264.8,3.07,-1753.35,-0.68,-1.41999999999985
Nov 2046,30.86,0.84,61.11,63.21,1.31,1.88,2.22,0.0,0.34,0,-0.92,0,29.67,0.23,2.04,0.0,31.95,2.45,-1753.77,-0.62,-0.42000000000007304
Dec 2046,19.54,0.45,55.85,57.76,1.05,1.89,2.22,0.0,0.22,0,-0.83,0,18.88,0.21,2.04,0.0,21.13,2.05,-1756.56,-0.4,-2.78999999999996
Jan 2047,102.35,1.46,75.31,77.61,1.04,1.04,2.23,0.0,1.14,0,-1.12,0,99.76,0.29,2.04,0.0,102.09,1.4,-1759.4,-0.65,-2.8400000000001495
Feb 2047,103.69,1.5,77.54,79.88,1.07,1.04,2.23,0.0,1.15,0,-1.16,0,101.03,0.29,2.05,0.0,103.38,1.58,-1761.61,0.18,-2.2099999999998103
Mar 2047,88.63,1.73,100.19,102.6,1.49,1.05,2.23,0.0,0.99,0,-1.5,0,85.91,0.38,2.07,0.0,88.36,1.78,-1763.84,0.2,-2.23000000000002
Apr 2047,11.05,1.54,210.06,212.64,2.39,1.08,2.39,0.09,0.12,0,-3.15,0,9.39,0.8,2.25,0.01,12.44,2.38,-1766.58,0.6,-2.7400000000000095
May 2047,111.88,3.3,202.38,203.85,6.1,2.0,6.15,2.22,1.25,0,-3.04,0,107.33,0.77,6.19,0.25,114.54,3.74,-1771.91,1.36,-5.33000000000015
Jun 2047,39.36,1.85,136.44,136.04,6.37,2.59,8.24,3.39,0.44,0,-2.05,0,37.08,0.52,8.38,0.33,46.3,5.59,-1777.89,1.85,-5.980000000000019
Jul 2047,189.89,3.75,121.58,123.94,4.89,2.15,6.76,2.56,2.11,0,-1.83,0,184.03,0.47,6.82,0.31,191.63,5.84,-1784.67,0.25,-6.77999999999997
Aug 2047,329.48,4.78,142.26,147.43,3.05,1.85,4.79,1.44,3.67,0,-2.13,0,321.03,0.54,4.76,0.26,326.6,5.96,-1788.9,0.12,-4.23000000000002
Sep 2047,37.43,0.72,21.89,21.17,4.89,3.2,6.7,2.52,0.42,0,-0.33,0,36.29,0.08,6.74,0.21,43.32,5.75,-1790.97,-0.21,-2.06999999999994
Oct 2047,59.11,0.94,46.93,48.73,1.58,1.91,3.08,0.47,0.66,0,-0.7,0,57.51,0.18,2.95,0.04,60.68,4.88,-1795.27,-0.87,-4.29999999999995
Nov 2047,120.59,1.6,76.11,79.51,0.96,1.91,2.25,0.0,1.34,0,-1.13,0,117.65,0.29,2.07,0.0,120.01,4.2,-1797.97,-0.68,-2.70000000000005
Dec 2047,21.86,0.27,42.49,44.29,0.86,1.92,2.26,0.0,0.24,0,-0.63,0,21.34,0.16,2.07,0.0,23.57,3.43,-1800.01,-0.77,-2.03999999999996
Jan 2048,78.84,1.03,47.26,48.95,0.92,1.06,2.26,0.0,0.88,0,-0.7,0,76.93,0.18,2.07,0.0,79.18,2.56,-1802.65,-0.87,-2.6400000000001
Feb 2048,159.48,2.17,76.17,79.19,1.06,1.06,2.26,0.0,1.78,0,-1.14,0,155.54,0.29,2.08,0.0,157.91,2.6,-1804.74,0.04,-2.08999999999992
Mar 2048,81.89,1.25,69.5,71.48,1.1,1.06,2.27,0.0,0.91,0,-1.04,0,79.73,0.26,2.1,0.0,82.09,2.78,-1806.36,0.18,-1.61999999999989
Apr 2048,193.35,3.75,187.6,192.28,2.23,1.06,2.27,0.0,2.15,0,-2.81,0,187.44,0.72,2.11,0.0,190.27,2.98,-1808.75,0.2,-2.3900000000001
May 2048,109.48,2.8,156.83,158.7,4.33,1.64,4.64,1.35,1.22,0,-2.36,0,105.46,0.6,4.61,0.16,110.83,4.3,-1811.67,1.32,-2.9200000000000697
Jun 2048,80.81,2.48,71.54,71.37,5.84,2.38,7.69,3.07,0.9,0,-1.09,0,77.43,0.28,7.8,0.32,85.82,5.69,-1816.27,1.39,-4.59999999999991
Jul 2048,308.11,4.55,72.69,76.37,3.68,2.0,5.59,1.88,3.43,0,-1.09,0,300.13,0.28,5.6,0.31,306.31,5.96,-1821.39,0.27,-5.12000000000012
Aug 2048,292.93,4.26,107.64,111.75,3.36,2.01,5.21,1.66,3.26,0,-1.61,0,285.41,0.41,5.2,0.27,291.28,5.76,-1823.07,-0.2,-1.67999999999984
Sep 2048,188.57,3.05,78.76,81.25,3.38,1.94,5.22,1.67,2.1,0,-1.18,0,183.42,0.3,5.19,0.21,189.12,5.46,-1825.24,-0.3,-2.17000000000007
Oct 2048,337.92,4.4,104.03,110.44,1.06,1.92,2.29,0.0,3.76,0,-1.55,0,329.76,0.39,2.12,0.03,332.3,5.26,-1828.09,-0.2,-2.84999999999991
Nov 2048,377.31,4.8,133.83,141.06,0.98,1.92,2.29,0.0,4.2,0,-1.99,0,368.31,0.51,2.1,0.0,370.91,4.57,-1828.19,-0.69,-0.10000000000013601
Dec 2048,59.77,0.82,59.61,62.08,0.89,1.88,2.29,0.0,0.67,0,-0.89,0,58.28,0.23,2.1,0.0,60.61,3.82,-1828.27,-0.75,-0.0799999999999272
Jan 2049,89.98,1.32,67.72,69.79,1.09,1.08,2.29,0.0,1.0,0,-1.01,0,87.66,0.26,2.11,0.0,90.02,3.01,-1830.78,-0.81,-2.50999999999999
Feb 2049,65.05,0.99,70.78,72.57,1.06,1.08,2.3,0.0,0.72,0,-1.06,0,63.34,0.27,2.12,0.0,65.72,3.21,-1833.08,0.2,-2.29999999999995
Mar 2049,82.35,1.21,85.34,87.51,1.07,1.08,2.3,0.0,0.92,0,-1.27,0,80.23,0.32,2.13,0.0,82.68,3.36,-1835.7,0.15,-2.62000000000012
Apr 2049,152.02,2.35,147.69,151.39,1.38,1.09,2.34,0.02,1.69,0,-2.21,0,147.98,0.56,2.19,0.01,150.73,3.52,-1838.35,0.16,-2.64999999999986
May 2049,172.12,2.98,331.98,336.13,4.34,1.83,5.38,1.74,1.92,0,-4.96,0,167.23,1.26,5.37,0.23,174.09,3.93,-1841.19,0.41,-2.8400000000001495
Jun 2049,255.01,4.04,235.63,239.5,4.72,1.92,5.78,1.97,2.84,0,-3.52,0,248.13,0.9,5.8,0.3,255.13,4.72,-1848.09,0.79,-6.899999999999861
Jul 2049,186.11,3.79,93.1,94.82,5.33,2.21,6.94,2.62,2.07,0,-1.41,0,180.25,0.36,7.01,0.32,187.94,5.53,-1852.89,0.81,-4.800000000000179
Aug 2049,346.14,5.75,100.81,106.3,3.09,1.69,4.83,1.43,3.85,0,-1.52,0,336.54,0.39,4.79,0.27,341.99,5.96,-1856.86,0.43,-3.9699999999998
Sep 2049,345.0,4.91,102.54,108.15,2.16,1.71,3.79,0.83,3.84,0,-1.54,0,336.25,0.39,3.69,0.21,340.54,5.96,-1858.2,0.0,-1.34000000000015
Oct 2049,46.63,0.88,64.89,65.53,3.33,2.36,5.19,1.63,0.52,0,-0.97,0,45.23,0.25,5.14,0.13,50.75,5.67,-1859.05,-0.29,-0.849999999999909
Nov 2049,80.48,1.15,64.53,67.33,1.04,1.97,2.32,0.0,0.9,0,-0.96,0,78.43,0.25,2.14,0.0,80.82,5.05,-1863.2,-0.62,-4.15000000000009
Dec 2049,12.06,0.24,46.36,48.11,0.98,1.98,2.32,0.0,0.13,0,-0.69,0,11.69,0.18,2.13,0.0,14.0,4.3,-1865.58,-0.75,-2.37999999999988
Jan 2050,99.21,1.34,71.63,73.86,1.0,1.09,2.33,0.0,1.1,0,-1.07,0,96.77,0.27,2.14,0.0,99.17,3.49,-1868.46,-0.81,-2.8800000000001096
Feb 2050,76.37,1.12,67.37,69.26,1.06,1.09,2.33,0.0,0.85,0,-1.01,0,74.41,0.26,2.15,0.0,76.81,3.59,-1870.75,0.0999999999999996,-2.28999999999996
Mar 2050,247.71,3.93,106.01,110.46,1.76,1.09,2.33,0.0,2.76,0,-1.59,0,241.02,0.4,2.16,0.0,243.58,3.74,-1873.23,0.15,-2.48000000000002
Apr 2050,104.04,2.91,151.03,154.4,2.33,1.1,2.34,0.01,1.16,0,-2.27,0,99.97,0.58,2.19,0.0,102.73,4.58,-1874.39,0.84,-1.16000000000008
May 2050,215.44,6.92,295.82,304.45,3.42,1.8,5.23,1.64,2.4,0,-4.47,0,206.12,1.14,5.22,0.25,212.72,5.96,-1877.84,1.38,-3.44999999999982
Jun 2050,35.52,2.93,148.91,149.91,6.2,2.59,8.48,3.47,0.4,0,-2.25,0,32.2,0.57,8.62,0.33,41.72,5.96,-1883.75,0.0,-5.91000000000008
Jul 2050,432.4,6.35,127.87,134.3,3.04,1.69,4.78,1.38,4.81,0,-1.92,0,421.24,0.49,4.75,0.31,426.78,5.96,-1890.95,0.0,-7.20000000000005
Aug 2050,298.64,4.36,96.48,100.61,3.34,2.03,5.22,1.63,3.33,0,-1.45,0,290.95,0.37,5.2,0.27,296.78,5.96,-1891.76,0.0,-0.809999999999945
Sep 2050,38.86,0.78,57.14,56.74,5.16,3.34,7.07,2.68,0.43,0,-0.86,0,37.64,0.22,7.12,0.22,45.21,5.67,-1893.74,-0.29,-1.98000000000002
Oct 2050,47.45,0.77,42.81,44.04,2.22,2.2,3.9,0.88,0.53,0,-0.64,0,46.15,0.16,3.79,0.07,50.18,4.76,-1898.78,-0.91,-5.03999999999996
Nov 2050,42.04,0.62,48.1,50.26,1.0,2.0,2.36,0.0,0.47,0,-0.72,0,40.95,0.18,2.17,0.0,43.3,4.01,-1901.99,-0.75,-3.21000000000004
Dec 2050,128.61,1.71,69.69,73.16,1.01,2.0,2.36,0.0,1.43,0,-1.04,0,125.47,0.26,2.16,0.0,127.9,3.2,-1904.59,-0.81,-2.5999999999999104
Jan 2051,170.91,2.32,84.95,88.21,1.11,1.11,2.36,0.0,1.9,0,-1.27,0,166.69,0.32,2.17,0.0,169.18,2.4,-1906.55,-0.8,-1.96000000000004
Feb 2051,54.23,0.79,52.17,53.62,1.03,1.11,2.36,0.0,0.6,0,-0.78,0,52.84,0.2,2.17,0.0,55.21,2.59,-1908.28,0.19,-1.73000000000002
Mar 2051,44.28,0.76,60.66,62.09,1.12,1.11,2.37,0.0,0.49,0,-0.91,0,43.03,0.23,2.19,0.0,45.45,2.7,-1910.81,0.11,-2.52999999999997
Apr 2051,75.54,2.27,114.99,117.4,2.27,1.12,2.4,0.02,0.84,0,-1.73,0,72.43,0.44,2.24,0.0,75.11,2.88,-1913.59,0.18,-2.77999999999997
May 2051,67.39,3.64,196.42,198.08,6.33,2.13,6.56,2.37,0.75,0,-2.97,0,62.99,0.75,6.6,0.23,70.58,4.17,-1916.87,1.29,-3.27999999999997
Jun 2051,37.02,5.73,124.5,128.03,6.25,2.61,8.55,3.49,0.41,0,-1.93,0,30.88,0.49,8.69,0.34,40.4,5.96,-1923.51,1.79,-6.6400000000001
Jul 2051,267.22,5.54,80.17,84.51,4.12,2.01,6.06,2.09,2.98,0,-1.23,0,258.7,0.31,6.08,0.31,265.41,5.96,-1930.42,0.0,-6.91000000000008
Aug 2051,345.69,5.97,83.73,89.29,3.07,1.72,4.85,1.4,3.85,0,-1.27,0,335.87,0.32,4.81,0.26,341.27,5.96,-1932.95,0.0,-2.52999999999997
Sep 2051,220.1,3.65,60.07,62.92,3.28,1.79,5.14,1.56,2.45,0,-0.91,0,213.99,0.23,5.1,0.22,219.54,5.96,-1934.09,0.0,-1.13999999999987
Oct 2051,48.93,0.91,43.84,45.85,1.22,1.82,2.73,0.2,0.54,0,-0.66,0,47.47,0.17,2.56,0.02,50.22,5.93,-1936.34,-0.0300000000000002,-2.25
Nov 2051,346.48,4.52,104.55,111.12,0.92,1.81,2.39,0.0,3.86,0,-1.56,0,338.1,0.4,2.2,0.0,340.7,5.3,-1939.01,-0.63,-2.6700000000000697
Dec 2051,68.23,1.0,54.93,57.51,0.92,1.89,2.39,0.0,0.76,0,-0.82,0,66.47,0.21,2.2,0.0,68.87,4.6,-1939.1,-0.7,-0.0899999999999181
Jan 2052,26.96,0.64,35.3,36.23,1.23,1.13,2.4,0.0,0.3,0,-0.53,0,26.02,0.13,2.2,0.0,28.36,3.83,-1941.55,-0.77,-2.45000000000005
Feb 2052,36.91,0.81,38.92,40.02,1.28,1.13,2.4,0.0,0.41,0,-0.58,0,35.68,0.15,2.21,0.0,38.04,4.12,-1944.17,0.29,-2.62000000000012
Mar 2052,41.15,1.41,78.35,79.95,1.83,1.13,2.4,0.0,0.46,0,-1.18,0,39.28,0.3,2.23,0.0,41.81,4.46,-1946.74,0.34,-2.56999999999994
Apr 2052,133.75,4.06,135.63,140.75,1.61,1.13,2.41,0.01,1.49,0,-2.06,0,128.2,0.52,2.25,0.0,130.97,5.33,-1949.86,0.87,-3.1199999999998904
May 2052,117.12,4.31,174.52,178.77,4.02,2.0,5.98,2.02,1.3,0,-2.64,0,111.51,0.67,5.98,0.23,118.39,5.96,-1952.83,0.63,-2.97000000000003
Jun 2052,20.11,4.25,110.0,111.84,6.33,2.65,8.66,3.54,0.22,0,-1.7,0,15.64,0.43,8.8,0.33,25.2,5.96,-1958.35,0.0,-5.519999999999981
Jul 2052,298.31,4.91,110.11,114.36,3.84,1.94,5.76,1.89,3.32,0,-1.66,0,290.09,0.42,5.76,0.3,296.57,5.96,-1965.28,0.0,-6.930000000000059
Aug 2052,404.15,6.67,113.06,119.95,2.67,1.62,4.4,1.12,4.5,0,-1.71,0,392.98,0.43,4.33,0.26,398.01,5.96,-1967.78,0.0,-2.5
Sep 2052,6.94,0.68,19.57,18.38,5.27,3.18,7.49,2.87,0.08,0,-0.3,0,6.19,0.08,7.54,0.22,14.03,5.96,-1968.53,0.0,-0.75
Oct 2052,104.68,1.6,64.5,67.27,1.66,2.11,3.05,0.36,1.17,0,-0.96,0,101.91,0.25,2.89,0.04,105.1,5.12,-1973.59,-0.84,-5.05999999999995
Nov 2052,84.5,1.2,56.17,58.98,1.08,2.06,2.43,0.0,0.94,0,-0.84,0,82.36,0.21,2.23,0.0,84.81,4.47,-1976.13,-0.65,-2.5400000000001897
Dec 2052,19.81,0.4,44.5,46.38,1.09,2.07,2.43,0.0,0.22,0,-0.66,0,19.19,0.17,2.23,0.0,21.59,3.67,-1978.45,-0.8,-2.31999999999994
Jan 2053,145.67,1.99,78.24,81.12,1.12,1.14,2.43,0.0,1.62,0,-1.17,0,142.05,0.3,2.23,0.0,144.58,2.89,-1981.32,-0.78,-2.8699999999998904
Feb 2053,112.56,1.54,59.6,61.87,1.09,1.14,2.44,0.0,1.25,0,-0.89,0,109.77,0.23,2.25,0.0,112.24,3.07,-1983.29,0.18,-1.9700000000000302
Mar 2053,87.42,1.22,69.76,71.83,1.07,1.15,2.44,0.0,0.97,0,-1.04,0,85.22,0.26,2.26,0.0,87.75,3.2,-1985.36,0.13,-2.06999999999994
Apr 2053,96.12,1.82,97.78,100.07,1.85,1.23,2.78,0.19,1.07,0,-1.47,0,93.23,0.37,2.63,0.03,96.26,3.3,-1987.86,0.0999999999999996,-2.5
May 2053,175.73,2.96,113.54,115.32,4.34,1.89,5.52,1.74,1.96,0,-1.7,0,170.81,0.43,5.5,0.24,176.98,3.87,-1990.87,0.57,-3.0099999999999905
Jun 2053,113.58,2.86,64.9,64.31,6.51,2.33,7.29,2.74,1.26,0,-0.99,0,109.45,0.25,7.36,0.3,117.37,4.59,-1994.63,0.72,-3.76000000000022
Jul 2053,317.78,5.05,65.86,69.84,3.75,1.93,5.67,1.83,3.54,0,-1.0,0,309.19,0.25,5.67,0.31,315.41,5.96,-1999.2,1.37,-4.569999999999941
Aug 2053,264.45,3.57,76.85,80.17,3.7,2.6,5.68,1.83,2.94,0,-1.15,0,257.94,0.29,5.67,0.27,264.17,5.96,-2000.81,0.0,-1.6099999999999
Sep 2053,122.36,1.96,39.48,40.42,4.04,2.58,6.04,2.03,1.36,0,-0.59,0,119.04,0.15,6.02,0.21,125.42,5.25,-2003.14,-0.71,-2.3300000000001497
Oct 2053,174.16,2.36,77.69,81.85,1.16,2.09,2.49,0.02,1.94,0,-1.16,0,169.86,0.3,2.3,0.01,172.46,4.7,-2006.59,-0.55,-3.44999999999982
Nov 2053,59.44,1.86,54.67,57.18,2.03,2.06,2.46,0.0,0.66,0,-0.83,0,56.91,0.21,2.26,0.0,59.39,3.94,-2008.29,-0.76,-1.7000000000000501
Dec 2053,54.84,1.48,55.97,58.43,0.95,1.31,2.47,0.0,0.61,0,-0.85,0,52.75,0.22,2.26,0.0,55.23,4.11,-2010.91,0.17,-2.62000000000012
Jan 2054,131.97,2.23,85.76,88.56,1.55,1.16,2.47,0.0,1.47,0,-1.29,0,128.27,0.33,2.27,0.0,130.87,3.95,-2013.61,-0.16,-2.69999999999982
Feb 2054,39.38,1.18,60.36,61.73,1.64,1.16,2.47,0.0,0.44,0,-0.91,0,37.76,0.23,2.28,0.0,40.27,4.53,-2015.89,0.58,-2.2800000000002
Mar 2054,67.05,1.64,82.95,84.94,1.75,1.16,2.48,0.0,0.75,0,-1.25,0,64.66,0.32,2.29,0.0,67.27,5.2,-2018.83,0.67,-2.9399999999998303
Apr 2054,234.32,3.43,210.61,216.55,1.0,1.17,2.48,0.0,2.61,0,-3.14,0,228.28,0.8,2.31,0.0,231.39,5.96,-2021.81,0.76,-2.9800000000000204
May 2054,177.37,3.79,208.5,213.48,2.83,1.68,4.61,1.21,1.97,0,-3.13,0,171.61,0.8,4.55,0.18,177.13,5.96,-2024.82,0.0,-3.0099999999999905
Jun 2054,70.52,2.54,181.76,183.21,5.6,2.47,7.85,3.04,0.79,0,-2.73,0,67.19,0.69,7.94,0.3,76.13,5.96,-2029.55,0.0,-4.73000000000002
Jul 2054,242.67,4.34,117.35,120.83,4.28,2.1,6.31,2.16,2.7,0,-1.77,0,235.64,0.45,6.32,0.3,242.71,5.96,-2036.61,0.0,-7.05999999999995
Aug 2054,255.02,4.09,90.22,93.58,3.75,2.01,5.74,1.84,2.84,0,-1.36,0,248.09,0.35,5.73,0.27,254.42,5.96,-2040.12,0.0,-3.5099999999999905
Sep 2054,366.65,5.02,126.02,132.34,2.08,1.98,3.79,0.73,4.08,0,-1.88,0,357.54,0.48,3.67,0.2,361.9,5.88,-2042.8,-0.0800000000000001,-2.68000000000006
Oct 2054,39.15,1.33,50.38,52.05,1.75,1.52,3.4,0.52,0.44,0,-0.76,0,37.38,0.19,3.26,0.04,40.87,5.36,-2043.86,-0.52,-1.0599999999999499
Nov 2054,178.38,2.87,109.57,114.17,0.97,1.49,2.5,0.0,1.99,0,-1.64,0,173.52,0.42,2.3,0.0,176.24,5.22,-2047.12,-0.140000000000001,-3.2599999999999905
Dec 2054,48.48,1.14,80.45,83.12,0.97,1.61,2.5,0.0,0.54,0,-1.21,0,46.8,0.31,2.3,0.0,49.41,4.9,-2049.27,-0.31999999999999895,-2.15000000000009
Jan 2055,169.84,2.98,121.88,125.56,1.84,1.18,2.51,0.0,1.89,0,-1.83,0,164.97,0.47,2.31,0.0,167.74,4.46,-2052.43,-0.44,-3.1599999999998505
Feb 2055,53.25,1.15,71.41,73.08,1.45,1.18,2.51,0.0,0.59,0,-1.07,0,51.51,0.27,2.31,0.0,54.09,5.32,-2054.87,0.86,-2.4400000000000497
Mar 2055,294.43,4.61,172.92,179.47,1.18,1.18,2.51,0.0,3.28,0,-2.59,0,286.54,0.66,2.33,0.0,289.53,5.79,-2057.86,0.47,-2.99000000000024
Apr 2055,48.85,2.23,260.6,265.91,1.03,1.19,2.53,0.01,0.54,0,-3.9,0,46.07,0.99,2.36,0.0,49.43,5.96,-2059.68,0.17,-1.81999999999971
May 2055,157.84,5.13,447.54,455.85,3.79,1.97,5.77,1.84,1.76,0,-6.71,0,150.95,1.71,5.75,0.23,158.64,5.96,-2065.56,0.0,-5.880000000000111
Jun 2055,223.89,3.95,466.65,473.74,4.13,2.06,6.14,2.05,2.49,0,-6.97,0,217.44,1.77,6.15,0.29,225.66,5.96,-2074.67,0.0,-9.11000000000013
Jul 2055,253.14,3.72,292.11,297.42,4.17,2.51,6.24,2.11,2.82,0,-4.36,0,246.59,1.11,6.25,0.3,254.25,5.96,-2083.52,0.0,-8.84999999999991
Aug 2055,88.09,2.24,175.31,176.68,5.34,2.52,7.62,2.89,0.98,0,-2.63,0,84.87,0.67,7.68,0.28,93.5,5.51,-2089.5,-0.45,-5.980000000000019
Sep 2055,87.77,1.63,153.82,155.47,4.4,2.71,6.52,2.26,0.98,0,-2.3,0,85.17,0.58,6.52,0.21,92.48,5.4,-2096.16,-0.10999999999999902,-6.65999999999985
Oct 2055,78.62,1.16,110.46,113.58,1.45,2.19,2.97,0.25,0.88,0,-1.65,0,76.59,0.42,2.8,0.03,79.83,4.83,-2101.96,-0.57,-5.80000000000018
Nov 2055,42.27,0.63,64.96,67.4,1.08,2.17,2.54,0.0,0.47,0,-0.97,0,41.17,0.25,2.33,0.0,43.75,4.01,-2105.48,-0.82,-3.5199999999999796
Dec 2055,21.84,0.33,52.65,54.7,1.04,2.17,2.54,0.0,0.24,0,-0.78,0,21.27,0.2,2.33,0.0,23.8,3.13,-2108.51,-0.88,-3.0300000000002
Jan 2056,227.25,2.9,116.01,120.33,1.06,1.2,2.54,0.0,2.53,0,-1.73,0,221.82,0.44,2.34,0.0,224.6,2.21,-2111.59,-0.92,-3.0799999999999303
Feb 2056,84.35,1.25,68.95,70.98,1.19,1.2,2.55,0.0,0.94,0,-1.03,0,82.16,0.26,2.35,0.0,84.76,2.28,-2113.33,0.0699999999999998,-1.7399999999997802
Mar 2056,54.52,0.84,80.68,82.47,1.14,1.2,2.55,0.0,0.61,0,-1.2,0,53.08,0.31,2.36,0.0,55.74,2.46,-2115.96,0.18,-2.63000000000011
Apr 2056,143.34,2.03,180.09,184.09,1.24,1.2,2.55,0.0,1.6,0,-2.69,0,139.71,0.68,2.37,0.0,142.77,2.59,-2119.11,0.13,-3.15000000000009
May 2056,83.95,1.42,357.49,361.24,3.7,2.06,4.99,1.38,0.93,0,-5.33,0,81.59,1.36,4.93,0.15,88.03,2.81,-2122.75,0.22,-3.63999999999987
Jun 2056,46.19,1.59,200.97,201.45,6.46,3.11,8.38,3.3,0.51,0,-3.01,0,44.09,0.77,8.48,0.32,53.66,3.13,-2130.9,0.32,-8.15000000000009
Jul 2056,282.31,4.08,139.71,143.86,3.94,2.45,6.04,1.97,3.14,0,-2.09,0,275.08,0.53,6.02,0.3,281.93,3.09,-2138.8,-0.04,-7.900000000000089
Aug 2056,249.66,3.72,123.37,127.02,3.82,2.38,5.89,1.89,2.78,0,-1.85,0,243.16,0.47,5.86,0.27,249.75,2.63,-2142.11,-0.46,-3.30999999999995
Sep 2056,115.53,1.95,82.38,83.76,4.04,2.55,6.15,2.03,1.29,0,-1.23,0,112.29,0.31,6.12,0.2,118.93,2.22,-2145.46,-0.41,-3.34999999999991
Oct 2056,38.6,1.13,41.24,42.95,2.24,2.36,3.29,0.41,0.43,0,-0.62,0,37.04,0.16,3.11,0.03,40.35,1.71,-2149.73,-0.51,-4.26999999999998
Nov 2056,125.62,2.14,94.88,98.43,1.57,1.92,2.58,0.0,1.4,0,-1.42,0,122.08,0.36,2.36,0.0,124.81,1.36,-2152.84,-0.35,-3.11000000000013
Dec 2056,127.69,2.11,84.13,86.88,1.52,1.21,2.58,0.0,1.42,0,-1.26,0,124.16,0.32,2.36,0.0,126.84,1.21,-2155.43,-0.15,-2.58999999999969
Jan 2057,42.79,1.03,45.79,47.06,1.5,1.22,2.58,0.0,0.48,0,-0.69,0,41.28,0.18,2.36,0.0,43.82,1.73,-2157.85,0.52,-2.4200000000000697
Feb 2057,29.53,1.0,52.33,53.5,1.63,1.22,2.59,0.0,0.33,0,-0.79,0,28.2,0.2,2.39,0.0,30.78,2.23,-2160.64,0.5,-2.78999999999996
Mar 2057,104.15,1.99,99.75,102.37,1.7,1.22,2.59,0.0,1.16,0,-1.5,0,101.01,0.38,2.4,0.0,103.79,2.84,-2163.68,0.61,-3.03999999999996
Apr 2057,23.23,1.31,99.36,100.83,2.24,1.28,2.85,0.15,0.26,0,-1.49,0,21.65,0.38,2.69,0.01,24.74,3.5,-2166.61,0.66,-2.93000000000029
May 2057,4.78,2.21,112.2,110.93,7.33,2.58,8.21,3.18,0.05,0,-1.7,0,2.52,0.43,8.3,0.29,11.53,4.48,-2170.56,0.98,-3.94999999999982
Jun 2057,62.65,1.96,56.91,56.42,5.99,2.91,8.41,3.29,0.7,0,-0.86,0,60.0,0.22,8.52,0.33,69.07,5.96,-2177.53,1.48,-6.97000000000025
Jul 2057,220.3,3.54,27.69,29.45,4.59,2.49,6.77,2.36,2.45,0,-0.42,0,214.3,0.11,6.79,0.31,221.51,5.65,-2183.15,-0.31,-5.619999999999889
Aug 2057,133.12,2.01,48.68,49.61,4.97,3.34,7.22,2.62,1.48,0,-0.73,0,129.63,0.19,7.25,0.28,137.34,5.37,-2185.84,-0.28,-2.69000000000005
Sep 2057,99.55,1.42,37.06,37.53,4.37,3.0,6.57,2.24,1.11,0,-0.55,0,97.02,0.14,6.54,0.22,103.93,4.35,-2189.97,-1.02,-4.12999999999965
Oct 2057,76.58,0.96,52.5,54.98,1.41,2.34,3.08,0.27,0.85,0,-0.78,0,74.77,0.2,2.89,0.03,77.89,3.5,-2193.96,-0.85,-3.99000000000024
Nov 2057,82.65,1.03,58.28,61.18,1.01,2.23,2.62,0.0,0.92,0,-0.87,0,80.7,0.22,2.4,0.0,83.32,2.48,-2196.73,-1.02,-2.7699999999999796
Dec 2057,84.36,1.24,59.08,62.02,1.2,2.24,2.62,0.0,0.94,0,-0.88,0,82.18,0.22,2.4,0.0,84.8,1.47,-2199.29,-1.01,-2.5599999999999503
Jan 2058,31.76,0.67,37.28,38.32,1.29,1.24,2.62,0.0,0.35,0,-0.56,0,30.74,0.14,2.41,0.0,33.29,0.65,-2201.85,-0.82,-2.5599999999999503
Feb 2058,63.32,0.93,51.5,53.09,1.16,1.24,2.63,0.0,0.71,0,-0.77,0,61.69,0.2,2.41,0.0,64.3,0.92,-2204.67,0.27,-2.82000000000016
Mar 2058,45.1,0.69,59.74,61.19,1.14,1.24,2.63,0.0,0.5,0,-0.89,0,43.91,0.23,2.43,0.0,46.56,1.05,-2207.36,0.13,-2.69000000000005
Apr 2058,97.25,4.24,133.59,136.52,4.08,1.25,2.66,0.02,1.08,0,-2.03,0,91.92,0.52,2.47,0.0,94.91,1.15,-2210.37,0.0999999999999999,-3.00999999999976
May 2058,120.26,4.31,173.51,175.91,6.0,2.13,6.29,2.07,1.34,0,-2.63,0,114.61,0.67,6.28,0.24,121.79,4.15,-2213.96,3.0,-3.5900000000001495
Jun 2058,121.95,3.39,140.82,143.02,5.19,2.41,7.45,2.72,1.36,0,-2.12,0,117.2,0.54,7.5,0.3,125.54,5.96,-2219.71,1.81,-5.75
Jul 2058,425.95,7.23,160.97,168.77,3.04,1.8,4.93,1.3,4.74,0,-2.43,0,413.98,0.62,4.87,0.29,419.76,5.96,-2225.5,0.0,-5.789999999999959
Aug 2058,224.1,3.89,75.89,78.68,4.04,2.09,6.12,1.97,2.5,0,-1.15,0,217.71,0.29,6.1,0.26,224.37,5.96,-2227.11,0.0,-1.61000000000013
Sep 2058,110.62,2.16,61.68,62.74,4.16,2.38,6.34,2.09,1.23,0,-0.93,0,107.23,0.24,6.31,0.21,113.99,5.96,-2230.17,0.0,-3.05999999999995
Oct 2058,9.2,2.27,32.77,34.78,2.13,1.48,3.58,0.53,0.1,0,-0.52,0,6.83,0.13,3.42,0.04,10.42,5.68,-2234.33,-0.28,-4.15999999999985
Nov 2058,327.87,4.59,103.34,109.8,1.03,1.76,2.66,0.0,3.65,0,-1.55,0,319.64,0.39,2.44,0.0,322.47,5.96,-2237.84,0.28,-3.51000000000022
Dec 2058,74.77,1.48,59.25,62.09,1.03,1.73,2.66,0.0,0.83,0,-0.89,0,72.46,0.23,2.44,0.0,75.13,5.45,-2238.38,-0.51,-0.5399999999999641
Jan 2059,46.55,0.97,51.55,52.93,1.42,1.25,2.66,0.0,0.52,0,-0.77,0,45.07,0.2,2.45,0.0,47.71,4.97,-2241.1,-0.48,-2.7199999999998
Feb 2059,53.22,0.97,62.85,64.44,1.34,1.26,2.67,0.0,0.59,0,-0.94,0,51.66,0.24,2.46,0.0,54.35,5.35,-2244.01,0.38,-2.91000000000031
Mar 2059,23.54,1.16,97.75,99.87,1.39,1.26,2.67,0.0,0.26,0,-1.47,0,22.12,0.37,2.47,0.0,24.96,5.63,-2247.02,0.28,-3.00999999999976
Apr 2059,143.94,2.38,165.72,170.1,1.11,1.27,2.71,0.02,1.6,0,-2.48,0,139.96,0.63,2.53,0.0,143.12,5.96,-2250.89,0.33,-3.8699999999998904
May 2059,297.98,4.26,184.42,189.64,2.86,1.76,4.74,1.17,3.32,0,-2.75,0,290.4,0.7,4.66,0.25,296.01,5.96,-2254.45,0.0,-3.55999999999995
Jun 2059,255.73,6.55,71.98,77.47,3.97,2.08,6.04,1.91,2.85,0,-1.12,0,246.33,0.29,6.03,0.29,252.94,5.96,-2257.71,0.0,-3.26000000000022
Jul 2059,301.39,5.73,71.54,76.21,3.94,2.07,6.02,1.89,3.36,0,-1.09,0,292.3,0.28,6.0,0.3,298.89,5.96,-2260.41,0.0,-2.69999999999982
Aug 2059,591.55,8.61,149.31,159.07,2.05,1.54,3.81,0.64,6.59,0,-2.24,0,576.36,0.57,3.69,0.26,580.87,5.96,-2262.58,0.0,-2.17000000000007
Sep 2059,25.16,3.1,37.95,38.7,5.27,2.46,7.6,2.78,0.28,0,-0.61,0,21.78,0.15,7.62,0.23,29.78,5.96,-2261.66,0.0,0.920000000000073
Oct 2059,0.71,0.6,30.04,30.62,2.51,2.14,4.4,0.97,0.01,0,-0.46,0,0.1,0.12,4.27,0.07,4.56,5.96,-2267.03,0.0,-5.370000000000349
Nov 2059,23.17,1.63,49.08,51.19,1.35,1.27,2.7,0.0,0.26,0,-0.75,0,21.28,0.19,2.48,0.0,23.96,5.49,-2270.98,-0.47,-3.94999999999982
Dec 2059,151.26,2.94,84.32,88.41,1.07,1.27,2.7,0.0,1.68,0,-1.27,0,146.64,0.32,2.48,0.0,149.44,5.77,-2274.16,0.27999999999999897,-3.17999999999984
Jan 2060,81.23,1.58,60.37,62.66,1.24,1.27,2.7,0.0,0.9,0,-0.91,0,78.74,0.23,2.48,0.0,81.46,5.78,-2276.45,0.0100000000000007,-2.28999999999996
Feb 2060,25.31,0.93,44.99,46.63,1.07,1.28,2.71,0.0,0.28,0,-0.68,0,24.1,0.17,2.5,0.0,26.77,5.96,-2279.15,0.18,-2.70000000000027
Mar 2060,128.08,2.4,114.05,117.93,1.08,1.28,2.71,0.0,1.43,0,-1.71,0,124.25,0.44,2.51,0.0,127.19,5.96,-2282.25,0.0,-3.09999999999991
Apr 2060,42.86,2.31,120.61,124.26,1.37,1.36,3.03,0.18,0.48,0,-1.82,0,40.08,0.46,2.86,0.02,43.42,5.96,-2285.24,0.0,-2.98999999999978
May 2060,88.33,5.17,177.97,182.75,4.72,2.31,6.95,2.4,0.98,0,-2.71,0,82.18,0.69,6.96,0.25,90.08,5.96,-2289.45,0.0,-4.21000000000004
Jun 2060,85.88,2.21,121.6,122.27,5.66,2.76,8.09,3.04,0.96,0,-1.83,0,82.72,0.47,8.16,0.32,91.66,5.96,-2295.98,0.0,-6.5300000000002
Jul 2060,400.74,6.54,98.5,104.52,3.54,1.91,5.31,1.47,4.46,0,-1.49,0,389.74,0.38,5.26,0.3,395.68,5.75,-2302.22,-0.21,-6.239999999999781
Aug 2060,286.19,4.31,111.22,115.46,3.65,2.33,5.75,1.71,3.19,0,-1.67,0,278.69,0.42,5.7,0.27,285.09,5.96,-2303.4,0.21,-1.18000000000029
Sep 2060,299.85,4.06,83.76,88.62,2.56,2.42,4.5,1.0,3.34,0,-1.25,0,292.46,0.32,4.38,0.2,297.36,5.61,-2306.18,-0.35,-2.7799999999997502
Oct 2060,40.5,0.71,33.68,35.04,2.18,2.45,4.05,0.75,0.45,0,-0.5,0,39.34,0.13,3.9,0.06,43.43,4.86,-2307.79,-0.75,-1.61000000000013
Nov 2060,85.34,1.15,57.04,60.02,1.15,2.34,2.74,0.0,0.95,0,-0.85,0,83.24,0.22,2.52,0.0,85.97,3.98,-2311.21,-0.88,-3.4200000000000697
Dec 2060,70.37,0.96,55.87,58.65,1.14,2.35,2.74,0.0,0.78,0,-0.83,0,68.63,0.21,2.52,0.0,71.35,3.0,-2313.84,-0.98,-2.63000000000011
Jan 2061,29.8,0.45,42.18,43.25,1.14,1.29,2.74,0.0,0.33,0,-0.63,0,29.02,0.16,2.52,0.0,31.7,2.02,-2316.63,-0.98,-2.78999999999996
Feb 2061,67.45,0.96,55.19,56.87,1.18,1.3,2.75,0.0,0.75,0,-0.82,0,65.75,0.21,2.53,0.0,68.49,2.09,-2319.67,0.0699999999999998,-3.03999999999996
Mar 2061,186.2,2.4,99.14,102.78,1.16,1.3,2.75,0.0,2.07,0,-1.48,0,181.72,0.38,2.54,0.0,184.64,2.19,-2322.48,0.1,-2.80999999999995
Apr 2061,90.95,1.18,46.58,48.34,1.28,1.35,2.94,0.11,1.01,0,-0.69,0,88.75,0.18,2.76,0.02,91.71,2.25,-2324.64,0.0600000000000001,-2.15999999999985
May 2061,89.78,1.25,83.52,83.2,6.01,3.51,7.02,2.42,1.0,0,-1.25,0,87.53,0.32,7.03,0.26,95.14,2.26,-2327.17,0.00999999999999979,-2.5300000000002
Jun 2061,31.52,0.8,49.37,48.0,6.25,3.52,8.72,3.37,0.35,0,-0.74,0,30.37,0.19,8.8,0.32,39.68,2.32,-2332.28,0.0600000000000001,-5.11000000000013
Jul 2061,366.48,6.77,79.99,85.08,5.45,2.85,5.54,1.57,4.08,0,-1.22,0,355.63,0.31,5.46,0.3,361.7,1.6,-2338.33,-0.72,-6.049999999999731
Aug 2061,209.44,3.52,16.58,18.34,4.33,2.38,6.61,2.17,2.33,0,-0.26,0,203.59,0.07,6.59,0.28,210.53,2.71,-2339.74,1.11,-1.40999999999985
Sep 2061,244.81,3.39,46.06,49.4,3.19,2.62,5.26,1.41,2.73,0,-0.69,0,238.7,0.18,5.17,0.22,244.27,2.5,-2342.38,-0.21,-2.64000000000033
Oct 2061,181.49,2.46,48.42,51.41,1.47,1.46,3.03,0.15,2.02,0,-0.72,0,177.02,0.18,2.83,0.04,180.06,1.73,-2344.41,-0.77,-2.02999999999975
Nov 2061,32.61,0.55,37.43,38.49,1.22,1.31,2.78,0.0,0.36,0,-0.56,0,31.7,0.14,2.55,0.0,34.39,1.8,-2346.03,0.0700000000000001,-1.6200000000003503
Dec 2061,128.04,1.74,69.3,71.95,1.17,1.31,2.78,0.0,1.43,0,-1.03,0,124.87,0.26,2.55,0.0,127.68,1.94,-2349.0,0.14,-2.9699999999998
Jan 2062,48.59,0.72,43.51,44.83,1.2,1.32,2.79,0.0,0.54,0,-0.65,0,47.32,0.17,2.55,0.0,50.04,2.02,-2351.39,0.0800000000000001,-2.38999999999987
Feb 2062,21.3,0.4,38.1,39.03,1.21,1.32,2.79,0.0,0.24,0,-0.57,0,20.67,0.14,2.57,0.0,23.39,2.14,-2354.28,0.12,-2.89000000000033
Mar 2062,20.73,0.26,49.88,50.93,1.08,1.32,2.79,0.0,0.23,0,-0.74,0,20.24,0.19,2.59,0.0,23.02,2.25,-2357.4,0.11,-3.1199999999998904
Apr 2062,59.52,0.81,47.48,48.83,1.38,1.38,3.06,0.15,0.66,0,-0.71,0,58.05,0.18,2.88,0.02,61.12,2.22,-2360.7,-0.0299999999999998,-3.29999999999973
May 2062,77.61,1.38,66.93,66.38,5.74,3.06,6.9,2.32,0.86,0,-1.0,0,75.37,0.26,6.9,0.24,82.76,2.24,-2363.67,0.02,-2.9700000000002498
Jun 2062,146.57,2.37,57.94,58.92,5.22,3.19,7.42,2.62,1.63,0,-0.87,0,142.57,0.22,7.45,0.31,150.55,2.6,-2368.62,0.36,-4.949999999999821
Jul 2062,232.35,3.7,22.7,24.8,4.39,2.54,6.69,2.2,2.59,0,-0.35,0,226.06,0.09,6.67,0.3,233.11,1.99,-2372.98,-0.61,-4.36000000000013
Aug 2062,435.61,6.33,72.75,79.25,3.2,2.55,4.53,0.98,4.85,0,-1.1,0,424.43,0.28,4.41,0.26,429.37,1.68,-2375.53,-0.31,-2.55000000000018
Sep 2062,88.65,1.74,15.69,15.7,4.79,2.88,7.09,2.42,0.99,0,-0.24,0,85.93,0.06,7.07,0.23,93.29,1.47,-2375.59,-0.21,-0.0599999999999454
Oct 2062,302.35,3.86,77.56,83.01,1.18,1.9,2.82,0.0,3.37,0,-1.16,0,295.12,0.29,2.6,0.05,298.06,0.98,-2379.74,-0.49,-4.14999999999964
Nov 2062,23.69,0.37,38.12,39.07,1.17,1.33,2.82,0.0,0.26,0,-0.57,0,23.06,0.14,2.58,0.0,25.79,0.47,-2380.39,-0.51,-0.6500000000000911
Dec 2062,19.41,0.33,41.92,42.87,1.19,1.33,2.83,0.0,0.22,0,-0.63,0,18.86,0.16,2.59,0.0,21.61,0.54,-2383.52,0.0700000000000001,-3.1300000000001096
Jan 2063,185.34,2.37,89.95,93.49,1.17,1.34,2.83,0.0,2.06,0,-1.34,0,180.91,0.34,2.59,0.0,183.84,0.63,-2386.75,0.09,-3.2300000000000204
Feb 2063,53.27,0.74,47.19,48.62,1.18,1.34,2.83,0.0,0.59,0,-0.7,0,51.93,0.18,2.6,0.0,54.72,0.69,-2388.85,0.0599999999999999,-2.09999999999991
Mar 2063,131.66,1.69,88.77,91.63,1.15,1.34,2.84,0.0,1.47,0,-1.32,0,128.5,0.34,2.62,0.0,131.46,0.76,-2391.79,0.0700000000000001,-2.94000000000005
Apr 2063,44.49,0.61,64.66,66.14,1.2,1.35,2.88,0.03,0.5,0,-0.96,0,43.39,0.25,2.65,0.0,46.29,0.79,-2394.48,0.03,-2.69000000000005
May 2063,106.38,1.41,80.66,80.74,5.34,3.11,6.75,2.22,1.18,0,-1.2,0,103.79,0.31,6.69,0.24,111.03,0.84,-2397.81,0.0499999999999999,-3.3299999999999303
Jun 2063,118.19,1.65,63.15,63.78,5.07,3.35,7.51,2.64,1.32,0,-0.94,0,115.22,0.24,7.51,0.29,123.26,0.91,-2402.61,0.0700000000000001,-4.800000000000179
Jul 2063,324.93,4.26,66.64,70.02,3.71,2.09,5.92,1.74,3.62,0,-1.0,0,317.06,0.25,5.8,0.3,323.41,0.0,-2407.4,-0.91,-4.78999999999996
Aug 2063,296.4,3.94,60.19,63.24,3.63,2.07,5.82,1.68,3.3,0,-0.9,0,289.16,0.23,5.7,0.27,295.36,0.0,-2409.25,0.0,-1.84999999999991
Sep 2063,22.13,0.37,14.9,12.77,5.18,2.51,7.64,2.71,0.25,0,-0.22,0,21.51,0.06,7.6,0.22,29.38,0.0,-2411.26,0.0,-2.01000000000022
Oct 2063,47.32,0.78,22.91,23.49,2.1,1.63,4.02,0.66,0.53,0,-0.34,0,46.01,0.09,3.82,0.06,49.98,0.0,-2416.39,0.0,-5.12999999999965
Nov 2063,173.98,2.35,91.05,94.48,1.28,1.35,2.87,0.0,1.94,0,-1.36,0,169.69,0.35,2.62,0.0,172.66,0.0,-2419.63,0.0,-3.24000000000024
Dec 2063,101.71,1.36,73.94,76.28,1.2,1.36,2.87,0.0,1.13,0,-1.1,0,99.22,0.28,2.62,0.0,102.12,0.17,-2421.91,0.17,-2.27999999999975
Jan 2064,106.05,1.44,65.14,67.42,1.24,1.36,2.87,0.0,1.18,0,-0.97,0,103.43,0.25,2.63,0.0,106.31,0.26,-2424.75,0.09,-2.8400000000001495
Feb 2064,103.96,1.45,73.33,75.68,1.27,1.36,2.88,0.0,1.16,0,-1.09,0,101.36,0.28,2.64,0.0,104.28,0.38,-2427.41,0.12,-2.65999999999985
Mar 2064,20.18,0.38,51.88,52.95,1.24,1.36,2.88,0.0,0.22,0,-0.77,0,19.57,0.2,2.66,0.0,22.43,0.52,-2430.22,0.14,-2.80999999999995
Apr 2064,66.34,1.11,83.5,85.48,1.44,1.37,2.92,0.02,0.74,0,-1.25,0,64.49,0.32,2.68,0.0,67.49,0.62,-2433.64,0.1,-3.4200000000000697
May 2064,142.25,3.82,165.01,166.8,6.08,2.19,6.29,1.93,1.58,0,-2.49,0,136.84,0.63,6.2,0.23,143.91,0.91,-2437.05,0.29,-3.41000000000031
Jun 2064,331.33,5.03,167.31,173.06,3.36,2.22,5.49,1.47,3.69,0,-2.5,0,322.62,0.64,5.42,0.29,328.96,2.95,-2442.55,2.04,-5.5
Jul 2064,360.49,6.85,112.48,117.88,4.77,2.05,5.69,1.58,4.01,0,-1.71,0,349.63,0.44,5.63,0.3,355.98,2.68,-2445.67,-0.27,-3.1199999999998904
Aug 2064,207.82,4.8,68.85,71.34,5.36,2.26,6.58,2.08,2.31,0,-1.06,0,200.7,0.27,6.54,0.27,207.78,3.88,-2447.77,1.2,-2.09999999999991
Sep 2064,152.54,3.13,79.96,81.99,4.21,2.22,6.4,1.98,1.7,0,-1.21,0,147.72,0.31,6.35,0.22,154.6,4.93,-2451.27,1.05,-3.5
Oct 2064,86.58,1.43,64.97,67.19,2.46,2.52,4.47,0.89,0.96,0,-0.97,0,84.19,0.25,4.33,0.09,88.85,4.99,-2455.42,0.0600000000000005,-4.15000000000009
Nov 2064,30.96,0.58,57.52,59.91,1.19,2.36,2.91,0.0,0.34,0,-0.86,0,30.03,0.22,2.68,0.0,32.93,4.18,-2459.1,-0.81,-3.67999999999984
Dec 2064,62.5,1.0,67.25,70.15,1.14,2.28,2.91,0.0,0.7,0,-1.0,0,60.81,0.26,2.68,0.0,63.74,3.24,-2462.52,-0.94,-3.4200000000000697
Jan 2065,44.66,1.05,56.12,57.55,1.63,1.38,2.92,0.0,0.5,0,-0.84,0,43.12,0.21,2.68,0.0,46.01,2.32,-2465.74,-0.92,-3.2199999999998
Feb 2065,137.38,2.25,93.65,96.64,1.68,1.38,2.92,0.0,1.53,0,-1.4,0,133.61,0.36,2.69,0.0,136.65,2.8,-2469.0,0.48,-3.26000000000022
Mar 2065,98.6,2.66,111.57,114.29,2.58,1.38,2.93,0.0,1.1,0,-1.68,0,94.84,0.43,2.7,0.0,97.97,3.33,-2471.79,0.53,-2.78999999999996
Apr 2065,74.41,2.92,223.29,227.62,2.51,1.41,3.04,0.07,0.83,0,-3.35,0,70.65,0.85,2.85,0.01,74.36,4.74,-2475.29,1.41,-3.5
May 2065,90.91,4.25,271.0,276.02,4.64,2.37,6.98,2.29,1.01,0,-4.08,0,85.65,1.04,6.96,0.24,93.89,5.96,-2480.81,1.22,-5.519999999999981
Jun 2065,269.92,9.01,249.09,259.16,3.93,2.16,6.12,1.81,3.01,0,-3.79,0,257.91,0.97,6.08,0.29,265.25,5.96,-2488.8,0.0,-7.990000000000241
Jul 2065,325.7,5.75,171.42,177.46,3.75,2.12,5.93,1.69,3.63,0,-2.58,0,316.32,0.66,5.87,0.29,323.14,5.96,-2494.2,0.0,-5.39999999999964
Aug 2065,200.99,4.35,156.65,160.6,4.48,2.33,6.79,2.18,2.24,0,-2.36,0,194.4,0.6,6.76,0.27,202.04,5.96,-2497.68,0.0,-3.4800000000000204
Sep 2065,28.6,1.1,56.38,55.96,5.24,3.08,7.73,2.71,0.32,0,-0.85,0,27.19,0.22,7.73,0.22,35.36,5.96,-2502.68,0.0,-5.0
Oct 2065,27.83,0.59,38.59,39.93,2.3,2.63,4.31,0.77,0.31,0,-0.58,0,26.93,0.15,4.14,0.06,31.28,5.41,-2508.46,-0.55,-5.7800000000002
Nov 2065,414.93,5.41,151.43,159.65,1.39,2.52,2.96,0.0,4.62,0,-2.26,0,404.9,0.57,2.72,0.0,408.19,4.48,-2512.33,-0.93,-3.8699999999998904
Dec 2065,29.22,0.45,44.38,46.63,1.23,2.54,2.96,0.0,0.33,0,-0.66,0,28.45,0.17,2.72,0.0,31.34,3.59,-2512.92,-0.890000000000001,-0.5900000000001461
Jan 2066,12.94,0.32,32.8,33.58,1.31,1.4,2.96,0.0,0.14,0,-0.49,0,12.48,0.12,2.73,0.0,15.33,2.51,-2516.21,-1.08,-3.28999999999996
Feb 2066,70.53,1.14,42.75,44.36,1.42,1.4,2.97,0.0,0.79,0,-0.64,0,68.6,0.16,2.73,0.0,71.5,2.66,-2519.51,0.15,-3.30000000000018
Mar 2066,70.37,1.74,70.66,72.57,2.02,1.41,2.97,0.0,0.78,0,-1.06,0,67.85,0.27,2.75,0.0,70.87,2.91,-2522.33,0.25,-2.81999999999971
Apr 2066,79.49,1.92,136.67,139.39,2.14,1.42,3.04,0.04,0.89,0,-2.05,0,76.69,0.52,2.84,0.01,80.05,3.74,-2525.58,0.83,-3.25
May 2066,82.48,1.99,131.78,132.96,4.96,2.68,7.45,2.53,0.92,0,-1.98,0,79.58,0.5,7.46,0.27,87.8,4.62,-2529.75,0.88,-4.17000000000007
Jun 2066,29.58,0.95,30.49,29.03,6.69,3.94,8.88,3.34,0.33,0,-0.46,0,28.31,0.12,8.95,0.31,37.69,4.36,-2535.99,-0.26,-6.239999999999781
Jul 2066,377.46,6.7,61.76,66.96,4.71,2.5,5.62,1.49,4.2,0,-0.95,0,366.56,0.24,5.53,0.29,372.63,3.71,-2541.98,-0.65,-5.990000000000241
Aug 2066,561.85,7.77,134.16,143.34,2.15,2.06,4.12,0.64,6.26,0,-2.01,0,547.82,0.51,3.97,0.25,552.55,4.51,-2543.15,0.8,-1.17000000000007
Sep 2066,16.88,0.9,19.98,18.82,5.56,3.27,7.95,2.81,0.19,0,-0.31,0,15.8,0.08,7.95,0.22,24.05,4.11,-2542.63,-0.39999999999999897,0.519999999999982
Oct 2066,30.89,0.89,30.39,31.6,2.66,2.63,4.53,0.87,0.34,0,-0.46,0,29.65,0.12,4.37,0.07,34.2,3.59,-2548.12,-0.52,-5.489999999999781
Nov 2066,10.0,0.33,33.28,35.19,1.38,2.58,3.0,0.0,0.11,0,-0.5,0,9.56,0.13,2.76,0.0,12.45,2.91,-2551.96,-0.68,-3.8400000000001495
Dec 2066,44.66,0.74,45.75,47.26,1.36,1.62,3.01,0.0,0.5,0,-0.68,0,43.42,0.17,2.76,0.0,46.36,1.94,-2555.34,-0.97,-3.3800000000001096
Jan 2067,22.74,0.44,33.69,34.6,1.33,1.42,3.01,0.0,0.25,0,-0.5,0,22.04,0.13,2.76,0.0,24.93,1.91,-2558.53,-0.03,-3.19000000000005
Feb 2067,206.43,2.78,104.04,108.01,1.4,1.43,3.01,0.0,2.3,0,-1.55,0,201.35,0.39,2.78,0.0,204.53,2.06,-2561.79,0.15,-3.25999999999976
Mar 2067,94.23,1.58,74.77,77.03,1.58,1.43,3.02,0.0,1.05,0,-1.12,0,91.61,0.28,2.79,0.0,94.68,2.27,-2564.05,0.21,-2.26000000000022
Apr 2067,30.45,0.65,65.83,67.17,1.48,1.44,3.06,0.02,0.34,0,-0.98,0,29.46,0.25,2.85,0.0,32.56,2.64,-2567.14,0.37,-3.08999999999969
May 2067,28.87,1.7,66.5,66.02,5.56,2.63,7.98,2.81,0.32,0,-1.01,0,26.85,0.26,8.0,0.26,35.36,2.87,-2570.82,0.23,-3.68000000000029
Jun 2067,175.62,3.14,65.16,66.83,4.91,2.71,7.42,2.49,1.96,0,-0.98,0,170.53,0.25,7.43,0.31,178.52,2.97,-2576.94,0.1,-6.119999999999889
Jul 2067,308.12,5.24,60.53,64.44,4.25,2.24,6.36,1.88,3.43,0,-0.92,0,299.46,0.23,6.31,0.31,306.3,2.68,-2581.22,-0.29,-4.279999999999751
Aug 2067,125.24,2.57,17.73,18.13,5.09,2.71,7.64,2.61,1.39,0,-0.28,0,121.28,0.07,7.63,0.27,129.25,2.85,-2583.49,0.17,-2.26999999999998
Sep 2067,174.31,2.45,55.97,58.31,3.81,3.08,6.14,1.75,1.94,0,-0.84,0,169.92,0.21,6.05,0.21,176.4,2.63,-2587.67,-0.22,-4.18000000000029
Oct 2067,50.91,1.36,34.82,36.05,2.59,2.06,3.86,0.46,0.57,0,-0.53,0,48.98,0.13,3.66,0.04,52.82,1.69,-2591.16,-0.94,-3.48999999999978
Nov 2067,131.28,1.94,65.39,68.24,1.26,1.44,3.05,0.0,1.46,0,-0.98,0,127.88,0.25,2.8,0.0,130.93,1.95,-2594.56,0.26,-3.40000000000009
Dec 2067,148.38,2.38,94.19,97.88,1.19,1.45,3.05,0.0,1.65,0,-1.41,0,144.34,0.36,2.8,0.0,147.5,2.02,-2597.12,0.0700000000000001,-2.5599999999999503
Jan 2068,104.27,1.84,70.66,73.0,1.74,1.45,3.06,0.0,1.16,0,-1.06,0,101.26,0.27,2.8,0.0,104.34,2.02,-2599.93,0.0,-2.80999999999995
Feb 2068,56.6,1.2,60.85,62.49,1.69,1.45,3.06,0.0,0.63,0,-0.91,0,54.77,0.23,2.82,0.0,57.82,2.57,-2602.88,0.55,-2.95000000000027
Mar 2068,69.34,1.72,91.86,94.0,2.06,1.45,3.06,0.0,0.77,0,-1.38,0,66.84,0.35,2.83,0.0,70.03,3.05,-2606.22,0.48,-3.33999999999969
Apr 2068,14.65,1.32,88.69,90.08,2.41,1.47,3.16,0.05,0.16,0,-1.34,0,13.17,0.34,2.95,0.0,16.46,3.89,-2609.89,0.84,-3.6700000000000697
May 2068,81.45,2.67,156.68,158.3,5.29,2.49,7.34,2.42,0.91,0,-2.36,0,77.87,0.6,7.32,0.25,86.04,4.98,-2614.18,1.09,-4.28999999999996
Jun 2068,208.75,5.79,110.72,115.05,5.12,2.39,6.91,2.17,2.32,0,-1.7,0,200.64,0.43,6.89,0.3,208.25,5.38,-2620.8,0.39999999999999897,-6.620000000000349
Jul 2068,434.11,6.91,92.51,99.28,3.18,2.0,5.33,1.28,4.83,0,-1.4,0,422.37,0.36,5.23,0.29,428.25,5.96,-2625.21,0.58,-4.40999999999985
Aug 2068,414.04,7.01,115.01,122.3,2.97,1.95,5.09,1.14,4.61,0,-1.74,0,402.42,0.44,4.97,0.27,408.1,5.96,-2626.12,0.0,-0.9099999999998539
Sep 2068,196.31,3.74,94.49,97.77,3.67,2.15,5.94,1.62,2.19,0,-1.43,0,190.38,0.36,5.84,0.21,196.8,5.96,-2627.47,0.0,-1.34999999999991
Oct 2068,24.0,0.72,61.01,62.27,2.86,2.71,5.04,1.1,0.27,0,-0.91,0,23.01,0.23,4.89,0.08,28.22,5.96,-2631.24,0.0,-3.7699999999999796
Nov 2068,41.67,0.83,54.23,56.82,1.28,2.43,3.1,0.0,0.46,0,-0.81,0,40.37,0.21,2.85,0.0,43.43,5.15,-2635.91,-0.81,-4.67000000000007
Dec 2068,13.28,0.53,46.86,49.01,1.21,2.31,3.1,0.0,0.15,0,-0.7,0,12.59,0.18,2.85,0.0,15.62,4.25,-2639.35,-0.9,-3.44000000000005
Jan 2069,191.51,2.74,102.74,106.52,1.58,1.47,3.1,0.0,2.13,0,-1.53,0,186.64,0.39,2.85,0.0,189.89,3.4,-2643.0,-0.85,-3.65000000000009
Feb 2069,62.54,1.11,58.48,60.17,1.55,1.47,3.11,0.0,0.7,0,-0.88,0,60.73,0.22,2.86,0.0,63.82,3.76,-2645.51,0.36,-2.51000000000022
Mar 2069,43.38,1.48,70.77,72.37,2.15,1.47,3.11,0.0,0.48,0,-1.07,0,41.42,0.27,2.88,0.0,44.58,4.08,-2648.79,0.32,-3.2799999999997502
Apr 2069,56.72,3.22,107.35,111.0,2.28,1.49,3.16,0.03,0.63,0,-1.64,0,52.86,0.42,2.94,0.0,56.23,4.98,-2652.48,0.9,-3.69000000000005
May 2069,115.87,3.83,155.68,158.82,4.98,2.53,7.46,2.46,1.29,0,-2.35,0,110.75,0.6,7.45,0.28,119.09,5.96,-2656.62,0.98,-4.13999999999987
Jun 2069,38.18,1.6,55.68,54.86,6.41,3.37,9.18,3.43,0.43,0,-0.85,0,36.16,0.22,9.25,0.33,45.96,5.96,-2662.97,0.0,-6.349999999999911
Jul 2069,255.86,6.45,70.01,74.77,4.88,2.38,6.82,2.09,2.85,0,-1.09,0,246.56,0.28,6.77,0.3,253.91,5.5,-2669.48,-0.46,-6.510000000000219
Aug 2069,453.62,6.64,111.74,119.11,2.61,2.09,4.73,0.91,5.05,0,-1.68,0,441.92,0.43,4.59,0.25,447.2,5.96,-2672.75,0.46,-3.2699999999999796
Sep 2069,219.1,3.29,62.43,65.78,3.39,2.75,5.69,1.45,2.44,0,-0.94,0,213.37,0.24,5.57,0.2,219.39,5.72,-2673.45,-0.24,-0.6999999999998181
Oct 2069,100.79,1.46,48.8,51.57,1.93,2.71,3.97,0.47,1.12,0,-0.73,0,98.21,0.19,3.77,0.05,102.22,5.02,-2676.39,-0.7,-2.94000000000005
Nov 2069,242.19,3.12,99.34,104.93,1.33,2.69,3.15,0.0,2.7,0,-1.48,0,236.37,0.38,2.89,0.0,239.64,3.98,-2679.55,-1.04,-3.16000000000031
Dec 2069,46.04,0.98,49.88,52.5,1.23,2.31,3.15,0.0,0.51,0,-0.75,0,44.54,0.19,2.89,0.0,47.63,2.86,-2681.48,-1.12,-1.92999999999984
Jan 2070,71.99,1.14,49.51,51.22,1.48,1.49,3.15,0.0,0.8,0,-0.74,0,70.05,0.19,2.9,0.0,73.14,2.04,-2684.86,-0.82,-3.3800000000001096
Feb 2070,93.13,1.65,70.36,72.57,1.73,1.5,3.16,0.0,1.04,0,-1.05,0,90.44,0.27,2.91,0.0,93.62,2.27,-2687.95,0.23,-3.08999999999969
Mar 2070,137.9,2.28,84.18,87.1,1.81,1.5,3.16,0.0,1.54,0,-1.26,0,134.08,0.32,2.92,0.0,137.32,2.75,-2691.12,0.48,-3.1700000000000697
Apr 2070,27.43,3.89,148.76,151.88,3.96,1.51,3.19,0.02,0.31,0,-2.27,0,23.23,0.58,2.97,0.0,26.78,3.3,-2694.01,0.55,-2.89000000000033
May 2070,134.55,4.17,178.34,182.75,4.05,2.29,6.42,1.84,1.5,0,-2.69,0,128.89,0.69,6.34,0.22,136.13,5.96,-2699.14,2.66,-5.12999999999965
Jun 2070,212.95,3.83,200.34,204.38,4.55,2.52,7.02,2.18,2.37,0,-3.0,0,206.75,0.76,7.0,0.3,214.81,5.96,-2705.13,0.0,-5.990000000000241
Jul 2070,344.02,6.9,173.88,181.04,3.92,2.22,6.11,1.66,3.83,0,-2.63,0,333.29,0.67,6.03,0.3,340.29,5.84,-2710.91,-0.12,-5.77999999999975
Aug 2070,436.47,6.07,200.86,209.0,2.68,2.51,4.84,0.94,4.86,0,-3.0,0,425.54,0.76,4.7,0.25,431.25,5.96,-2714.45,0.12,-3.53999999999996
Sep 2070,190.22,2.99,94.85,98.04,3.66,2.8,6.03,1.61,2.12,0,-1.42,0,185.12,0.36,5.92,0.2,191.6,5.34,-2716.74,-0.62,-2.28999999999996
Oct 2070,243.99,3.82,110.17,115.84,1.48,2.1,3.35,0.09,2.72,0,-1.65,0,237.46,0.42,3.11,0.05,241.04,4.68,-2720.67,-0.66,-3.93000000000029
Nov 2070,121.53,1.81,111.57,115.82,1.25,2.46,3.2,0.0,1.35,0,-1.67,0,118.37,0.42,2.94,0.0,121.73,4.21,-2722.9,-0.47,-2.23000000000002
Dec 2070,72.52,1.29,78.6,81.89,1.25,2.37,3.2,0.0,0.81,0,-1.18,0,70.42,0.3,2.94,0.0,73.66,3.26,-2726.41,-0.95,-3.50999999999976
Jan 2071,168.57,2.34,92.79,96.18,1.51,1.52,3.2,0.0,1.88,0,-1.39,0,164.35,0.35,2.94,0.0,167.64,2.4,-2729.97,-0.86,-3.55999999999995
Feb 2071,55.02,0.98,78.57,80.4,1.55,1.52,3.21,0.0,0.61,0,-1.17,0,53.43,0.3,2.96,0.0,56.68,2.64,-2732.68,0.24,-2.71000000000004
Mar 2071,102.31,1.61,156.81,160.09,1.6,1.52,3.21,0.0,1.14,0,-2.34,0,99.56,0.6,2.97,0.0,103.12,2.92,-2736.45,0.28,-3.7699999999999796
Apr 2071,49.09,1.02,110.56,112.67,1.67,1.53,3.22,0.0,0.55,0,-1.65,0,47.52,0.42,2.98,0.0,50.93,3.24,-2740.86,0.32,-4.410000000000309
May 2071,96.18,2.06,321.17,325.38,4.18,2.76,6.63,1.93,1.07,0,-4.79,0,93.04,1.22,6.56,0.21,101.04,3.61,-2745.18,0.37,-4.31999999999971
Jun 2071,49.35,1.28,243.39,244.71,6.55,3.88,9.02,3.28,0.55,0,-3.63,0,47.51,0.92,9.07,0.32,57.83,3.16,-2753.81,-0.45,-8.630000000000111
Jul 2071,283.35,4.31,110.69,114.83,4.26,2.85,6.76,2.0,3.15,0,-1.66,0,275.88,0.42,6.69,0.31,283.3,2.5,-2762.95,-0.66,-9.13999999999987
Aug 2071,112.85,1.78,85.2,86.25,5.25,3.58,7.88,2.63,1.26,0,-1.27,0,109.81,0.32,7.85,0.27,118.25,1.98,-2766.52,-0.52,-3.57000000000016
Sep 2071,98.68,1.58,74.36,75.5,4.68,3.42,7.26,2.28,1.1,0,-1.11,0,96.01,0.28,7.18,0.22,103.69,1.05,-2772.05,-0.93,-5.5300000000002
Oct 2071,102.52,1.55,67.32,69.09,2.52,1.99,4.72,0.84,1.14,0,-1.01,0,99.83,0.26,4.52,0.09,104.7,0.11,-2777.27,-0.94,-5.2199999999998
Nov 2071,35.73,0.82,49.33,50.6,1.64,1.54,3.25,0.0,0.4,0,-0.74,0,34.52,0.19,2.97,0.0,37.68,0.0,-2781.1,-0.11,-3.8299999999999303
Dec 2071,172.58,2.37,77.84,81.14,1.48,1.54,3.25,0.0,1.92,0,-1.16,0,168.3,0.3,2.98,0.0,171.57,0.37,-2784.69,0.37,-3.5900000000001495
Jan 2072,67.71,1.01,53.79,55.5,1.44,1.54,3.25,0.0,0.75,0,-0.8,0,65.94,0.2,2.98,0.0,69.13,0.58,-2787.17,0.21,-2.48000000000002
Feb 2072,171.55,2.72,83.84,87.18,1.86,1.55,3.26,0.0,1.91,0,-1.26,0,166.92,0.32,2.99,0.0,170.24,0.75,-2790.47,0.17,-3.29999999999973
Mar 2072,3.09,0.84,63.26,64.29,2.07,1.55,3.26,0.0,0.03,0,-0.95,0,2.22,0.24,3.02,0.0,5.48,1.32,-2793.08,0.57,-2.61000000000013
Apr 2072,44.69,2.69,135.69,137.9,3.63,1.61,3.52,0.15,0.5,0,-2.05,0,41.5,0.52,3.31,0.02,45.34,2.09,-2797.26,0.77,-4.18000000000029
May 2072,100.2,5.87,187.86,191.82,6.58,2.54,7.34,2.3,1.12,0,-2.87,0,93.21,0.73,7.29,0.25,101.49,4.18,-2802.2,2.09,-4.9399999999996
Jun 2072,138.79,7.48,148.48,154.95,5.44,2.72,8.07,2.72,1.55,0,-2.3,0,129.76,0.58,8.08,0.32,138.74,5.96,-2809.24,1.78,-7.039999999999959
Jul 2072,489.09,8.09,202.6,211.96,3.03,2.04,5.26,1.12,5.45,0,-3.05,0,475.55,0.78,5.13,0.29,481.75,5.96,-2815.66,0.0,-6.42000000000007
Aug 2072,618.98,8.41,162.21,172.69,2.08,2.33,4.19,0.51,6.89,0,-2.43,0,603.67,0.62,4.0,0.24,608.54,5.96,-2817.69,0.0,-2.0300000000002
Sep 2072,105.88,2.04,72.99,74.27,4.65,3.07,7.24,2.24,1.18,0,-1.1,0,102.65,0.28,7.18,0.22,110.33,5.38,-2817.14,-0.58,0.550000000000182
Oct 2072,3.65,0.62,31.99,33.1,2.8,2.93,4.7,0.8,0.04,0,-0.48,0,2.99,0.12,4.51,0.06,7.68,4.78,-2822.29,-0.6,-5.15000000000009
Nov 2072,181.89,2.51,91.72,96.55,1.3,2.6,3.3,0.0,2.03,0,-1.37,0,177.35,0.35,3.04,0.0,180.74,4.03,-2826.69,-0.75,-4.40000000000009
Dec 2072,50.85,0.76,52.98,55.57,1.3,2.53,3.3,0.0,0.57,0,-0.79,0,49.52,0.2,3.03,0.0,52.76,2.99,-2829.33,-1.04,-2.63999999999987
Jan 2073,164.17,2.26,83.35,86.59,1.52,1.57,3.31,0.0,1.83,0,-1.24,0,160.08,0.32,3.03,0.0,163.43,2.02,-2832.85,-0.97,-3.5199999999999796
Feb 2073,63.78,1.23,50.21,51.84,1.73,1.57,3.31,0.0,0.71,0,-0.75,0,61.84,0.19,3.04,0.0,65.08,2.24,-2835.57,0.22,-2.7200000000002498
Mar 2073,53.37,1.43,82.67,84.54,2.07,1.57,3.32,0.0,0.59,0,-1.24,0,51.34,0.32,3.06,0.0,54.72,2.67,-2838.92,0.43,-3.34999999999991
Apr 2073,55.03,1.68,179.1,182.06,2.29,1.58,3.32,0.0,0.61,0,-2.68,0,52.74,0.68,3.08,0.0,56.51,3.41,-2842.88,0.74,-3.96000000000004
May 2073,172.32,4.06,177.61,181.76,4.1,2.2,5.88,1.45,1.92,0,-2.67,0,166.33,0.68,5.77,0.2,172.98,4.36,-2848.27,0.95,-5.38999999999987
Jun 2073,171.78,4.2,136.41,138.99,5.79,2.64,7.69,2.47,1.91,0,-2.06,0,165.67,0.52,7.68,0.31,174.18,4.93,-2853.65,0.5699999999999991,-5.380000000000111
Jul 2073,360.99,5.64,174.59,180.89,3.71,2.42,6.13,1.58,4.02,0,-2.62,0,351.33,0.67,6.03,0.3,358.32,5.63,-2859.33,0.7,-5.67999999999984
Aug 2073,196.4,3.1,146.55,149.81,4.65,3.17,7.27,2.23,2.19,0,-2.19,0,191.11,0.56,7.21,0.28,199.16,5.43,-2862.77,-0.2,-3.44000000000005
Sep 2073,108.62,1.86,59.24,60.43,4.67,3.34,7.3,2.24,1.21,0,-0.89,0,105.55,0.23,7.23,0.22,113.23,4.74,-2868.09,-0.69,-5.32000000000016
Oct 2073,35.54,0.86,33.45,35.61,2.06,2.99,3.74,0.23,0.4,0,-0.5,0,34.29,0.13,3.5,0.02,37.93,3.9,-2873.05,-0.84,-4.96000000000004
Nov 2073,14.26,0.28,34.78,36.93,1.41,2.9,3.35,0.0,0.16,0,-0.52,0,13.82,0.13,3.09,0.0,17.03,2.99,-2876.69,-0.91,-3.63999999999987
Dec 2073,219.85,2.81,89.67,93.92,1.39,1.83,3.36,0.0,2.45,0,-1.34,0,214.59,0.34,3.08,0.0,218.01,1.77,-2880.4,-1.22,-3.71000000000004
Jan 2074,22.42,0.35,36.58,37.55,1.38,1.6,3.36,0.0,0.25,0,-0.55,0,21.82,0.14,3.08,0.0,25.04,1.6,-2882.64,-0.17,-2.23999999999978
Feb 2074,132.82,2.15,86.19,89.08,1.82,1.6,3.36,0.0,1.48,0,-1.29,0,129.19,0.33,3.09,0.0,132.61,1.66,-2886.29,0.0599999999999998,-3.65000000000009
Mar 2074,358.71,4.99,182.25,189.0,1.86,1.6,3.37,0.0,3.99,0,-2.72,0,349.73,0.69,3.11,0.0,353.53,2.15,-2889.47,0.49,-3.17999999999984
Apr 2074,73.16,1.75,142.31,145.08,2.16,1.6,3.37,0.0,0.81,0,-2.13,0,70.6,0.54,3.13,0.0,74.28,2.68,-2891.56,0.53,-2.09000000000015
May 2074,160.55,2.5,150.6,153.92,4.04,3.18,6.58,1.82,1.79,0,-2.25,0,156.26,0.57,6.49,0.23,163.56,3.47,-2896.25,0.79,-4.69000000000005
Jun 2074,164.57,2.6,73.37,75.3,4.88,3.37,7.56,2.37,1.83,0,-1.1,0,160.13,0.28,7.52,0.29,168.22,2.61,-2901.71,-0.86,-5.460000000000041
Jul 2074,495.95,6.86,108.84,116.46,3.24,2.78,5.3,1.08,5.52,0,-1.63,0,483.57,0.41,5.15,0.29,489.42,1.78,-2906.46,-0.83,-4.75
Aug 2074,448.73,6.33,104.37,110.68,3.19,2.01,5.06,0.94,5.0,0,-1.56,0,437.4,0.4,4.86,0.26,442.91,1.31,-2907.07,-0.47,-0.6100000000001271
Sep 2074,138.14,2.05,63.61,65.14,4.46,3.24,7.08,2.09,1.54,0,-0.95,0,134.55,0.24,6.96,0.23,141.98,1.74,-2908.0,0.43,-0.929999999999836
Oct 2074,74.84,1.19,52.75,54.12,2.37,1.96,4.63,0.7,0.83,0,-0.79,0,72.82,0.2,4.4,0.07,77.49,0.98,-2912.63,-0.76,-4.63000000000011
Nov 2074,129.67,1.83,67.12,69.77,1.55,1.62,3.4,0.0,1.44,0,-1.0,0,126.39,0.26,3.12,0.0,129.77,0.92,-2916.59,-0.0599999999999999,-3.96000000000004
Dec 2074,106.54,1.44,65.85,68.19,1.45,1.62,3.41,0.0,1.19,0,-0.98,0,103.91,0.25,3.12,0.0,107.28,1.14,-2919.55,0.22,-2.96000000000004
Jan 2075,100.41,1.58,95.89,98.49,1.67,1.62,3.41,0.0,1.12,0,-1.43,0,97.71,0.36,3.13,0.0,101.2,1.25,-2922.75,0.11,-3.19999999999982
Feb 2075,158.55,2.38,101.22,104.6,1.75,1.62,3.42,0.0,1.77,0,-1.51,0,154.41,0.39,3.15,0.0,157.94,1.58,-2926.47,0.33,-3.7199999999998
Mar 2075,179.9,2.87,154.65,158.89,1.98,1.63,3.42,0.0,2.0,0,-2.31,0,175.02,0.59,3.16,0.0,178.77,1.98,-2929.63,0.4,-3.16000000000031
Apr 2075,79.2,2.21,134.09,136.86,2.57,1.63,3.43,0.0,0.88,0,-2.01,0,76.11,0.51,3.18,0.0,79.8,2.59,-2933.36,0.61,-3.7300000000000204
May 2075,173.02,4.67,390.59,397.37,4.42,2.17,5.66,1.26,1.93,0,-5.85,0,166.42,1.49,5.52,0.18,173.62,3.78,-2937.92,1.19,-4.55999999999995
Jun 2075,105.52,3.79,335.61,339.31,6.68,2.83,8.37,2.8,1.17,0,-5.03,0,100.56,1.28,8.37,0.3,110.51,4.9,-2946.42,1.12,-8.5
Jul 2075,386.16,7.18,232.13,240.53,3.65,2.27,6.07,1.49,4.3,0,-3.49,0,374.67,0.89,5.95,0.3,381.82,5.96,-2956.16,1.06,-9.73999999999978
Aug 2075,240.45,3.78,149.34,153.46,4.36,3.03,6.99,2.01,2.68,0,-2.24,0,233.99,0.57,6.91,0.28,241.75,5.96,-2960.23,0.0,-4.07000000000016
Sep 2075,229.04,3.25,99.43,103.3,3.74,3.25,6.27,1.6,2.55,0,-1.49,0,223.24,0.38,6.14,0.23,229.99,5.36,-2965.04,-0.6,-4.80999999999995
Oct 2075,36.67,0.93,62.16,64.0,2.82,3.03,5.01,0.88,0.41,0,-0.93,0,35.33,0.24,4.81,0.07,40.45,4.38,-2968.88,-0.98,-3.8400000000001495
Nov 2075,315.32,4.06,149.94,157.15,1.49,2.97,3.46,0.0,3.51,0,-2.23,0,307.75,0.57,3.19,0.0,311.51,3.48,-2973.6,-0.9,-4.7199999999998
Dec 2075,133.89,1.79,102.03,105.58,1.48,2.11,3.46,0.0,1.49,0,-1.52,0,130.6,0.39,3.18,0.0,134.17,2.26,-2975.78,-1.22,-2.18000000000029
Jan 2076,61.88,1.12,63.26,65.02,1.71,1.65,3.47,0.0,0.69,0,-0.95,0,60.07,0.24,3.18,0.0,63.49,1.91,-2979.27,-0.35,-3.48999999999978
Feb 2076,137.78,1.99,106.09,109.27,1.64,1.65,3.47,0.0,1.53,0,-1.58,0,134.26,0.4,3.2,0.0,137.86,2.26,-2982.99,0.35,-3.7199999999998
Mar 2076,80.31,1.26,111.04,113.56,1.63,1.65,3.48,0.0,0.89,0,-1.66,0,78.16,0.42,3.22,0.0,81.8,2.53,-2986.51,0.27,-3.5200000000004397
Apr 2076,23.33,0.53,222.74,225.78,1.62,1.66,3.51,0.02,0.26,0,-3.32,0,22.54,0.84,3.26,0.0,26.64,2.76,-2990.75,0.23,-4.23999999999978
May 2076,49.22,1.3,563.53,569.36,5.15,3.41,7.94,2.52,0.55,0,-8.4,0,47.37,2.14,7.89,0.24,57.64,2.95,-2997.3,0.19,-6.55000000000018
Jun 2076,123.01,3.16,355.58,359.91,5.86,3.06,8.13,2.63,1.37,0,-5.32,0,118.48,1.35,8.1,0.29,128.23,2.22,-3010.81,-0.73,-13.509999999999799
Jul 2076,341.73,7.0,258.19,265.15,5.31,2.39,6.49,1.7,3.8,0,-3.88,0,330.93,0.99,6.39,0.3,338.61,2.41,-3020.55,0.19,-9.74000000000024
Aug 2076,241.05,5.14,172.62,177.07,5.14,2.51,7.01,1.99,2.68,0,-2.6,0,233.22,0.66,6.92,0.28,241.08,3.74,-3025.73,1.33,-5.17999999999984
Sep 2076,71.45,3.74,84.3,85.13,6.61,2.74,7.93,2.5,0.8,0,-1.3,0,66.92,0.33,7.87,0.23,75.35,4.47,-3030.94,0.73,-5.21000000000004
Oct 2076,313.5,4.27,130.49,137.49,1.39,2.66,3.51,0.0,3.49,0,-1.95,0,305.74,0.5,3.24,0.01,309.49,5.9,-3037.09,1.43,-6.150000000000089
Nov 2076,36.25,0.59,73.66,76.59,1.39,2.91,3.52,0.0,0.4,0,-1.1,0,35.25,0.28,3.24,0.0,38.77,4.89,-3039.07,-1.01,-1.98000000000002
Dec 2076,15.9,0.57,57.52,60.03,1.38,2.68,3.52,0.0,0.18,0,-0.86,0,15.15,0.22,3.23,0.0,18.61,3.64,-3043.28,-1.25,-4.21000000000004
Jan 2077,97.31,1.89,72.13,74.44,2.07,1.68,3.52,0.0,1.08,0,-1.08,0,94.33,0.28,3.24,0.0,97.85,2.63,-3047.48,-1.01,-4.19999999999982
Feb 2077,85.02,1.54,82.54,84.81,1.87,1.68,3.53,0.0,0.95,0,-1.24,0,82.53,0.31,3.25,0.0,86.09,3.3,-3051.0,0.67,-3.5199999999999796
Mar 2077,27.17,0.82,92.1,93.76,1.86,1.68,3.53,0.0,0.3,0,-1.38,0,26.05,0.35,3.27,0.0,29.67,3.78,-3054.81,0.48,-3.80999999999995
Apr 2077,39.17,1.27,236.31,239.67,2.24,1.7,3.62,0.05,0.44,0,-3.53,0,37.46,0.9,3.37,0.01,41.73,4.22,-3059.42,0.44,-4.61000000000013
May 2077,134.8,2.59,226.35,230.09,4.4,3.03,7.05,1.99,1.5,0,-3.38,0,130.71,0.86,6.96,0.24,138.77,4.96,-3066.09,0.74,-6.67000000000007
Jun 2077,86.86,2.0,167.72,169.16,5.85,3.42,8.79,2.97,0.97,0,-2.51,0,83.9,0.64,8.79,0.31,93.63,4.44,-3073.28,-0.52,-7.19000000000005
Jul 2077,250.98,6.1,118.94,122.76,6.25,2.62,7.39,2.17,2.79,0,-1.82,0,242.08,0.46,7.31,0.31,250.17,3.9,-3080.95,-0.54,-7.66999999999962
Aug 2077,260.18,5.05,101.27,105.31,4.65,2.49,6.87,1.88,2.9,0,-1.53,0,252.22,0.39,6.77,0.27,259.66,5.43,-3085.49,1.53,-4.53999999999996
Sep 2077,35.4,1.04,25.41,24.95,5.43,3.64,8.3,2.69,0.39,0,-0.39,0,33.97,0.1,8.25,0.22,42.54,5.81,-3089.4,0.38,-3.91000000000031
Oct 2077,71.27,1.18,45.28,47.58,2.49,3.11,4.85,0.73,0.79,0,-0.68,0,69.3,0.17,4.63,0.07,74.18,4.97,-3095.23,-0.84,-5.82999999999993
Nov 2077,85.75,1.32,65.47,68.96,1.65,3.09,3.57,0.0,0.95,0,-0.98,0,83.48,0.25,3.28,0.0,87.01,3.83,-3099.3,-1.14,-4.07000000000016
Dec 2077,106.01,1.53,55.27,58.67,1.61,2.87,3.58,0.0,1.18,0,-0.83,0,103.31,0.21,3.29,0.0,106.8,2.68,-3102.9,-1.15,-3.59999999999991
Jan 2078,145.59,2.01,84.92,87.97,1.61,1.7,3.58,0.0,1.62,0,-1.27,0,141.96,0.32,3.28,0.0,145.57,1.71,-3106.12,-0.97,-3.2199999999998
Feb 2078,184.39,2.8,86.21,89.75,1.92,1.71,3.59,0.0,2.05,0,-1.29,0,179.54,0.33,3.3,0.0,183.16,1.91,-3109.34,0.2,-3.2200000000002498
Mar 2078,55.99,1.38,89.34,91.33,2.1,1.71,3.59,0.0,0.62,0,-1.34,0,53.98,0.34,3.32,0.0,57.64,2.41,-3112.16,0.5,-2.81999999999971
Apr 2078,62.25,3.21,115.35,117.72,3.85,1.71,3.6,0.0,0.69,0,-1.75,0,58.35,0.45,3.34,0.0,62.13,3.07,-3116.47,0.66,-4.30999999999995
May 2078,4.97,2.05,150.09,150.95,5.63,2.76,7.91,2.44,0.06,0,-2.26,0,2.86,0.58,7.85,0.21,11.5,5.47,-3121.12,2.4,-4.65000000000009
Jun 2078,63.46,1.79,111.79,112.25,6.01,3.43,9.01,3.06,0.71,0,-1.68,0,60.96,0.43,9.01,0.3,70.7,5.96,-3129.01,0.49,-7.89000000000033
Jul 2078,219.5,3.14,71.57,74.32,4.88,3.7,7.69,2.31,2.44,0,-1.07,0,213.92,0.27,7.62,0.3,222.11,5.48,-3136.24,-0.48,-7.22999999999956
Aug 2078,312.49,4.5,75.41,80.17,3.76,3.18,6.37,1.56,3.48,0,-1.13,0,304.51,0.29,6.23,0.27,311.3,4.42,-3140.55,-1.06,-4.3100000000004
Sep 2078,231.15,2.89,66.06,69.79,3.65,3.75,6.24,1.49,2.57,0,-0.98,0,225.69,0.25,6.08,0.22,232.24,3.58,-3143.28,-0.84,-2.7300000000000204
Oct 2078,60.34,0.75,39.2,41.72,1.97,3.29,4.27,0.37,0.67,0,-0.58,0,58.92,0.15,4.01,0.03,63.11,2.15,-3146.66,-1.43,-3.37999999999965
Nov 2078,54.05,0.82,56.94,59.26,1.57,2.43,3.63,0.0,0.6,0,-0.85,0,52.63,0.22,3.33,0.0,56.18,0.71,-3150.5,-1.44,-3.8400000000001495
Dec 2078,157.08,2.05,67.21,70.23,1.51,1.73,3.64,0.0,1.75,0,-1.0,0,153.28,0.25,3.33,0.0,156.87,0.15,-3154.38,-0.56,-3.8800000000001096
Jan 2079,135.87,1.82,87.53,90.5,1.56,1.73,3.64,0.0,1.51,0,-1.31,0,132.54,0.33,3.33,0.0,136.2,0.23,-3157.26,0.08,-2.8800000000001096
Feb 2079,79.62,1.02,62.02,64.0,1.47,1.73,3.65,0.0,0.89,0,-0.92,0,77.7,0.24,3.35,0.0,81.29,0.36,-3160.69,0.13,-3.42999999999984
Mar 2079,82.1,1.12,66.21,68.27,1.53,1.74,3.65,0.0,0.91,0,-0.99,0,80.07,0.25,3.36,0.0,83.68,0.38,-3164.37,0.02,-3.67999999999984
Apr 2079,14.34,0.24,41.45,42.37,1.52,1.75,3.69,0.02,0.16,0,-0.62,0,13.94,0.16,3.39,0.0,17.49,0.46,-3168.09,0.08,-3.7200000000002498
May 2079,93.19,1.68,108.6,109.8,4.92,3.24,7.75,2.32,1.04,0,-1.62,0,90.48,0.41,7.63,0.25,98.76,0.51,-3172.22,0.05,-4.12999999999965
Jun 2079,163.66,3.12,91.27,92.99,5.25,2.83,8.14,2.53,1.82,0,-1.37,0,158.72,0.35,8.01,0.31,167.39,0.0,-3178.49,-0.51,-6.269999999999981
Jul 2079,222.8,5.28,68.52,70.31,7.07,2.79,7.99,2.45,2.48,0,-1.06,0,215.04,0.27,7.86,0.32,223.5,0.01,-3183.95,0.01,-5.460000000000041
Aug 2079,490.47,8.01,106.83,114.9,3.27,2.13,5.24,0.89,5.46,0,-1.62,0,476.99,0.41,5.02,0.26,482.69,1.97,-3188.4,1.96,-4.450000000000269
Sep 2079,65.57,1.43,43.88,44.26,5.19,3.64,8.08,2.49,0.73,0,-0.66,0,63.41,0.17,8.01,0.22,71.81,2.44,-3189.17,0.47,-0.7699999999999821
Oct 2079,6.13,0.31,17.87,18.02,2.85,2.49,5.34,0.94,0.07,0,-0.27,0,5.75,0.07,5.13,0.07,11.01,1.57,-3194.91,-0.87,-5.739999999999781
Nov 2079,66.3,2.17,67.78,70.2,2.28,1.76,3.69,0.0,0.74,0,-1.03,0,63.39,0.26,3.38,0.0,67.04,1.2,-3199.58,-0.37,-4.67000000000007
Dec 2079,8.49,0.67,41.25,42.68,1.46,1.76,3.69,0.0,0.09,0,-0.62,0,7.73,0.16,3.39,0.0,11.28,2.02,-3203.55,0.82,-3.9700000000002498
Jan 2080,46.83,1.11,42.02,43.38,1.98,1.76,3.7,0.0,0.52,0,-0.63,0,45.2,0.16,3.39,0.0,48.76,2.02,-3207.77,0.0,-4.2199999999998
Feb 2080,95.71,1.76,74.07,76.39,2.03,1.76,3.7,0.0,1.07,0,-1.11,0,92.89,0.28,3.41,0.0,96.58,2.55,-3211.58,0.53,-3.80999999999995
Mar 2080,116.98,1.71,88.85,91.6,1.72,1.77,3.71,0.0,1.3,0,-1.33,0,113.97,0.34,3.42,0.0,117.73,3.11,-3215.33,0.56,-3.75
Apr 2080,37.9,0.99,43.72,46.45,1.48,2.72,3.71,0.0,0.42,0,-0.66,0,36.49,0.17,3.45,0.0,40.1,3.35,-3219.06,0.24,-3.7300000000000204
May 2080,121.46,2.73,73.82,75.99,4.2,2.8,6.9,1.8,1.35,0,-1.12,0,117.38,0.28,6.79,0.21,124.67,2.37,-3223.01,-0.98,-3.95000000000027
Jun 2080,116.27,2.16,58.55,59.36,5.51,3.5,8.49,2.7,1.29,0,-0.88,0,112.81,0.22,8.45,0.3,121.78,2.08,-3228.08,-0.29,-5.06999999999971
Jul 2080,313.38,5.09,64.57,68.16,4.82,2.58,7.06,1.89,3.49,0,-0.98,0,304.8,0.25,6.91,0.31,312.27,1.43,-3233.76,-0.65,-5.680000000000289
Aug 2080,323.71,4.82,67.91,72.07,3.84,2.42,6.38,1.5,3.6,0,-1.02,0,315.28,0.26,6.2,0.27,322.01,1.93,-3236.73,0.5,-2.9699999999998
Sep 2080,201.45,3.15,54.05,56.4,3.98,2.57,6.69,1.67,2.24,0,-0.81,0,196.05,0.21,6.52,0.22,203.0,2.02,-3239.3,0.0900000000000001,-2.57000000000016
Oct 2080,24.45,0.59,23.27,23.54,2.95,2.38,5.49,0.99,0.27,0,-0.35,0,23.59,0.09,5.26,0.08,29.01,1.92,-3243.11,-0.1,-3.80999999999995
Nov 2080,22.92,2.65,47.21,49.83,2.37,1.79,3.75,0.0,0.26,0,-0.74,0,20.02,0.19,3.44,0.0,23.65,1.74,-3247.76,-0.18,-4.65000000000009
Dec 2080,145.18,1.97,82.61,86.41,1.48,2.39,3.76,0.0,1.62,0,-1.23,0,141.59,0.31,3.45,0.0,145.35,2.63,-3251.99,0.89,-4.22999999999956
Jan 2081,29.75,0.64,39.29,40.41,1.75,1.79,3.76,0.0,0.33,0,-0.59,0,28.78,0.15,3.45,0.0,32.38,2.02,-3255.36,-0.61,-3.37000000000035
Feb 2081,164.67,2.52,95.24,98.65,1.96,1.79,3.77,0.0,1.83,0,-1.42,0,160.32,0.36,3.47,0.0,164.14,2.29,-3259.37,0.27,-4.00999999999976
Mar 2081,55.92,1.56,76.26,78.12,2.35,1.8,3.77,0.0,0.62,0,-1.15,0,53.74,0.29,3.48,0.0,57.51,2.75,-3262.73,0.46,-3.36000000000013
Apr 2081,73.87,1.99,100.94,104.75,1.54,2.23,3.81,0.02,0.82,0,-1.52,0,71.05,0.39,3.54,0.0,74.98,3.6,-3267.02,0.85,-4.28999999999996
May 2081,257.28,5.14,168.18,173.71,3.83,2.33,5.98,1.25,2.86,0,-2.53,0,249.28,0.64,5.82,0.23,255.97,3.15,-3271.51,-0.45,-4.49000000000024
Jun 2081,191.11,4.24,91.0,93.81,5.22,2.76,7.72,2.23,2.13,0,-1.38,0,184.74,0.35,7.64,0.29,193.03,3.56,-3276.14,0.41,-4.62999999999965
Jul 2081,406.99,7.01,87.43,93.72,4.14,2.42,6.33,1.44,4.53,0,-1.33,0,395.45,0.34,6.19,0.3,402.28,3.87,-3281.17,0.31,-5.0300000000002
Aug 2081,384.54,6.01,82.59,88.81,3.31,2.58,5.91,1.2,4.28,0,-1.25,0,374.24,0.32,5.74,0.26,380.56,4.29,-3283.17,0.42,-2.0
Sep 2081,13.57,1.18,51.02,50.5,5.79,3.52,8.85,2.86,0.15,0,-0.77,0,12.24,0.2,8.8,0.23,21.46,4.0,-3285.1,-0.29,-1.92999999999984
Oct 2081,85.1,1.76,51.23,54.51,2.01,2.95,4.07,0.15,0.95,0,-0.77,0,82.39,0.2,3.79,0.02,86.39,3.46,-3291.95,-0.54,-6.849999999999911
Nov 2081,145.88,2.71,77.23,81.71,1.51,2.41,3.81,0.0,1.62,0,-1.16,0,141.54,0.3,3.51,0.0,145.35,2.65,-3295.7,-0.81,-3.75
Dec 2081,61.14,1.63,61.88,64.52,1.5,1.83,3.82,0.0,0.68,0,-0.93,0,58.83,0.24,3.51,0.0,62.58,2.04,-3299.05,-0.61,-3.35000000000036
Jan 2082,102.16,1.72,56.16,58.37,1.95,1.82,3.82,0.0,1.14,0,-0.84,0,99.3,0.21,3.51,0.0,103.03,2.02,-3303.12,-0.02,-4.06999999999971
Feb 2082,96.56,1.52,81.51,83.93,1.83,1.82,3.83,0.0,1.08,0,-1.22,0,93.96,0.31,3.52,0.0,97.8,2.47,-3306.64,0.45,-3.5199999999999796
Mar 2082,42.73,2.05,77.52,79.24,3.03,1.83,3.83,0.0,0.48,0,-1.18,0,40.21,0.3,3.54,0.0,44.05,2.77,-3310.61,0.3,-3.9700000000002498
Apr 2082,92.18,3.51,179.99,184.93,2.44,1.85,3.91,0.05,1.03,0,-2.72,0,87.64,0.69,3.64,0.01,91.98,4.26,-3315.14,1.49,-4.529999999999751
May 2082,155.84,4.87,222.52,227.13,5.44,2.68,7.35,1.99,1.74,0,-3.36,0,149.24,0.85,7.24,0.25,157.59,5.08,-3320.7,0.82,-5.55999999999995
Jun 2082,124.06,2.84,160.32,162.55,5.65,3.24,8.67,2.73,1.38,0,-2.41,0,119.84,0.61,8.63,0.31,129.39,5.96,-3327.94,0.88,-7.240000000000241
Jul 2082,276.0,4.08,152.35,157.1,4.58,3.56,7.46,2.04,3.07,0,-2.28,0,268.85,0.58,7.36,0.31,277.09,5.68,-3335.21,-0.28,-7.269999999999981
Aug 2082,184.27,3.14,82.62,85.24,4.92,3.46,7.86,2.27,2.05,0,-1.24,0,179.08,0.32,7.76,0.27,187.43,4.76,-3340.14,-0.92,-4.92999999999984
Sep 2082,90.8,1.66,34.93,35.84,4.93,3.8,7.88,2.28,1.01,0,-0.53,0,88.13,0.13,7.77,0.22,96.25,4.05,-3345.2,-0.71,-5.05999999999995
Oct 2082,90.31,1.21,44.63,47.98,1.72,3.37,4.05,0.1,1.01,0,-0.67,0,88.1,0.17,3.75,0.01,92.04,3.02,-3350.53,-1.03,-5.330000000000379
Nov 2082,23.92,0.39,42.88,44.54,1.61,2.41,3.87,0.0,0.27,0,-0.64,0,23.27,0.16,3.56,0.0,26.99,1.56,-3354.15,-1.46,-3.6199999999998904
Dec 2082,14.79,0.21,38.02,38.95,1.56,1.85,3.88,0.0,0.16,0,-0.57,0,14.41,0.14,3.56,0.0,18.11,1.08,-3358.4,-0.48,-4.25
Jan 2083,115.33,1.51,91.22,93.99,1.61,1.85,3.89,0.0,1.28,0,-1.36,0,112.53,0.35,3.56,0.0,116.44,1.11,-3362.67,0.03,-4.26999999999998
Feb 2083,68.58,0.95,56.89,58.7,1.63,1.85,3.89,0.0,0.76,0,-0.85,0,66.87,0.22,3.58,0.0,70.67,1.18,-3366.63,0.0699999999999998,-3.96000000000004
Mar 2083,130.87,1.67,96.81,99.83,1.58,1.86,3.9,0.0,1.46,0,-1.44,0,127.74,0.37,3.59,0.0,131.7,1.27,-3370.6,0.0900000000000001,-3.9699999999998
Apr 2083,19.82,0.28,54.5,55.6,1.71,1.92,4.1,0.12,0.22,0,-0.81,0,19.32,0.21,3.8,0.01,23.34,1.29,-3374.48,0.02,-3.8800000000001096
May 2083,198.03,2.55,123.92,127.18,4.12,3.46,6.95,1.72,2.2,0,-1.85,0,193.28,0.47,6.77,0.25,200.77,1.26,-3379.07,-0.03,-4.59000000000015
Jun 2083,88.86,1.31,62.96,62.43,6.06,3.52,9.23,3.01,0.99,0,-0.94,0,86.57,0.24,9.14,0.32,96.26,0.38,-3384.18,-0.88,-5.10999999999967
Jul 2083,449.14,5.61,82.76,88.25,3.46,2.41,6.17,1.28,5.0,0,-1.23,0,438.52,0.31,5.94,0.3,445.07,0.0,-3390.67,-0.38,-6.490000000000241
Aug 2083,344.8,4.58,85.91,90.26,3.66,2.47,6.41,1.41,3.84,0,-1.28,0,336.38,0.33,6.18,0.27,343.16,0.0,-3392.09,0.0,-1.42000000000007
Sep 2083,180.85,2.35,68.17,69.75,4.13,2.61,6.97,1.72,2.01,0,-1.02,0,176.48,0.26,6.77,0.21,183.72,0.0,-3394.8,0.0,-2.71000000000004
Oct 2083,108.17,1.57,52.66,54.21,2.86,2.25,5.48,0.88,1.2,0,-0.79,0,105.4,0.2,5.21,0.09,110.91,0.0,-3399.27,0.0,-4.4699999999998
Nov 2083,84.82,1.06,56.24,58.25,1.55,1.88,3.94,0.0,0.94,0,-0.84,0,82.81,0.21,3.61,0.0,86.63,0.0,-3403.54,0.0,-4.26999999999998
Dec 2083,148.67,1.91,80.22,83.29,1.61,1.88,3.94,0.0,1.66,0,-1.2,0,145.11,0.3,3.61,0.0,149.02,0.0,-3407.37,0.0,-3.8299999999999303
Jan 2084,102.23,1.4,69.04,71.41,1.68,1.88,3.95,0.0,1.14,0,-1.03,0,99.69,0.26,3.62,0.0,103.57,0.05,-3410.85,0.05,-3.4800000000000204
Feb 2084,72.12,1.13,53.85,55.68,1.79,1.89,3.96,0.0,0.8,0,-0.81,0,70.18,0.2,3.63,0.0,74.02,0.18,-3414.69,0.13,-3.8400000000001495
Mar 2084,39.42,0.66,64.89,66.43,1.73,1.89,3.96,0.0,0.44,0,-0.97,0,38.32,0.25,3.65,0.0,42.22,0.4,-3418.64,0.22,-3.94999999999982
Apr 2084,124.98,1.72,156.03,159.62,1.77,1.9,4.01,0.03,1.39,0,-2.33,0,121.86,0.59,3.69,0.01,126.15,0.55,-3423.13,0.15,-4.49000000000024
May 2084,140.83,2.21,115.61,117.74,4.76,3.39,7.73,2.13,1.57,0,-1.73,0,137.05,0.44,7.56,0.26,145.31,0.71,-3428.05,0.16,-4.92000000000007
Jun 2084,53.19,1.81,55.3,54.73,6.38,3.38,9.64,3.21,0.59,0,-0.84,0,50.79,0.21,9.55,0.31,60.87,0.11,-3434.07,-0.6,-6.019999999999981
Jul 2084,90.55,4.65,33.53,33.45,8.41,3.27,9.65,3.21,1.01,0,-0.55,0,84.89,0.14,9.55,0.32,94.91,0.0,-3441.06,-0.11,-6.989999999999781
Aug 2084,267.63,5.22,67.8,71.75,4.75,2.71,7.33,1.89,2.98,0,-1.04,0,259.43,0.26,7.16,0.28,267.14,2.02,-3447.37,2.02,-6.30999999999995
Sep 2084,145.17,2.69,46.91,48.64,4.51,3.02,7.42,1.94,1.62,0,-0.71,0,140.87,0.18,7.28,0.21,148.54,2.33,-3451.15,0.31,-3.7800000000002
Oct 2084,30.97,0.64,25.04,25.44,3.09,2.56,5.78,1.01,0.34,0,-0.38,0,29.98,0.1,5.54,0.08,35.69,2.02,-3455.93,-0.31,-4.779999999999751
Nov 2084,3.73,0.47,29.61,30.5,1.82,1.91,4.0,0.0,0.04,0,-0.45,0,3.22,0.11,3.68,0.0,7.01,1.78,-3460.82,-0.24,-4.89000000000033
Dec 2084,34.66,0.9,46.1,47.85,1.58,1.91,4.01,0.0,0.39,0,-0.69,0,33.37,0.18,3.68,0.0,37.23,2.02,-3465.22,0.24,-4.39999999999964
Jan 2085,109.97,1.9,79.01,81.59,2.12,1.92,4.02,0.0,1.22,0,-1.18,0,106.85,0.3,3.68,0.0,110.83,2.02,-3469.54,0.0,-4.32000000000016
Feb 2085,52.78,1.0,47.7,49.22,1.93,1.92,4.02,0.0,0.59,0,-0.72,0,51.19,0.18,3.7,0.0,55.08,2.55,-3473.51,0.53,-3.9700000000002498
Mar 2085,220.04,3.07,129.08,133.58,1.93,1.92,4.03,0.0,2.45,0,-1.93,0,214.52,0.49,3.72,0.0,218.73,2.88,-3477.65,0.33,-4.13999999999987
Apr 2085,123.94,1.86,104.11,108.52,1.69,3.08,4.13,0.06,1.38,0,-1.55,0,120.7,0.4,3.84,0.01,124.95,3.19,-3481.15,0.31,-3.5
May 2085,184.58,3.52,164.91,168.67,4.29,2.69,7.18,1.78,2.06,0,-2.47,0,179.0,0.63,7.0,0.25,186.88,2.02,-3485.41,-1.17,-4.25999999999976
Jun 2085,117.48,3.91,110.84,112.41,6.74,3.15,9.09,2.86,1.31,0,-1.69,0,112.26,0.43,8.99,0.32,122.0,2.02,-3491.47,0.0,-6.05999999999995
Jul 2085,322.21,6.54,72.64,77.46,5.25,2.7,7.22,1.8,3.59,0,-1.12,0,312.09,0.28,7.09,0.3,319.76,2.85,-3498.4,0.83,-6.930000000000289
Aug 2085,127.82,1.89,55.88,57.2,5.54,4.34,8.69,2.63,1.42,0,-0.84,0,124.51,0.21,8.61,0.28,133.61,3.74,-3501.66,0.89,-3.25999999999976
Sep 2085,183.03,2.67,61.19,64.08,4.39,3.93,7.34,1.86,2.04,0,-0.92,0,178.32,0.23,7.18,0.23,185.96,2.39,-3507.41,-1.35,-5.75
Oct 2085,8.23,0.97,18.72,19.22,3.89,3.19,6.18,1.2,0.09,0,-0.29,0,7.16,0.07,5.95,0.09,13.28,1.15,-3512.0,-1.24,-4.59000000000015
Nov 2085,150.41,2.33,74.32,77.37,2.05,1.94,4.07,0.0,1.67,0,-1.11,0,146.41,0.28,3.73,0.0,150.42,0.87,-3517.27,-0.28,-5.26999999999998
Dec 2085,35.93,0.82,50.36,51.71,1.98,1.94,4.08,0.0,0.4,0,-0.76,0,34.71,0.19,3.74,0.0,38.64,1.31,-3520.77,0.44,-3.5
Jan 2086,27.83,0.55,41.4,42.54,1.81,1.95,4.08,0.0,0.31,0,-0.62,0,26.97,0.16,3.75,0.0,30.87,1.69,-3525.2,0.38,-4.42999999999984
Feb 2086,129.67,2.02,74.2,76.98,2.02,1.95,4.09,0.0,1.44,0,-1.11,0,126.2,0.28,3.76,0.0,130.25,1.89,-3529.59,0.2,-4.39000000000033
Mar 2086,130.53,2.17,123.59,126.92,2.16,1.95,4.09,0.0,1.45,0,-1.85,0,126.91,0.47,3.78,0.0,131.16,2.28,-3533.34,0.39,-3.75
Apr 2086,21.16,0.91,107.61,110.78,1.66,2.71,4.13,0.02,0.24,0,-1.61,0,20.02,0.41,3.83,0.0,24.26,2.8,-3537.83,0.52,-4.48999999999978
May 2086,28.17,1.05,123.49,123.87,5.87,3.81,9.1,2.83,0.31,0,-1.85,0,26.8,0.47,9.0,0.26,36.53,2.02,-3543.31,-0.78,-5.480000000000019
Jun 2086,72.18,2.31,55.44,55.27,6.38,3.27,9.52,3.06,0.8,0,-0.85,0,69.07,0.22,9.43,0.31,79.03,1.35,-3551.38,-0.67,-8.07000000000016
Jul 2086,277.09,5.47,68.24,72.08,5.24,2.84,7.71,2.04,3.09,0,-1.05,0,268.54,0.27,7.54,0.31,276.66,1.48,-3558.19,0.13,-6.80999999999995
Aug 2086,185.4,3.81,41.13,43.29,5.06,2.94,8.13,2.27,2.06,0,-0.63,0,179.52,0.16,7.98,0.27,187.94,2.02,-3562.13,0.54,-3.94000000000005
Sep 2086,221.83,3.99,75.27,78.81,3.91,2.62,6.79,1.51,2.47,0,-1.14,0,215.37,0.29,6.58,0.21,222.46,2.02,-3566.84,0.0,-4.71000000000004
Oct 2086,48.94,1.11,31.57,32.58,2.73,2.28,5.41,0.73,0.54,0,-0.48,0,47.29,0.12,5.13,0.06,52.6,2.02,-3571.0,0.0,-4.15999999999985
Nov 2086,155.58,2.74,87.43,91.49,1.64,1.98,4.14,0.0,1.73,0,-1.31,0,151.1,0.33,3.8,0.0,155.24,2.02,-3575.68,0.0,-4.67999999999984
Dec 2086,161.03,2.46,95.02,98.89,1.64,1.98,4.15,0.0,1.79,0,-1.42,0,156.78,0.36,3.8,0.0,160.94,2.02,-3579.4,0.0,-3.7200000000002498
Jan 2087,109.07,1.76,65.3,67.72,2.04,1.98,4.15,0.0,1.21,0,-0.98,0,106.1,0.25,3.81,0.0,110.16,2.02,-3583.17,0.0,-3.7699999999999796
Feb 2087,16.7,0.67,44.58,45.63,2.1,1.98,4.16,0.0,0.19,0,-0.67,0,15.84,0.17,3.83,0.0,19.84,2.42,-3587.08,0.4,-3.9099999999998505
Mar 2087,41.08,2.01,98.79,100.75,3.14,1.99,4.16,0.0,0.46,0,-1.49,0,38.62,0.38,3.85,0.0,42.84,2.87,-3591.72,0.45,-4.63999999999987
Apr 2087,75.11,2.6,143.02,147.47,1.77,2.02,4.27,0.06,0.84,0,-2.15,0,71.67,0.55,3.98,0.01,76.21,4.33,-3596.91,1.46,-5.19000000000005
May 2087,102.44,4.72,216.08,219.45,6.75,2.96,8.17,2.26,1.14,0,-3.27,0,96.58,0.83,8.05,0.25,105.71,4.32,-3602.45,-0.00999999999999979,-5.539999999999959
Jun 2087,19.2,1.23,136.12,136.0,7.09,4.22,10.54,3.6,0.21,0,-2.04,0,17.75,0.52,10.55,0.34,29.16,5.96,-3610.73,1.64,-8.2800000000002
Jul 2087,501.76,7.97,156.35,165.1,4.09,3.12,6.18,1.13,5.59,0,-2.35,0,488.2,0.6,5.97,0.3,495.07,5.23,-3619.84,-0.73,-9.11000000000013
Aug 2087,406.44,6.98,121.47,128.7,3.59,2.47,6.12,1.09,4.53,0,-1.84,0,394.93,0.47,5.91,0.26,401.57,5.27,-3621.95,0.0399999999999991,-2.10999999999967
Sep 2087,37.26,1.86,48.81,48.86,5.83,3.46,9.08,2.76,0.41,0,-0.75,0,34.98,0.19,8.98,0.23,44.39,5.51,-3624.54,0.24,-2.59000000000015
Oct 2087,78.54,1.36,65.83,69.44,1.81,3.33,4.37,0.1,0.87,0,-0.99,0,76.31,0.25,4.05,0.01,80.62,5.21,-3631.42,-0.3,-6.880000000000111
Nov 2087,99.0,1.4,75.66,79.73,1.67,3.5,4.21,0.0,1.1,0,-1.13,0,96.5,0.29,3.87,0.0,100.66,3.91,-3635.82,-1.3,-4.40000000000009
Dec 2087,24.41,0.41,57.62,59.39,1.67,2.39,4.21,0.0,0.27,0,-0.86,0,23.73,0.22,3.88,0.0,27.82,2.41,-3640.05,-1.5,-4.23000000000002
Jan 2088,30.14,0.54,47.53,48.79,1.83,2.02,4.22,0.0,0.34,0,-0.71,0,29.27,0.18,3.88,0.0,33.32,2.02,-3644.85,-0.39,-4.799999999999731
Feb 2088,45.07,0.84,57.16,58.71,1.95,2.02,4.23,0.0,0.5,0,-0.86,0,43.73,0.22,3.9,0.0,47.85,2.18,-3649.44,0.16,-4.59000000000015
Mar 2088,46.39,1.04,76.3,78.08,2.13,2.02,4.23,0.0,0.52,0,-1.14,0,44.84,0.29,3.92,0.0,49.05,2.43,-3654.02,0.25,-4.57999999999993
Apr 2088,20.31,2.24,149.68,153.58,2.06,2.04,4.32,0.05,0.23,0,-2.26,0,17.85,0.57,4.02,0.0,22.45,2.86,-3658.87,0.43,-4.84999999999991
May 2088,183.86,4.28,172.77,176.96,4.88,2.84,7.61,1.91,2.05,0,-2.6,0,177.53,0.66,7.47,0.26,185.92,3.12,-3665.18,0.26,-6.30999999999995
Jun 2088,395.9,7.4,111.88,118.64,4.51,2.6,6.61,1.34,4.41,0,-1.7,0,384.09,0.43,6.44,0.3,391.26,3.39,-3671.7,0.27,-6.519999999999981
Jul 2088,206.6,3.69,79.59,82.4,5.44,3.67,8.64,2.49,2.3,0,-1.2,0,200.6,0.31,8.55,0.32,209.77,4.14,-3674.57,0.75,-2.87000000000035
Aug 2088,340.29,5.41,89.12,94.82,3.87,3.16,6.8,1.44,3.79,0,-1.34,0,331.09,0.34,6.61,0.27,338.31,3.53,-3679.95,-0.61,-5.379999999999651
Sep 2088,222.8,3.34,74.65,78.54,4.06,3.79,7.06,1.59,2.48,0,-1.12,0,216.98,0.28,6.88,0.22,224.37,2.99,-3683.13,-0.54,-3.18000000000029
Oct 2088,168.91,2.34,75.25,78.58,1.9,2.05,4.32,0.03,1.88,0,-1.12,0,164.7,0.29,3.98,0.01,168.97,1.86,-3687.47,-1.13,-4.33999999999969
Nov 2088,76.49,1.25,64.21,66.52,1.7,2.04,4.28,0.0,0.85,0,-0.96,0,74.39,0.24,3.93,0.0,78.56,2.02,-3691.02,0.16,-3.55000000000018
Dec 2088,158.86,2.26,76.44,79.9,1.7,2.05,4.29,0.0,1.77,0,-1.14,0,154.83,0.29,3.93,0.0,159.05,2.02,-3695.4,0.0,-4.38000000000011
Jan 2089,152.0,2.14,76.33,79.42,1.96,2.05,4.29,0.0,1.69,0,-1.14,0,148.16,0.29,3.94,0.0,152.39,2.02,-3699.06,0.0,-3.6599999999998505
Feb 2089,13.83,0.5,45.58,46.62,2.03,2.05,4.3,0.0,0.15,0,-0.68,0,13.17,0.17,3.96,0.0,17.31,2.28,-3702.79,0.26,-3.7300000000000204
Mar 2089,291.43,4.52,170.72,176.59,2.61,2.06,4.3,0.0,3.24,0,-2.56,0,283.66,0.65,3.98,0.0,288.29,2.59,-3707.62,0.31,-4.82999999999993
Apr 2089,55.12,1.72,145.49,149.83,1.76,2.75,4.35,0.03,0.61,0,-2.18,0,52.78,0.56,4.04,0.0,57.38,3.46,-3711.23,0.87,-3.61000000000013
May 2089,107.65,2.75,199.61,202.79,5.14,3.35,8.32,2.27,1.2,0,-2.99,0,103.71,0.76,8.2,0.25,112.92,2.76,-3717.12,-0.7,-5.88999999999987
Jun 2089,150.48,3.12,68.78,70.61,5.56,3.5,8.81,2.54,1.68,0,-1.04,0,145.69,0.27,8.72,0.3,154.98,2.41,-3725.22,-0.35,-8.09999999999991
Jul 2089,246.19,5.47,60.53,63.96,5.75,3.01,8.24,2.21,2.74,0,-0.94,0,237.98,0.24,8.07,0.31,246.6,2.02,-3731.16,-0.39,-5.94000000000005
Aug 2089,418.93,7.29,94.96,102.14,3.72,2.53,6.23,1.08,4.66,0,-1.44,0,406.98,0.37,6.01,0.26,413.61,2.71,-3735.69,0.69,-4.5300000000002
Sep 2089,44.3,3.61,39.68,39.83,7.19,3.25,9.19,2.75,0.49,0,-0.64,0,40.19,0.16,9.08,0.24,49.68,3.04,-3737.88,0.33,-2.19000000000005
Oct 2089,98.13,2.05,56.41,59.91,2.33,3.14,5.05,0.4,1.09,0,-0.85,0,94.99,0.22,4.75,0.04,100.0,4.34,-3744.7,1.3,-6.819999999999711
Nov 2089,192.06,2.7,96.77,102.3,1.72,3.47,4.35,0.0,2.14,0,-1.45,0,187.22,0.37,4.0,0.0,191.59,3.43,-3749.16,-0.91,-4.46000000000004
Dec 2089,8.48,0.48,36.13,37.36,1.73,2.08,4.36,0.0,0.09,0,-0.54,0,7.91,0.14,4.01,0.0,12.05,2.03,-3752.81,-1.4,-3.65000000000009
Jan 2090,48.01,1.14,46.73,48.21,2.27,2.09,4.36,0.0,0.53,0,-0.7,0,46.33,0.18,4.0,0.0,50.52,2.02,-3757.61,-0.00999999999999979,-4.800000000000179
Feb 2090,53.36,1.32,57.45,59.12,2.39,2.09,4.37,0.0,0.59,0,-0.87,0,51.45,0.22,4.03,0.0,55.69,2.56,-3762.15,0.54,-4.53999999999996
Mar 2090,120.25,2.35,111.38,114.48,2.59,2.09,4.38,0.0,1.34,0,-1.67,0,116.56,0.43,4.04,0.0,121.02,3.2,-3766.78,0.64,-4.63000000000011
Apr 2090,148.41,2.52,200.98,207.13,1.77,3.17,4.4,0.01,1.65,0,-3.0,0,144.24,0.76,4.08,0.0,149.09,4.04,-3771.49,0.84,-4.70999999999958
May 2090,222.54,3.33,205.4,210.77,3.94,3.7,6.99,1.47,2.48,0,-3.07,0,216.73,0.78,6.79,0.23,224.54,2.95,-3777.23,-1.09,-5.740000000000241
Jun 2090,153.78,2.59,165.62,168.24,5.5,3.68,8.82,2.51,1.71,0,-2.48,0,149.48,0.63,8.67,0.3,159.08,1.91,-3783.57,-1.04,-6.34000000000015
Jul 2090,284.83,4.7,150.24,154.47,5.07,2.92,7.77,1.91,3.17,0,-2.25,0,276.96,0.57,7.57,0.3,285.39,1.38,-3790.94,-0.53,-7.369999999999889
Aug 2090,365.25,5.03,108.94,114.21,3.8,2.82,6.83,1.38,4.07,0,-1.63,0,356.14,0.41,6.59,0.27,363.42,1.82,-3796.18,0.44,-5.23999999999978
Sep 2090,242.1,3.23,68.84,72.19,3.87,3.22,6.91,1.42,2.7,0,-1.03,0,236.17,0.26,6.67,0.21,243.31,1.67,-3799.47,-0.15,-3.28999999999996
Oct 2090,98.55,1.53,61.52,63.46,2.59,2.32,5.26,0.48,1.1,0,-0.92,0,95.92,0.23,4.93,0.05,101.14,1.15,-3803.51,-0.52,-4.04000000000042
Nov 2090,77.64,1.12,64.15,66.19,1.91,2.12,4.43,0.0,0.86,0,-0.96,0,75.65,0.24,4.06,0.0,79.95,1.27,-3808.17,0.12,-4.65999999999985
Dec 2090,39.7,0.69,50.52,51.94,1.95,2.12,4.43,0.0,0.44,0,-0.76,0,38.57,0.19,4.07,0.0,42.83,1.43,-3812.68,0.16,-4.50999999999976
Jan 2091,134.71,1.75,90.38,93.42,1.84,2.12,4.44,0.0,1.5,0,-1.35,0,131.45,0.34,4.07,0.0,135.87,1.62,-3817.43,0.19,-4.75
Feb 2091,81.48,1.13,57.17,59.18,1.88,2.12,4.44,0.0,0.91,0,-0.85,0,79.44,0.22,4.09,0.0,83.74,1.7,-3821.71,0.0799999999999998,-4.2800000000002
Mar 2091,130.54,1.93,81.29,84.18,2.08,2.13,4.45,0.0,1.45,0,-1.21,0,127.15,0.31,4.11,0.0,131.57,1.81,-3826.1,0.11,-4.38999999999987
Apr 2091,45.42,1.27,156.97,160.2,2.05,2.25,4.77,0.18,0.51,0,-2.35,0,43.64,0.6,4.46,0.02,48.72,2.1,-3830.3,0.29,-4.20000000000027
May 2091,46.9,1.51,198.92,200.37,5.89,3.61,9.32,2.75,0.52,0,-2.98,0,44.87,0.76,9.19,0.27,55.08,2.02,-3836.75,-0.0800000000000001,-6.44999999999982
Jun 2091,148.66,3.66,137.43,139.73,6.21,3.3,9.27,2.72,1.66,0,-2.07,0,143.34,0.53,9.13,0.32,153.32,1.69,-3846.05,-0.33,-9.30000000000018
Jul 2091,264.57,4.77,91.99,95.82,5.04,3.06,8.29,2.16,2.95,0,-1.39,0,256.86,0.35,8.1,0.31,265.63,2.02,-3853.34,0.33,-7.289999999999959
Aug 2091,525.72,8.2,145.48,154.83,2.95,2.47,5.84,0.77,5.85,0,-2.19,0,511.67,0.56,5.55,0.26,518.04,2.02,-3858.22,0.0,-4.87999999999965
Sep 2091,11.29,1.5,37.78,36.91,6.2,3.4,9.67,2.93,0.13,0,-0.58,0,9.66,0.15,9.53,0.24,19.58,2.02,-3859.89,0.0,-1.67000000000007
Oct 2091,103.43,2.14,47.84,50.35,2.53,2.36,5.37,0.5,1.15,0,-0.72,0,100.14,0.18,5.04,0.06,105.42,2.02,-3867.32,0.0,-7.430000000000289
Nov 2091,37.15,1.62,62.94,65.64,1.79,2.15,4.5,0.0,0.41,0,-0.95,0,35.12,0.24,4.13,0.0,39.5,2.02,-3871.82,0.0,-4.5
Dec 2091,179.34,2.9,100.23,104.61,1.79,2.16,4.51,0.0,2.0,0,-1.5,0,174.44,0.38,4.14,0.0,178.96,2.02,-3876.85,0.0,-5.029999999999751
Jan 2092,177.89,2.55,90.32,93.9,2.13,2.16,4.51,0.0,1.98,0,-1.35,0,173.36,0.34,4.14,0.0,177.84,2.02,-3880.86,0.0,-4.01000000000022
Feb 2092,58.05,1.03,62.42,64.21,2.1,2.16,4.52,0.0,0.65,0,-0.93,0,56.37,0.24,4.17,0.0,60.77,2.37,-3884.74,0.35,-3.87999999999965
Mar 2092,33.77,0.91,82.63,84.34,2.28,2.16,4.53,0.0,0.38,0,-1.24,0,32.48,0.31,4.19,0.0,36.98,2.66,-3889.55,0.29,-4.8100000000004
Apr 2092,61.48,1.65,142.15,146.44,2.12,3.18,4.89,0.2,0.68,0,-2.13,0,59.14,0.54,4.58,0.02,64.29,3.11,-3894.93,0.45,-5.379999999999651
May 2092,115.21,2.23,128.99,130.92,5.17,3.43,8.5,2.25,1.28,0,-1.93,0,111.7,0.49,8.36,0.26,120.81,2.16,-3901.09,-0.95,-6.16000000000031
Jun 2092,50.77,2.61,54.19,53.99,7.01,3.59,10.37,3.3,0.57,0,-0.84,0,47.6,0.21,10.27,0.32,58.4,1.79,-3908.25,-0.37,-7.15999999999985
Jul 2092,162.48,4.21,51.52,53.32,6.38,3.37,9.47,2.78,1.81,0,-0.8,0,156.46,0.2,9.33,0.32,166.31,2.02,-3915.91,0.23,-7.65999999999985
Aug 2092,280.31,5.16,76.39,80.92,4.6,3.11,7.82,1.85,3.12,0,-1.16,0,272.04,0.3,7.64,0.28,280.25,2.39,-3921.91,0.37,-6.0
Sep 2092,55.4,2.07,28.23,28.32,5.78,3.47,9.21,2.63,0.62,0,-0.44,0,52.71,0.11,9.08,0.23,62.13,2.21,-3926.21,-0.18,-4.30000000000018
Oct 2092,20.37,2.06,64.4,66.48,3.34,2.62,6.36,1.01,0.23,0,-0.99,0,18.08,0.25,6.07,0.08,24.48,2.02,-3932.84,-0.19,-6.630000000000111
Nov 2092,77.09,1.7,74.43,77.34,1.82,2.19,4.58,0.0,0.86,0,-1.12,0,74.53,0.28,4.2,0.0,79.02,2.02,-3939.02,0.0,-6.17999999999984
Dec 2092,72.24,1.76,64.09,66.95,1.82,2.19,4.58,0.0,0.8,0,-0.97,0,69.67,0.25,4.21,0.0,74.13,2.02,-3943.85,0.0,-4.82999999999993
Jan 2093,39.11,1.08,47.78,49.18,2.42,2.2,4.59,0.0,0.44,0,-0.72,0,37.59,0.18,4.21,0.0,41.99,2.02,-3948.6,0.0,-4.75
Feb 2093,49.63,1.29,53.41,55.01,2.5,2.2,4.6,0.0,0.55,0,-0.81,0,47.78,0.2,4.23,0.0,52.22,2.62,-3953.47,0.6,-4.86999999999989
Mar 2093,62.19,1.34,69.82,71.75,2.39,2.2,4.6,0.0,0.69,0,-1.05,0,60.15,0.27,4.25,0.0,64.67,3.27,-3958.32,0.65,-4.85000000000036
Apr 2093,36.46,1.1,113.73,117.6,1.92,3.41,4.69,0.05,0.41,0,-1.7,0,34.95,0.43,4.36,0.01,39.75,3.81,-3963.28,0.54,-4.96000000000004
May 2093,17.62,1.5,97.48,97.93,6.11,3.96,9.62,2.83,0.2,0,-1.47,0,15.93,0.37,9.51,0.25,26.07,2.6,-3969.22,-1.21,-5.9399999999996
Jun 2093,182.81,3.25,72.92,74.83,5.47,3.3,8.91,2.43,2.04,0,-1.1,0,177.52,0.28,8.74,0.31,186.85,2.02,-3977.54,-0.58,-8.32000000000016
Jul 2093,468.45,7.0,85.41,92.35,3.74,2.73,6.74,1.2,5.22,0,-1.29,0,456.23,0.33,6.47,0.3,463.33,1.93,-3983.39,-0.0900000000000001,-5.849999999999911
Aug 2093,364.77,6.09,89.65,95.7,3.83,2.78,6.95,1.31,4.06,0,-1.36,0,354.61,0.35,6.69,0.26,361.91,2.02,-3985.3,0.0900000000000001,-1.91000000000031
Sep 2093,78.52,1.49,18.61,18.76,5.49,3.94,8.95,2.44,0.87,0,-0.28,0,76.16,0.07,8.76,0.23,85.22,2.02,-3988.5,0.0,-3.19999999999982
Oct 2093,187.09,2.64,75.9,79.39,2.25,2.25,4.77,0.07,2.08,0,-1.13,0,182.37,0.29,4.4,0.02,187.08,1.32,-3994.65,-0.7,-6.150000000000089
Nov 2093,180.3,2.91,76.92,80.66,2.25,2.23,4.66,0.0,2.01,0,-1.16,0,175.38,0.29,4.28,0.0,179.95,1.62,-3998.42,0.3,-3.7699999999999796
Dec 2093,34.08,1.05,44.22,46.14,1.85,2.23,4.66,0.0,0.38,0,-0.67,0,32.65,0.17,4.28,0.0,37.1,2.02,-4002.22,0.4,-3.79999999999973
Jan 2094,152.56,2.41,76.51,79.64,2.37,2.23,4.67,0.0,1.7,0,-1.15,0,148.46,0.29,4.28,0.0,153.03,2.02,-4007.17,0.0,-4.950000000000269
Feb 2094,22.94,0.93,51.26,52.51,2.5,2.24,4.68,0.0,0.26,0,-0.77,0,21.76,0.2,4.31,0.0,26.26,2.54,-4011.28,0.52,-4.11000000000013
Mar 2094,63.14,1.88,92.95,95.16,2.96,2.24,4.68,0.0,0.7,0,-1.4,0,60.56,0.36,4.32,0.0,65.24,3.16,-4016.47,0.62,-5.1899999999996
Apr 2094,118.63,4.05,168.54,174.13,2.61,2.25,4.72,0.02,1.32,0,-2.55,0,113.25,0.65,4.38,0.0,118.28,4.23,-4021.85,1.07,-5.380000000000111
May 2094,73.94,3.79,140.15,142.17,6.69,3.33,9.18,2.54,0.82,0,-2.13,0,69.33,0.54,9.04,0.26,79.18,4.91,-4027.78,0.68,-5.930000000000289
Jun 2094,53.17,2.07,110.96,111.71,6.65,4.08,10.29,3.17,0.59,0,-1.67,0,50.5,0.43,10.22,0.31,61.45,5.87,-4035.99,0.96,-8.20999999999958
Jul 2094,434.36,8.5,182.56,191.48,4.44,2.79,6.94,1.26,4.84,0,-2.76,0,421.02,0.7,6.71,0.29,428.72,5.35,-4044.51,-0.52,-8.52000000000044
Aug 2094,397.4,5.42,154.53,162.15,3.64,4.12,6.81,1.19,4.42,0,-2.31,0,387.55,0.59,6.56,0.27,394.96,5.96,-4048.4,0.61,-3.88999999999987
Sep 2094,119.92,1.75,47.05,49.03,5.07,4.77,8.49,2.14,1.34,0,-0.7,0,116.83,0.18,8.31,0.22,125.53,4.54,-4052.17,-1.42,-3.7699999999999796
Oct 2094,48.32,1.15,29.42,31.97,3.17,4.23,5.79,0.6,0.54,0,-0.45,0,46.63,0.11,5.46,0.05,52.26,2.9,-4058.11,-1.64,-5.94000000000005
Nov 2094,89.19,2.25,70.29,73.23,2.42,2.32,4.74,0.0,0.99,0,-1.06,0,85.95,0.27,4.36,0.0,90.58,1.55,-4063.26,-1.35,-5.15000000000009
Dec 2094,90.9,1.8,87.9,91.07,1.88,2.27,4.74,0.0,1.01,0,-1.32,0,88.09,0.34,4.36,0.0,92.78,2.02,-4068.06,0.47,-4.799999999999731
Jan 2095,128.11,1.93,70.15,72.92,2.22,2.27,4.75,0.0,1.43,0,-1.05,0,124.76,0.27,4.36,0.0,129.39,2.02,-4073.11,0.0,-5.050000000000179
Feb 2095,144.78,2.32,93.98,97.21,2.41,2.28,4.76,0.0,1.61,0,-1.41,0,140.85,0.36,4.38,0.0,145.59,2.36,-4077.48,0.34,-4.36999999999989
Mar 2095,146.28,2.88,119.35,124.76,1.9,3.1,4.76,0.0,1.63,0,-1.79,0,141.77,0.46,4.4,0.0,146.63,2.86,-4082.03,0.5,-4.550000000000179
Apr 2095,147.38,5.41,208.63,215.07,3.61,2.29,4.79,0.01,1.64,0,-3.16,0,140.33,0.8,4.42,0.0,145.55,2.02,-4086.95,-0.84,-4.919999999999621
May 2095,227.35,8.25,252.49,260.17,6.33,2.89,7.27,1.41,2.53,0,-3.84,0,216.57,0.98,7.03,0.23,224.81,3.7,-4093.25,1.68,-6.30000000000018
Jun 2095,127.0,7.88,355.04,364.31,6.08,3.46,9.61,2.73,1.41,0,-5.38,0,117.71,1.37,9.49,0.31,128.88,5.96,-4100.64,2.26,-7.39000000000033
Jul 2095,326.13,5.45,244.54,251.7,4.58,3.56,7.91,1.77,3.63,0,-3.66,0,317.04,0.93,7.71,0.3,325.99,5.96,-4111.8,0.0,-11.1599999999999
Aug 2095,157.53,2.81,167.95,171.4,5.63,4.4,9.18,2.48,1.75,0,-2.51,0,152.97,0.64,9.03,0.28,162.92,5.41,-4118.27,-0.55,-6.47000000000025
Sep 2095,77.37,1.79,135.82,137.96,5.58,4.42,9.13,2.45,0.86,0,-2.03,0,74.72,0.52,8.96,0.23,84.43,4.31,-4126.01,-1.1,-7.739999999999781
Oct 2095,50.15,1.29,137.7,141.58,3.17,4.22,5.6,0.45,0.56,0,-2.06,0,48.31,0.52,5.26,0.04,54.13,3.19,-4134.09,-1.12,-8.079999999999929
Nov 2095,226.69,3.12,195.25,200.94,1.92,2.31,4.82,0.0,2.52,0,-2.91,0,221.04,0.74,4.42,0.0,226.21,2.02,-4140.78,-1.17,-6.6899999999996
Dec 2095,12.1,0.43,135.67,138.0,1.92,2.31,4.83,0.0,0.13,0,-2.02,0,11.53,0.52,4.43,0.0,16.48,2.02,-4145.98,0.0,-5.199999999999821
Jan 2096,98.63,1.61,155.65,159.0,2.3,2.31,4.83,0.0,1.1,0,-2.32,0,95.93,0.59,4.43,0.0,100.95,2.02,-4152.69,0.0,-6.710000000000041
Feb 2096,188.58,2.9,116.14,120.17,2.48,2.32,4.84,0.0,2.1,0,-1.74,0,183.58,0.44,4.45,0.0,188.47,2.4,-4158.75,0.38,-6.0600000000004
Mar 2096,146.24,2.51,113.57,118.65,1.93,3.23,4.85,0.0,1.63,0,-1.7,0,142.1,0.43,4.47,0.0,147.01,2.95,-4163.22,0.55,-4.470000000000249
Apr 2096,124.55,2.56,277.58,283.58,1.99,2.34,4.9,0.03,1.39,0,-4.15,0,120.6,1.06,4.52,0.01,126.19,2.02,-4168.14,-0.93,-4.92000000000007
May 2096,196.33,3.22,303.43,308.67,4.36,3.01,7.69,1.61,2.19,0,-4.53,0,190.93,1.15,7.43,0.23,199.75,2.02,-4175.78,0.0,-7.63999999999942
Jun 2096,101.41,2.82,236.11,238.78,6.38,3.59,10.06,2.94,1.13,0,-3.54,0,97.47,0.9,9.91,0.32,108.59,2.02,-4184.44,0.0,-8.65999999999985
Jul 2096,259.3,6.48,116.51,121.15,6.4,3.23,8.55,2.08,2.89,0,-1.78,0,249.93,0.45,8.33,0.3,259.02,2.02,-4194.28,0.0,-9.84000000000015
Aug 2096,340.87,5.9,146.26,152.95,4.07,3.21,7.36,1.41,3.8,0,-2.2,0,331.18,0.56,7.12,0.26,339.12,3.34,-4199.95,1.32,-5.67000000000007
Sep 2096,213.76,3.13,105.64,109.95,4.16,4.16,7.51,1.49,2.38,0,-1.58,0,208.25,0.4,7.26,0.21,216.11,3.03,-4204.57,-0.31,-4.61999999999989
Oct 2096,85.98,1.31,64.18,66.13,2.55,2.48,5.44,0.31,0.96,0,-0.96,0,83.71,0.24,5.07,0.03,89.06,1.79,-4210.0,-1.24,-5.430000000000289
Nov 2096,379.68,4.87,149.65,156.48,2.05,2.35,4.9,0.0,4.23,0,-2.23,0,370.59,0.57,4.5,0.0,375.66,1.92,-4215.17,0.13,-5.17000000000007
Dec 2096,98.17,1.29,76.46,79.01,1.95,2.35,4.91,0.0,1.09,0,-1.14,0,95.78,0.29,4.51,0.0,100.58,2.02,-4218.07,0.1,-2.89999999999964
Jan 2097,228.18,3.05,104.87,109.26,2.17,2.35,4.92,0.0,2.54,0,-1.56,0,222.6,0.4,4.51,0.0,227.51,2.02,-4223.02,0.0,-4.950000000000731
Feb 2097,91.98,1.55,79.96,82.4,2.37,2.36,4.92,0.0,1.02,0,-1.2,0,89.41,0.3,4.53,0.0,94.24,2.24,-4226.96,0.22,-3.9399999999996003
Mar 2097,105.21,1.63,112.13,115.99,1.97,2.95,4.93,0.0,1.17,0,-1.67,0,102.41,0.43,4.56,0.0,107.39,2.64,-4232.05,0.4,-5.09000000000015
Apr 2097,214.92,3.08,215.24,221.1,1.98,2.36,4.94,0.0,2.39,0,-3.21,0,209.44,0.82,4.54,0.0,214.8,2.02,-4237.48,-0.62,-5.42999999999938
May 2097,83.2,1.74,432.01,437.38,4.16,2.99,7.5,1.45,0.93,0,-6.44,0,80.53,1.64,7.22,0.16,89.55,2.02,-4243.23,0.0,-5.75
Jun 2097,108.3,2.0,492.77,498.39,6.07,4.2,9.78,2.74,1.21,0,-7.35,0,105.09,1.87,9.61,0.3,116.87,2.02,-4254.96,0.0,-11.730000000000501
Jul 2097,246.36,5.24,339.38,345.8,5.9,3.29,8.75,2.15,2.74,0,-5.09,0,238.37,1.29,8.52,0.3,248.48,1.33,-4268.44,-0.69,-13.479999999999599
Aug 2097,171.56,3.66,175.48,178.96,5.53,3.39,9.12,2.36,1.91,0,-2.64,0,165.99,0.67,8.91,0.27,175.85,2.02,-4277.68,0.69,-9.24000000000069
Sep 2097,7.37,1.4,83.75,83.47,6.21,3.58,9.93,2.81,0.08,0,-1.27,0,5.89,0.32,9.75,0.22,16.18,2.02,-4285.45,0.0,-7.769999999999531
Oct 2097,56.79,1.01,94.33,96.49,2.39,2.5,5.46,0.27,0.63,0,-1.41,0,55.15,0.36,5.08,0.03,60.61,2.02,-4293.98,0.0,-8.529999999999749
Nov 2097,99.16,1.59,95.46,98.52,1.99,2.39,4.99,0.0,1.1,0,-1.43,0,96.46,0.36,4.58,0.0,101.41,2.02,-4299.96,0.0,-5.980000000000469
Dec 2097,31.0,0.98,60.26,62.32,1.98,2.39,5.0,0.0,0.35,0,-0.91,0,29.68,0.23,4.58,0.0,34.5,2.02,-4305.27,0.0,-5.3100000000004
Jan 2098,18.87,0.75,44.65,45.79,2.5,2.4,5.0,0.0,0.21,0,-0.67,0,17.91,0.17,4.59,0.0,22.67,2.02,-4310.82,0.0,-5.549999999999269
Feb 2098,35.95,1.6,61.5,63.05,3.14,2.4,5.01,0.0,0.4,0,-0.93,0,33.95,0.24,4.62,0.0,38.8,2.53,-4316.28,0.51,-5.460000000000041
Mar 2098,67.78,2.32,119.42,124.0,2.0,2.93,5.02,0.0,0.75,0,-1.8,0,64.71,0.46,4.63,0.0,69.8,3.66,-4321.82,1.13,-5.539999999999959
Apr 2098,16.82,2.67,231.47,236.43,2.81,2.5,5.42,0.23,0.19,0,-3.48,0,13.96,0.89,5.07,0.02,19.94,3.12,-4327.88,-0.54,-6.0600000000004
May 2098,107.71,4.55,287.61,292.19,6.57,3.36,8.97,2.23,1.2,0,-4.33,0,101.95,1.1,8.78,0.25,112.08,3.55,-4336.39,0.43,-8.51000000000022
Jun 2098,168.02,5.0,249.55,254.24,6.56,3.45,9.32,2.43,1.87,0,-3.76,0,161.16,0.96,9.16,0.3,171.57,4.71,-4346.51,1.16,-10.1199999999999
Jul 2098,319.25,4.9,202.64,209.37,4.69,4.25,8.17,1.77,3.55,0,-3.03,0,310.8,0.77,7.95,0.3,319.82,5.55,-4355.59,0.84,-9.079999999999929
Aug 2098,241.97,3.64,165.26,170.37,5.01,4.64,8.59,2.0,2.69,0,-2.47,0,235.64,0.63,8.38,0.28,244.92,4.43,-4361.76,-1.12,-6.17000000000007
Sep 2098,195.79,2.68,139.18,143.78,4.52,4.89,8.02,1.68,2.18,0,-2.08,0,190.93,0.53,7.77,0.22,199.44,3.01,-4368.4,-1.42,-6.63999999999942
Oct 2098,97.56,1.4,91.99,94.64,2.38,2.61,5.28,0.13,1.09,0,-1.37,0,95.07,0.35,4.9,0.02,100.34,1.22,-4374.85,-1.79,-6.450000000000731
Nov 2098,107.83,1.99,57.21,59.61,2.66,2.43,5.07,0.0,1.2,0,-0.86,0,104.64,0.22,4.66,0.0,109.52,1.25,-4380.31,0.03,-5.460000000000041
Dec 2098,18.29,0.86,46.45,48.11,2.16,2.44,5.08,0.0,0.2,0,-0.7,0,17.23,0.18,4.67,0.0,22.07,1.89,-4385.05,0.64,-4.73999999999978
Jan 2099,129.43,2.3,91.08,94.12,2.71,2.44,5.09,0.0,1.44,0,-1.37,0,125.69,0.35,4.67,0.0,130.72,2.02,-4390.62,0.13,-5.569999999999711
Feb 2099,184.54,2.91,97.71,101.51,2.64,2.44,5.1,0.0,2.05,0,-1.46,0,179.58,0.37,4.7,0.0,184.65,2.71,-4395.63,0.69,-5.01000000000022
Mar 2099,13.15,1.81,97.75,101.46,2.04,2.84,5.1,0.0,0.15,0,-1.48,0,11.19,0.38,4.72,0.0,16.29,3.31,-4400.14,0.6,-4.51000000000022
Apr 2099,173.3,5.48,205.4,212.31,3.34,2.45,5.11,0.0,1.93,0,-3.11,0,165.89,0.79,4.73,0.0,171.42,2.9,-4406.57,-0.41,-6.42999999999938
May 2099,88.09,4.21,206.98,211.05,5.65,3.17,8.08,1.68,0.98,0,-3.13,0,82.9,0.8,7.84,0.18,91.72,4.16,-4412.86,1.26,-6.289999999999959
Jun 2099,200.22,6.8,190.86,197.04,6.19,3.4,9.02,2.2,2.23,0,-2.91,0,191.19,0.74,8.83,0.29,201.05,5.2,-4421.59,1.04,-8.73000000000047
Jul 2099,309.21,4.3,182.55,188.87,4.83,4.81,8.41,1.86,3.44,0,-2.72,0,301.46,0.69,8.2,0.31,310.65,5.96,-4429.37,0.76,-7.77999999999975
Aug 2099,427.58,5.79,184.05,192.7,3.67,4.48,7.05,1.08,4.76,0,-2.75,0,417.03,0.7,6.76,0.26,424.75,4.33,-4435.52,-1.63,-6.150000000000549
Sep 2099,74.78,1.53,102.67,104.59,5.71,4.95,9.46,2.44,0.83,0,-1.54,0,72.42,0.39,9.26,0.22,82.29,2.73,-4439.73,-1.6,-4.2099999999991295
Oct 2099,371.37,4.64,192.68,200.16,2.06,2.75,5.16,0.0,4.13,0,-2.87,0,362.59,0.73,4.75,0.02,368.09,1.25,-4447.68,-1.48,-7.950000000000731
Nov 2099,429.34,5.37,129.37,136.58,2.06,2.48,5.16,0.0,4.78,0,-1.93,0,419.2,0.49,4.74,0.0,424.43,0.96,-4451.59,-0.29,-3.9099999999998505
Dec 2099,17.54,0.22,18.05,18.89,2.05,2.48,5.17,0.0,0.2,0,-0.27,0,17.12,0.07,4.74,0.0,21.94,0.97,-4453.89,0.01,-2.30000000000018
