date,Precipitation,Runoff,SW_In,SW_Out,SW_Diversions,SW_Returns,GW_Diversions,GW_Returns,Recharge,GW_In,SW_to_GW,GW_Out,ET_Land_Surface,ET_SW,ET_Human_Use,ET_GW,ET_Total,Cumulative_Storage_Change_Human_Use,Cumulative_Storage_Change_GW,Monthly_Storage_Change_Human_Use,Monthly_Storage_Change_GW
Jan 2016,137.86,3.3,0,2.73,2.4,0.12,0.1,0.01,2.27,0,-1.89,0,132.29,0.18,0.35,0.0,132.82,30.18,179.32,0.0,0.0
Feb 2016,143.37,2.49,0,2.69,1.21,0.12,0.1,0.01,2.36,0,-1.42,0,138.52,0.13,0.4,0.0,139.06,32.21,179.61,2.03,0.29000000000002
Mar 2016,117.09,2.52,0,2.28,1.65,0.12,0.1,0.01,1.92,0,-1.44,0,112.65,0.13,0.54,0.0,113.32,32.99,180.45,0.780000000000001,0.839999999999975
Apr 2016,127.37,4.42,0,8.83,0.23,2.37,0.1,0.01,2.09,0,-2.52,0,120.86,0.23,0.76,0.01,121.86,34.08,180.84,1.09,0.39000000000001506
May 2016,95.15,4.03,0,1.82,6.12,1.82,1.53,0.0,1.56,0,-2.3,0,89.55,0.21,2.67,6.28,98.71,31.27,180.32,-2.81,-0.52000000000001
Jun 2016,374.22,5.44,0,4.22,8.26,4.22,1.42,0.01,6.15,0,-3.1,0,362.63,0.29,4.94,7.88,375.74,34.44,171.77,3.17,-8.549999999999981
Jul 2016,316.41,3.81,0,3.71,5.78,3.71,1.67,0.0,5.2,0,-2.17,0,307.4,0.2,4.53,8.4,320.53,34.94,165.53,0.5,-6.240000000000009
Aug 2016,486.59,6.27,0,5.13,9.51,5.13,1.18,0.01,8.0,0,-3.58,0,472.32,0.33,5.46,6.96,485.08,34.15,158.49,-0.7899999999999989,-7.03999999999999
Sep 2016,503.74,6.38,0,5.97,7.83,4.11,0.76,0.01,8.28,0,-3.64,0,489.07,0.34,4.31,5.06,498.78,34.24,154.78,0.0900000000000034,-3.7100000000000097
Oct 2016,228.74,2.86,0,4.07,0.38,0.12,0.1,0.01,3.76,0,-1.63,0,222.12,0.15,0.55,0.0,222.82,34.4,153.61,0.15999999999999698,-1.16999999999999
Nov 2016,268.8,3.32,0,4.77,0.39,0.12,0.1,0.01,4.42,0,-1.9,0,261.05,0.18,0.35,0.0,261.58,34.21,155.65,-0.18999999999999803,2.03999999999999
Dec 2016,190.66,2.68,0,3.45,0.72,0.12,0.1,0.01,3.13,0,-1.53,0,184.85,0.14,0.33,0.0,185.32,34.23,158.08,0.019999999999996004,2.43000000000001
Jan 2017,168.61,2.31,0,3.05,0.57,0.12,0.1,0.01,2.77,0,-1.32,0,163.52,0.12,0.34,0.0,163.98,34.6,159.59,0.370000000000005,1.5099999999999898
Feb 2017,115.65,1.86,0,2.16,0.78,0.12,0.1,0.01,1.9,0,-1.06,0,111.89,0.1,0.41,0.0,112.39,34.81,160.95,0.21000000000000102,1.3599999999999899
Mar 2017,397.64,5.18,0,7.05,0.93,0.12,0.1,0.01,6.54,0,-2.96,0,385.92,0.28,0.56,0.0,386.75,35.16,161.7,0.349999999999994,0.75
Apr 2017,746.07,10.32,0,14.09,1.7,0.12,0.1,0.01,12.26,0,-5.89,0,723.48,0.55,0.73,0.0,724.76,35.51,165.18,0.35000000000000103,3.4800000000000204
May 2017,324.39,5.31,0,10.0,3.03,4.97,0.37,0.01,5.33,0,-3.03,0,313.75,0.28,2.34,1.95,318.32,36.45,171.46,0.940000000000005,6.28
Jun 2017,529.96,7.33,0,5.58,11.12,5.58,1.15,0.01,8.71,0,-4.18,0,513.92,0.39,5.98,7.66,527.95,32.53,171.46,-3.92,0.0
Jul 2017,398.16,9.35,0,4.75,14.2,4.75,1.44,0.01,6.54,0,-5.34,0,382.26,0.5,5.27,7.8,395.82,33.23,167.18,0.699999999999996,-4.28
Aug 2017,556.24,11.05,0,6.42,15.85,5.51,0.99,0.01,9.14,0,-6.31,0,536.05,0.59,5.77,6.48,548.88,38.84,159.16,5.610000000000009,-8.02000000000001
Sep 2017,213.19,8.08,0,3.0,12.26,3.0,1.24,0.0,3.5,0,-4.61,0,201.61,0.43,3.59,5.25,210.87,44.4,154.54,5.56,-4.62
Oct 2017,84.06,1.3,0,1.57,0.52,0.12,0.1,0.01,1.38,0,-0.74,0,81.39,0.07,0.66,0.0,82.11,51.31,146.94,6.91,-7.599999999999991
Nov 2017,147.91,1.91,0,2.64,0.38,0.12,0.1,0.01,2.43,0,-1.09,0,143.57,0.1,0.44,0.0,144.11,51.14,147.49,-0.17000000000000198,0.5500000000000109
Dec 2017,35.96,0.62,0,0.73,0.33,0.12,0.1,0.01,0.59,0,-0.35,0,34.76,0.03,0.36,0.0,35.15,51.06,148.74,-0.0799999999999983,1.25
Jan 2018,39.36,0.62,0,0.78,0.28,0.12,0.1,0.01,0.65,0,-0.36,0,38.1,0.03,0.4,0.0,38.53,51.0,148.89,-0.0600000000000023,0.14999999999997699
Feb 2018,95.41,1.4,0,1.76,0.48,0.12,0.1,0.01,1.57,0,-0.8,0,92.45,0.07,0.51,0.0,93.04,50.85,149.09,-0.149999999999999,0.200000000000017
Mar 2018,196.33,7.54,0,4.22,7.33,0.12,0.1,0.01,3.23,0,-4.3,0,185.56,0.4,0.63,0.0,186.59,50.79,149.77,-0.0600000000000023,0.6800000000000072
Apr 2018,281.78,5.03,0,11.26,0.23,3.85,0.1,0.01,4.63,0,-2.87,0,272.12,0.27,0.99,0.0,273.37,57.47,148.6,6.68,-1.17000000000002
May 2018,136.68,4.18,0,2.05,6.34,2.05,1.25,0.0,2.25,0,-2.38,0,130.26,0.22,3.16,5.45,139.09,52.95,150.27,-4.52,1.67000000000002
Jun 2018,830.01,11.73,0,11.48,10.63,4.31,0.79,0.01,13.64,0,-6.7,0,804.64,0.62,5.2,7.65,818.11,55.33,143.43,2.38,-6.84
Jul 2018,285.03,4.29,0,3.45,6.51,3.45,1.68,0.0,4.68,0,-2.45,0,276.06,0.23,4.63,8.16,289.08,57.23,141.96,1.9,-1.47
Aug 2018,767.04,9.51,0,10.16,8.6,4.32,0.79,0.01,12.61,0,-5.43,0,744.92,0.5,4.98,6.83,757.24,57.34,134.35,0.11000000000000698,-7.610000000000009
Sep 2018,444.82,6.01,0,4.57,9.12,4.57,0.89,0.01,7.31,0,-3.43,0,431.5,0.32,4.99,5.32,442.13,57.42,133.91,0.0799999999999983,-0.439999999999998
Oct 2018,14.61,1.0,0,0.36,1.41,0.25,0.13,0.01,0.24,0,-0.57,0,13.37,0.05,0.81,0.07,14.31,57.86,131.58,0.439999999999998,-2.32999999999998
Nov 2018,59.36,1.43,0,1.2,1.09,0.12,0.1,0.01,0.98,0,-0.82,0,56.95,0.08,0.48,0.0,57.5,58.33,131.06,0.469999999999999,-0.52000000000001
Dec 2018,125.45,2.22,0,2.33,1.15,0.12,0.1,0.01,2.06,0,-1.27,0,121.17,0.12,0.42,0.0,121.71,58.91,131.13,0.579999999999998,0.0699999999999932
Jan 2019,42.58,2.14,0,1.05,2.31,0.12,0.1,0.01,0.7,0,-1.22,0,39.74,0.11,0.45,0.0,40.31,59.61,131.84,0.700000000000003,0.7100000000000078
Feb 2019,28.59,1.49,0,0.74,1.64,0.12,0.1,0.01,0.47,0,-0.85,0,26.63,0.08,0.61,0.0,27.31,61.45,131.23,1.84,-0.610000000000014
Mar 2019,103.92,2.83,0,2.09,2.32,0.12,0.1,0.01,1.71,0,-1.61,0,99.38,0.15,0.73,0.0,100.26,62.46,130.75,1.01,-0.47999999999999
Apr 2019,115.49,2.37,0,8.31,0.23,4.95,0.1,0.01,1.9,0,-1.35,0,111.23,0.13,1.05,0.0,112.41,64.03,130.75,1.57,0.0
May 2019,90.97,3.7,0,1.79,5.61,1.79,1.65,0.0,1.5,0,-2.11,0,85.78,0.2,3.15,6.91,96.04,58.35,131.2,-5.68,0.449999999999989
Jun 2019,598.16,8.11,0,6.09,12.31,6.09,1.13,0.01,9.83,0,-4.63,0,580.21,0.43,6.95,8.09,595.68,60.67,122.03,2.32,-9.169999999999991
Jul 2019,387.31,4.9,0,4.26,7.44,4.26,1.5,0.01,6.37,0,-2.8,0,376.04,0.26,5.3,8.05,389.66,61.06,118.03,0.39000000000000107,-4.0
Aug 2019,454.99,6.04,0,4.79,9.17,4.79,1.23,0.01,7.48,0,-3.45,0,441.47,0.32,5.53,6.98,454.3,60.43,112.06,-0.6300000000000029,-5.97
Sep 2019,380.92,5.08,0,4.04,7.71,4.04,1.05,0.01,6.26,0,-2.9,0,369.58,0.27,4.62,5.61,380.09,60.5,107.89,0.0700000000000003,-4.17
Oct 2019,30.99,0.46,0,0.43,0.73,0.47,0.17,0.01,0.51,0,-0.26,0,30.02,0.02,1.0,0.24,31.29,60.58,104.6,0.0799999999999983,-3.2900000000000094
Nov 2019,38.18,0.85,0,0.79,0.62,0.12,0.1,0.01,0.63,0,-0.49,0,36.7,0.05,0.5,0.0,37.25,60.01,104.44,-0.57,-0.15999999999999698
Dec 2019,35.75,0.67,0,0.73,0.41,0.12,0.1,0.01,0.59,0,-0.39,0,34.49,0.04,0.43,0.0,34.95,60.1,104.49,0.0900000000000034,0.0499999999999972
Jan 2020,103.75,1.53,0,1.9,0.54,0.12,0.1,0.01,1.71,0,-0.87,0,100.51,0.08,0.46,0.0,101.06,60.06,104.6,-0.0399999999999991,0.10999999999999902
Feb 2020,46.98,0.71,0,0.91,0.29,0.12,0.1,0.01,0.77,0,-0.41,0,45.49,0.04,0.56,0.0,46.09,60.12,105.34,0.0599999999999952,0.7400000000000091
Mar 2020,32.84,0.7,0,1.76,0.23,0.92,0.1,0.01,0.54,0,-0.4,0,31.6,0.04,0.82,0.0,32.46,59.83,105.61,-0.289999999999999,0.269999999999996
Apr 2020,18.52,1.28,0,5.43,0.62,4.12,0.14,0.01,0.3,0,-0.73,0,16.94,0.07,1.27,0.16,18.44,58.41,105.66,-1.42,0.0499999999999972
May 2020,485.01,9.02,0,5.19,13.69,5.19,0.98,0.01,7.97,0,-5.15,0,468.02,0.48,5.82,6.67,480.99,53.77,104.94,-4.639999999999991,-0.719999999999999
Jun 2020,294.88,5.37,0,3.58,8.15,3.58,1.6,0.0,4.85,0,-3.07,0,284.66,0.29,4.89,8.22,298.05,57.41,100.13,3.6399999999999904,-4.81
Jul 2020,659.62,8.96,0,6.96,12.97,6.33,1.12,0.01,10.84,0,-5.12,0,639.82,0.48,6.98,8.09,655.36,58.69,92.09,1.28,-8.03999999999999
Aug 2020,500.71,7.25,0,5.24,11.0,5.24,1.17,0.01,8.23,0,-4.14,0,485.24,0.38,5.9,7.02,498.54,59.47,88.62,0.780000000000001,-3.47
Sep 2020,1000.78,12.81,0,16.72,3.61,0.89,0.23,0.01,16.45,0,-7.31,0,971.52,0.68,1.67,5.06,978.93,60.48,84.53,1.01,-4.09
Oct 2020,379.68,4.74,0,6.59,0.73,0.12,0.1,0.01,6.24,0,-2.71,0,368.69,0.25,0.65,0.0,369.6,61.75,88.4,1.27,3.87
Nov 2020,162.39,2.13,0,2.88,0.47,0.12,0.1,0.01,2.67,0,-1.22,0,157.59,0.11,0.4,0.0,158.11,61.8,91.84,0.0499999999999972,3.44
Dec 2020,200.3,2.52,0,3.52,0.43,0.12,0.1,0.01,3.29,0,-1.44,0,194.49,0.13,0.38,0.0,195.0,61.84,93.2,0.0400000000000063,1.36
Jan 2021,155.9,2.04,0,2.77,0.45,0.12,0.1,0.01,2.56,0,-1.17,0,151.3,0.11,0.44,0.0,151.84,61.87,94.96,0.029999999999993997,1.7599999999999898
Feb 2021,142.11,2.52,0,2.63,1.31,0.12,0.1,0.01,2.34,0,-1.44,0,137.26,0.13,0.48,0.0,137.87,61.86,96.26,-0.009999999999998009,1.30000000000001
Mar 2021,260.55,4.1,0,4.67,1.67,0.12,0.1,0.01,4.28,0,-2.34,0,252.17,0.22,0.65,0.0,253.03,62.67,97.07,0.810000000000002,0.809999999999988
Apr 2021,340.91,4.6,0,8.12,0.23,1.36,0.1,0.01,5.6,0,-2.63,0,330.7,0.24,0.93,0.0,331.88,63.67,98.92,1.0,1.85000000000001
May 2021,991.32,12.68,0,21.07,0.23,2.05,0.1,0.01,16.29,0,-7.24,0,962.35,0.67,1.23,2.97,967.23,61.7,101.8,-1.97,2.88
Jun 2021,82.48,2.44,0,1.7,3.7,1.7,1.87,0.0,1.36,0,-1.39,0,78.69,0.13,3.28,7.68,89.78,58.73,107.79,-2.9700000000000095,5.990000000000009
Jul 2021,435.08,5.94,0,4.7,9.02,4.7,1.42,0.01,7.15,0,-3.39,0,421.98,0.32,5.63,7.97,435.91,59.32,98.21,0.5900000000000029,-9.580000000000009
Aug 2021,895.36,11.63,0,13.05,8.06,3.47,0.65,0.01,14.72,0,-6.64,0,869.01,0.62,4.21,6.69,880.53,59.41,92.58,0.0899999999999963,-5.63
Sep 2021,268.82,3.69,0,3.07,5.61,3.07,1.2,0.0,4.42,0,-2.11,0,260.71,0.2,3.8,5.46,270.16,60.44,93.33,1.03,0.75
Oct 2021,151.28,1.93,0,2.68,0.36,0.12,0.1,0.01,2.49,0,-1.1,0,146.87,0.1,0.67,0.0,147.64,60.37,88.99,-0.0700000000000003,-4.34
Nov 2021,403.77,5.0,0,7.0,0.71,0.12,0.1,0.01,6.64,0,-2.85,0,392.13,0.27,0.47,0.0,392.87,60.03,90.28,-0.339999999999996,1.29000000000001
Dec 2021,51.99,0.96,0,1.02,0.56,0.12,0.1,0.01,0.85,0,-0.55,0,50.17,0.05,0.37,0.0,50.59,60.25,93.97,0.219999999999999,3.69
Jan 2022,247.09,3.28,0,4.35,0.75,0.12,0.1,0.01,4.06,0,-1.87,0,239.75,0.17,0.45,0.0,240.37,60.41,94.19,0.15999999999999698,0.219999999999999
Feb 2022,91.23,1.64,0,1.72,0.88,0.12,0.1,0.01,1.5,0,-0.93,0,88.09,0.09,0.47,0.0,88.65,60.69,96.28,0.280000000000001,2.09
Mar 2022,246.75,3.94,0,4.44,1.66,0.12,0.1,0.01,4.06,0,-2.25,0,238.75,0.21,0.73,0.0,239.69,61.08,96.76,0.39000000000000107,0.4800000000000039
Apr 2022,276.25,3.9,0,8.27,0.23,2.59,0.1,0.01,4.54,0,-2.22,0,267.82,0.21,0.98,0.0,269.01,61.98,98.47,0.8999999999999989,1.70999999999999
May 2022,306.95,6.29,0,5.38,8.47,4.3,0.79,0.01,5.05,0,-3.59,0,295.61,0.33,5.01,4.25,305.2,58.73,100.7,-3.25,2.23
Jun 2022,184.74,2.86,0,2.53,4.33,2.53,1.75,0.0,3.04,0,-1.63,0,178.85,0.15,4.01,8.01,191.01,58.67,97.12,-0.0599999999999952,-3.58
Jul 2022,421.93,5.22,0,4.54,7.92,4.54,1.43,0.01,6.93,0,-2.98,0,409.78,0.28,5.48,7.93,423.46,58.21,88.77,-0.460000000000001,-8.35000000000001
Aug 2022,1027.12,13.44,0,15.72,7.66,2.97,0.57,0.01,16.88,0,-7.67,0,996.8,0.71,3.76,6.79,1008.06,57.53,83.38,-0.68,-5.39
Sep 2022,235.07,2.98,0,2.73,4.53,2.73,1.17,0.0,3.86,0,-1.7,0,228.23,0.16,3.45,5.08,236.91,59.01,85.24,1.48,1.86
Oct 2022,56.45,0.76,0,1.06,0.23,0.13,0.1,0.01,0.93,0,-0.43,0,54.76,0.04,0.74,0.0,55.54,58.53,81.15,-0.47999999999999704,-4.08999999999999
Nov 2022,161.05,2.31,0,2.89,0.74,0.12,0.1,0.01,2.65,0,-1.32,0,156.09,0.12,0.44,0.0,156.66,57.97,81.56,-0.560000000000002,0.40999999999999703
Dec 2022,9.67,0.25,0,0.27,0.23,0.12,0.1,0.01,0.16,0,-0.14,0,9.27,0.01,0.37,0.0,9.65,58.24,82.79,0.270000000000003,1.23
Jan 2023,259.28,3.49,0,4.57,0.85,0.12,0.1,0.01,4.26,0,-1.99,0,251.53,0.19,0.45,0.0,252.17,58.06,82.72,-0.18,-0.0700000000000074
Feb 2023,147.5,1.98,0,2.63,0.49,0.12,0.1,0.01,2.42,0,-1.13,0,143.09,0.11,0.5,0.0,143.69,58.43,84.89,0.369999999999997,2.17
Mar 2023,94.53,1.61,0,1.77,0.79,0.12,0.1,0.01,1.55,0,-0.92,0,91.37,0.09,0.7,0.0,92.16,58.4,86.09,-0.0300000000000011,1.2
Apr 2023,156.09,3.52,0,6.86,0.23,1.75,0.1,0.01,2.57,0,-2.01,0,150.01,0.19,0.92,0.0,151.12,58.47,86.64,0.0700000000000003,0.549999999999997
May 2023,123.27,3.48,0,3.06,5.28,3.06,1.2,0.0,2.03,0,-1.99,0,117.76,0.18,4.04,5.1,127.09,56.12,87.1,-2.35,0.45999999999999397
Jun 2023,74.45,2.6,0,1.73,3.94,1.73,2.07,0.0,1.22,0,-1.48,0,70.63,0.14,3.5,8.83,83.1,55.49,80.85,-0.629999999999995,-6.25
Jul 2023,385.92,9.65,0,4.66,14.64,4.66,1.57,0.01,6.34,0,-5.51,0,369.93,0.51,5.67,8.44,384.55,56.27,69.69,0.780000000000001,-11.16
Aug 2023,311.5,8.04,0,3.89,12.2,3.89,1.51,0.0,5.12,0,-4.59,0,298.34,0.43,4.88,7.3,310.95,62.14,60.53,5.87,-9.16
Sep 2023,437.78,7.66,0,4.64,11.62,4.64,0.92,0.01,7.2,0,-4.37,0,422.93,0.41,5.13,5.4,433.87,67.07,52.26,4.929999999999991,-8.27
Oct 2023,156.0,2.2,0,2.44,1.49,0.59,0.18,0.01,2.56,0,-1.25,0,151.24,0.12,1.21,0.38,152.95,69.83,48.78,2.7600000000000096,-3.48
Nov 2023,137.1,2.08,0,2.48,0.79,0.12,0.1,0.01,2.25,0,-1.18,0,132.77,0.11,0.44,0.0,133.31,69.69,49.54,-0.140000000000001,0.7599999999999979
Dec 2023,66.85,1.41,0,1.31,0.94,0.12,0.1,0.01,1.1,0,-0.8,0,64.34,0.07,0.42,0.0,64.83,70.02,50.51,0.32999999999999796,0.969999999999999
Jan 2024,56.63,1.19,0,1.12,0.8,0.12,0.1,0.01,0.93,0,-0.68,0,54.51,0.06,0.48,0.0,55.05,70.52,50.72,0.5,0.21000000000000102
Feb 2024,51.18,1.03,0,1.01,0.67,0.12,0.1,0.01,0.84,0,-0.59,0,49.31,0.05,0.6,0.0,49.96,70.82,50.87,0.29999999999999705,0.149999999999999
Mar 2024,85.33,2.47,0,1.75,2.12,0.12,0.1,0.01,1.4,0,-1.41,0,81.45,0.13,0.78,0.0,82.37,70.86,51.04,0.0400000000000063,0.17000000000000198
Apr 2024,321.45,10.95,0,12.71,4.02,0.12,0.1,0.01,5.28,0,-6.25,0,305.22,0.58,1.09,0.0,306.9,72.17,50.93,1.31,-0.10999999999999902
May 2024,408.96,12.96,0,10.53,14.65,5.52,0.99,0.01,6.72,0,-7.4,0,389.28,0.69,6.19,6.09,402.25,75.08,49.87,2.91,-1.06
Jun 2024,584.99,11.78,0,11.87,12.15,6.14,1.09,0.01,9.61,0,-6.72,0,563.6,0.63,7.09,7.77,579.08,79.0,42.13,3.92,-7.73999999999999
Jul 2024,609.14,7.84,0,6.11,11.9,6.11,1.1,0.01,10.01,0,-4.47,0,591.29,0.42,6.87,7.61,606.19,79.0,36.17,0.0,-5.96
Aug 2024,565.61,7.38,0,5.78,11.2,5.78,1.07,0.01,9.3,0,-4.21,0,548.93,0.39,6.48,7.03,562.84,79.0,33.01,0.0,-3.16
Sep 2024,270.08,3.52,0,3.05,5.34,3.05,1.19,0.0,4.44,0,-2.01,0,262.12,0.19,3.88,5.45,271.63,79.0,30.0,0.0,-3.01
Oct 2024,115.07,1.66,0,1.64,1.59,0.71,0.2,0.01,1.89,0,-0.95,0,111.51,0.09,1.35,0.42,113.37,78.6,25.8,-0.400000000000006,-4.2
Nov 2024,151.59,2.2,0,2.71,0.75,0.12,0.1,0.01,2.49,0,-1.26,0,146.9,0.12,0.56,0.0,147.58,78.32,26.13,-0.280000000000001,0.32999999999999796
Dec 2024,56.55,0.95,0,1.08,0.48,0.12,0.1,0.01,0.93,0,-0.54,0,54.66,0.05,0.4,0.0,55.12,78.48,27.27,0.160000000000011,1.14
Jan 2025,105.22,1.4,0,1.89,0.36,0.12,0.1,0.01,1.73,0,-0.8,0,102.08,0.07,0.49,0.0,102.65,78.53,27.57,0.0499999999999972,0.30000000000000104
Feb 2025,43.18,0.81,0,0.86,0.49,0.12,0.1,0.01,0.71,0,-0.46,0,41.66,0.04,0.57,0.0,42.28,78.38,28.4,-0.150000000000006,0.829999999999998
Mar 2025,75.92,2.14,0,1.86,1.51,0.12,0.1,0.01,1.25,0,-1.22,0,72.54,0.11,0.76,0.0,73.41,78.28,28.55,-0.0999999999999943,0.15000000000000197
Apr 2025,372.43,5.88,0,10.75,0.23,2.05,0.1,0.01,6.12,0,-3.36,0,360.43,0.31,1.07,0.0,361.81,79.0,28.49,0.719999999999999,-0.0600000000000023
May 2025,242.9,5.16,0,3.91,7.58,3.66,0.69,0.01,3.99,0,-2.95,0,233.74,0.27,4.52,3.32,241.86,76.2,31.16,-2.8,2.67
Jun 2025,760.34,11.19,0,9.82,12.02,4.85,0.88,0.01,12.5,0,-6.39,0,736.65,0.59,5.91,7.75,750.91,76.28,28.21,0.0799999999999983,-2.95
Jul 2025,538.85,11.52,0,10.49,13.91,6.91,1.22,0.01,8.86,0,-6.57,0,518.48,0.61,7.6,7.71,534.4,78.4,25.7,2.12,-2.51
Aug 2025,350.71,6.76,0,5.41,10.25,5.41,1.4,0.01,5.76,0,-3.86,0,338.19,0.36,6.24,7.06,351.85,79.0,19.06,0.5999999999999941,-6.64
Sep 2025,590.2,7.57,0,8.47,5.94,2.93,0.57,0.01,9.7,0,-4.32,0,572.93,0.4,3.56,4.65,581.55,79.0,12.52,0.0,-6.54
Oct 2025,7.9,0.78,0,0.5,0.8,0.12,0.1,0.01,0.13,0,-0.44,0,7.0,0.04,0.77,0.0,7.81,79.0,12.69,0.0,0.17
Nov 2025,121.84,3.08,0,4.24,0.55,0.12,0.1,0.01,2.0,0,-1.76,0,116.76,0.16,0.52,0.0,117.45,79.0,12.29,0.0,-0.4
Dec 2025,86.34,1.91,0,2.59,0.43,0.12,0.1,0.01,1.42,0,-1.09,0,83.0,0.1,0.41,0.0,83.51,79.0,12.44,0.0,0.15
Jan 2026,100.6,3.13,0,4.36,0.5,0.12,0.1,0.01,1.65,0,-1.79,0,95.82,0.17,0.48,0.0,96.46,79.0,12.68,0.0,0.24
Feb 2026,77.17,1.58,0,1.94,0.57,0.12,0.1,0.01,1.27,0,-0.9,0,74.33,0.08,0.55,0.0,74.96,79.0,12.45,0.0,-0.23
Mar 2026,177.01,3.92,0,5.34,0.73,0.12,0.1,0.01,2.91,0,-2.24,0,170.18,0.21,0.71,0.0,171.09,79.0,12.73,0.0,0.280000000000001
Apr 2026,256.44,5.0,0,10.83,0.23,3.47,0.1,0.01,4.21,0,-2.85,0,247.23,0.27,1.1,0.0,248.6,79.0,13.3,0.0,0.57
May 2026,161.08,4.21,0,2.26,6.39,2.26,1.3,0.0,2.65,0,-2.4,0,154.22,0.22,3.58,5.87,163.9,74.75,14.57,-4.25,1.27
Jun 2026,137.46,2.47,0,2.15,3.75,2.15,1.87,0.0,2.26,0,-1.41,0,132.73,0.13,3.93,8.25,145.04,76.6,7.64,1.8499999999999899,-6.93
Jul 2026,502.17,6.42,0,5.21,9.75,5.21,1.29,0.01,8.25,0,-3.67,0,487.49,0.34,6.16,7.83,501.83,76.14,-1.62,-0.45999999999999397,-9.26
Aug 2026,358.24,4.99,0,3.97,7.58,3.97,1.4,0.01,5.89,0,-2.85,0,347.36,0.27,5.0,7.11,359.73,75.8,-6.16,-0.34000000000000297,-4.54
Sep 2026,436.06,5.75,0,4.42,8.72,4.42,0.83,0.01,7.17,0,-3.28,0,423.14,0.31,4.91,4.9,433.26,75.81,-11.62,0.0100000000000051,-5.46
Oct 2026,7.95,0.33,0,0.25,0.36,0.12,0.1,0.01,0.13,0,-0.19,0,7.49,0.02,0.79,0.0,8.3,76.01,-13.46,0.200000000000003,-1.84
Nov 2026,122.3,1.63,0,2.18,0.4,0.12,0.1,0.01,2.01,0,-0.93,0,118.66,0.09,0.61,0.0,119.36,75.55,-13.61,-0.46000000000000796,-0.149999999999999
Dec 2026,144.05,1.96,0,2.56,0.53,0.12,0.1,0.01,2.37,0,-1.12,0,139.72,0.1,0.47,0.0,140.29,75.32,-12.62,-0.23000000000000398,0.99
Jan 2027,103.29,1.38,0,1.86,0.36,0.12,0.1,0.01,1.7,0,-0.79,0,100.21,0.07,0.51,0.0,100.79,75.36,-11.46,0.0400000000000063,1.16
Feb 2027,139.57,1.94,0,2.49,0.57,0.12,0.1,0.01,2.29,0,-1.11,0,135.33,0.1,0.55,0.0,135.99,75.18,-10.64,-0.179999999999993,0.82
Mar 2027,35.49,1.03,0,2.14,0.23,0.8,0.1,0.01,0.58,0,-0.59,0,33.88,0.05,0.92,0.0,34.85,75.17,-9.55,-0.0100000000000051,1.09
Apr 2027,858.57,11.77,0,19.62,0.23,1.98,0.1,0.01,14.11,0,-6.72,0,832.68,0.62,1.1,0.0,834.42,73.77,-9.65,-1.4000000000000101,-0.0999999999999996
May 2027,1017.55,13.71,0,16.67,5.52,1.38,0.31,0.01,16.72,0,-7.82,0,987.12,0.73,2.47,6.11,996.42,71.01,-2.35,-2.7599999999999905,7.3
Jun 2027,568.83,7.45,0,5.75,11.31,5.75,1.07,0.01,9.35,0,-4.25,0,552.03,0.4,6.65,7.47,566.54,72.98,0.14,1.97,2.49
Jul 2027,402.75,4.98,0,4.34,7.55,4.34,1.43,0.01,6.62,0,-2.84,0,391.16,0.26,5.42,7.78,404.63,72.95,-3.3,-0.0300000000000011,-3.44
Aug 2027,421.89,5.55,0,4.5,8.42,4.5,1.31,0.01,6.93,0,-3.17,0,409.41,0.29,5.41,7.16,422.28,72.16,-8.72,-0.7900000000000059,-5.42
Sep 2027,422.55,5.51,0,4.37,8.36,4.37,0.98,0.01,6.95,0,-3.14,0,410.1,0.29,4.97,5.62,420.98,71.97,-13.42,-0.18999999999999803,-4.7
Oct 2027,16.31,0.28,0,0.31,0.48,0.37,0.18,0.01,0.27,0,-0.16,0,15.76,0.01,0.92,0.25,16.95,71.97,-16.21,0.0,-2.79
Nov 2027,124.45,1.62,0,2.22,0.36,0.12,0.1,0.01,2.05,0,-0.93,0,120.79,0.09,0.45,0.0,121.32,71.33,-16.52,-0.640000000000001,-0.30999999999999894
Dec 2027,46.28,0.69,0,0.89,0.28,0.12,0.1,0.01,0.76,0,-0.4,0,44.82,0.04,0.46,0.0,45.32,71.22,-15.49,-0.10999999999999902,1.03
Jan 2028,233.05,3.19,0,4.1,0.86,0.12,0.1,0.01,3.83,0,-1.82,0,226.03,0.17,0.47,0.0,226.67,71.01,-15.22,-0.209999999999994,0.27
Feb 2028,105.75,1.55,0,1.92,0.55,0.12,0.1,0.01,1.74,0,-0.89,0,102.46,0.08,0.6,0.0,103.14,71.38,-13.31,0.36999999999999,1.91
Mar 2028,273.82,3.77,0,4.81,1.03,0.12,0.1,0.01,4.5,0,-2.15,0,265.55,0.2,0.79,0.0,266.54,71.3,-12.55,-0.0799999999999983,0.76
Apr 2028,503.03,6.86,0,13.4,0.23,3.21,0.1,0.01,8.27,0,-3.92,0,487.9,0.36,1.05,0.0,489.31,71.52,-10.29,0.219999999999999,2.26
May 2028,295.9,4.27,0,4.1,6.36,3.98,0.69,0.01,4.86,0,-2.44,0,286.77,0.23,4.48,3.61,295.09,67.59,-6.03,-3.9299999999999904,4.26
Jun 2028,461.63,6.02,0,4.86,9.14,4.86,1.29,0.01,7.59,0,-3.44,0,448.02,0.32,5.95,7.86,462.15,66.16,-7.89,-1.4300000000000102,-1.86
Jul 2028,637.68,7.77,0,6.57,11.32,6.11,1.09,0.01,10.48,0,-4.43,0,619.43,0.41,6.79,7.72,634.36,65.77,-12.88,-0.39000000000000107,-4.99
Aug 2028,988.42,12.3,0,14.73,7.12,3.19,0.61,0.01,16.25,0,-7.02,0,959.88,0.65,4.04,6.85,971.42,65.27,-15.63,-0.5,-2.75
Sep 2028,429.01,5.47,0,4.36,8.31,4.36,0.84,0.01,7.05,0,-3.12,0,416.49,0.29,4.81,4.9,426.49,65.76,-13.85,0.49000000000000893,1.78
Oct 2028,211.7,2.78,0,3.72,0.61,0.12,0.1,0.01,3.48,0,-1.59,0,205.45,0.15,0.73,0.0,206.33,65.72,-15.65,-0.0400000000000063,-1.8
Nov 2028,225.49,2.93,0,3.96,0.61,0.12,0.1,0.01,3.71,0,-1.67,0,218.85,0.16,0.52,0.0,219.52,65.57,-13.85,-0.150000000000006,1.8
Dec 2028,24.97,0.62,0,0.56,0.51,0.12,0.1,0.01,0.41,0,-0.36,0,23.94,0.03,0.44,0.0,24.42,65.63,-11.9,0.0600000000000023,1.95
Jan 2029,230.95,3.15,0,4.07,0.83,0.12,0.1,0.01,3.8,0,-1.8,0,224.0,0.17,0.47,0.0,224.63,65.67,-11.94,0.0400000000000063,-0.0399999999999991
Feb 2029,136.77,1.77,0,2.43,0.37,0.12,0.1,0.01,2.25,0,-1.01,0,132.75,0.09,0.53,0.0,133.38,66.01,-10.04,0.34000000000000297,1.9
Mar 2029,180.43,2.47,0,3.2,0.67,0.12,0.1,0.01,2.97,0,-1.41,0,175.0,0.13,0.76,0.0,175.89,65.82,-8.89,-0.190000000000012,1.15
Apr 2029,171.92,3.61,0,8.87,0.23,3.62,0.1,0.01,2.83,0,-2.06,0,165.48,0.19,1.0,0.0,166.67,65.71,-7.43,-0.10999999999999902,1.46
May 2029,337.2,5.87,0,4.07,8.41,3.56,0.67,0.01,5.54,0,-3.35,0,325.78,0.31,4.35,3.77,334.22,61.41,-6.76,-4.3,0.67
Jun 2029,272.76,4.25,0,3.31,6.44,3.31,1.62,0.0,4.48,0,-2.42,0,264.03,0.23,4.7,8.08,277.03,62.56,-9.0,1.15000000000001,-2.24
Jul 2029,564.75,6.94,0,5.75,10.54,5.75,1.2,0.01,9.28,0,-3.96,0,548.52,0.37,6.5,7.83,563.22,62.61,-16.64,0.0499999999999972,-7.64
Aug 2029,774.27,10.23,0,10.18,9.91,4.56,0.83,0.01,12.73,0,-5.84,0,751.32,0.54,5.28,7.1,764.23,62.09,-20.34,-0.519999999999996,-3.7
Sep 2029,462.92,5.73,0,4.91,8.13,4.34,0.8,0.01,7.61,0,-3.27,0,449.58,0.3,4.77,4.95,459.61,62.98,-21.37,0.8899999999999928,-1.03
Oct 2029,123.7,2.23,0,2.3,1.19,0.12,0.1,0.01,2.03,0,-1.27,0,119.44,0.12,0.65,0.0,120.21,62.78,-22.77,-0.19999999999999601,-1.4
Nov 2029,61.7,1.13,0,1.19,0.64,0.12,0.1,0.01,1.01,0,-0.65,0,59.55,0.06,0.49,0.0,60.11,63.3,-22.1,0.519999999999996,0.6699999999999979
Dec 2029,146.52,1.94,0,2.61,0.46,0.12,0.1,0.01,2.41,0,-1.11,0,142.17,0.1,0.41,0.0,142.68,63.42,-21.82,0.120000000000005,0.280000000000001
Jan 2030,40.35,0.71,0,0.8,0.39,0.12,0.1,0.01,0.66,0,-0.41,0,38.97,0.04,0.41,0.0,39.41,63.45,-20.62,0.0300000000000011,1.2
Feb 2030,82.88,1.1,0,1.51,0.28,0.12,0.1,0.01,1.36,0,-0.63,0,80.41,0.06,0.51,0.0,80.99,63.41,-20.45,-0.0400000000000063,0.17000000000000198
Mar 2030,90.76,1.14,0,1.64,0.23,0.13,0.1,0.01,1.49,0,-0.65,0,88.13,0.06,0.78,0.0,88.97,63.15,-19.81,-0.259999999999998,0.640000000000001
Apr 2030,197.38,2.5,0,6.76,0.23,3.19,0.1,0.01,3.24,0,-1.43,0,191.64,0.13,0.92,0.0,192.7,62.56,-19.07,-0.589999999999996,0.7399999999999979
May 2030,387.92,5.08,0,7.76,4.57,4.62,0.52,0.01,6.38,0,-2.9,0,376.47,0.27,3.46,3.17,383.37,58.77,-17.34,-3.79,1.73
Jun 2030,295.83,4.08,0,3.49,6.19,3.49,1.6,0.0,4.86,0,-2.33,0,286.88,0.22,4.78,8.22,300.1,55.76,-17.54,-3.0100000000000096,-0.19999999999999898
Jul 2030,1208.2,14.4,0,18.42,6.75,3.31,0.63,0.01,19.86,0,-8.22,0,1173.94,0.76,4.16,7.62,1186.49,55.27,-24.82,-0.489999999999995,-7.28
Aug 2030,475.03,8.15,0,5.12,12.38,5.12,1.18,0.01,7.81,0,-4.65,0,459.06,0.43,5.73,6.86,472.09,55.17,-21.42,-0.10000000000000099,3.4
Sep 2030,630.06,7.88,0,8.93,5.84,2.81,0.55,0.01,10.36,0,-4.5,0,611.81,0.42,3.36,4.82,620.42,57.87,-26.3,2.7,-4.88
Oct 2030,24.66,0.41,0,0.52,0.23,0.13,0.1,0.01,0.41,0,-0.23,0,23.85,0.02,0.71,0.0,24.58,58.08,-25.8,0.21000000000000102,0.5
Nov 2030,125.82,1.8,0,2.28,0.58,0.12,0.1,0.01,2.07,0,-1.03,0,121.94,0.1,0.49,0.0,122.53,57.56,-25.72,-0.519999999999996,0.0800000000000018
Dec 2030,55.61,0.92,0,1.07,0.45,0.12,0.1,0.01,0.91,0,-0.53,0,53.78,0.05,0.41,0.0,54.24,57.62,-24.78,0.0599999999999952,0.939999999999998
Jan 2031,109.81,1.51,0,1.99,0.42,0.12,0.1,0.01,1.8,0,-0.86,0,106.5,0.08,0.4,0.0,106.98,57.63,-24.48,0.0100000000000051,0.30000000000000104
Feb 2031,32.79,0.52,0,0.66,0.25,0.12,0.1,0.01,0.54,0,-0.3,0,31.73,0.03,0.61,0.0,32.36,57.62,-23.63,-0.0100000000000051,0.8500000000000011
Mar 2031,129.69,1.68,0,2.33,0.35,0.12,0.1,0.01,2.13,0,-0.96,0,125.87,0.09,0.72,0.0,126.68,57.24,-23.48,-0.379999999999995,0.149999999999999
Apr 2031,153.38,2.13,0,8.84,0.27,5.87,0.11,0.01,2.52,0,-1.22,0,148.73,0.11,1.04,0.03,149.9,56.84,-22.4,-0.39999999999999897,1.08
May 2031,136.28,2.46,0,2.03,3.73,2.03,1.56,0.0,2.24,0,-1.4,0,131.58,0.13,3.23,6.85,141.79,50.3,-21.22,-6.54000000000001,1.18
Jun 2031,328.36,4.48,0,3.79,6.81,3.79,1.59,0.0,5.4,0,-2.56,0,318.48,0.24,5.0,8.45,332.16,50.33,-28.79,0.0300000000000011,-7.57
Jul 2031,652.04,7.79,0,6.78,11.32,6.26,1.11,0.01,10.72,0,-4.45,0,633.53,0.41,6.79,7.97,648.7,49.93,-35.99,-0.39999999999999897,-7.2
Aug 2031,838.79,10.88,0,11.78,8.72,3.99,0.74,0.01,13.79,0,-6.21,0,814.12,0.58,4.6,6.92,826.21,49.29,-38.79,-0.640000000000001,-2.8
Sep 2031,176.46,2.47,0,2.27,3.75,2.27,1.33,0.0,2.9,0,-1.41,0,171.09,0.13,3.05,5.36,179.63,50.15,-38.86,0.859999999999999,-0.0700000000000003
Oct 2031,375.27,4.63,0,6.53,0.63,0.14,0.11,0.01,6.17,0,-2.64,0,364.47,0.25,0.67,0.08,365.47,49.9,-44.06,-0.25,-5.2
Nov 2031,309.8,3.78,0,5.41,0.44,0.12,0.1,0.01,5.09,0,-2.16,0,300.93,0.2,0.45,0.0,301.58,49.82,-40.71,-0.0799999999999983,3.35
Dec 2031,92.6,1.25,0,1.69,0.33,0.12,0.1,0.01,1.52,0,-0.72,0,89.82,0.07,0.36,0.0,90.25,49.78,-37.86,-0.0399999999999991,2.85
Jan 2032,70.91,0.94,0,1.31,0.23,0.12,0.1,0.01,1.17,0,-0.54,0,68.81,0.05,0.36,0.0,69.21,49.72,-37.15,-0.0600000000000023,0.7100000000000011
Feb 2032,36.58,0.5,0,0.72,0.23,0.19,0.1,0.01,0.6,0,-0.29,0,35.48,0.03,0.5,0.0,36.01,49.56,-36.61,-0.15999999999999698,0.5399999999999989
Mar 2032,81.05,1.36,0,1.55,0.63,0.12,0.1,0.01,1.33,0,-0.78,0,78.36,0.07,0.74,0.0,79.16,49.19,-36.39,-0.370000000000005,0.219999999999999
Apr 2032,64.81,1.22,0,7.18,0.63,5.97,0.14,0.01,1.07,0,-0.69,0,62.53,0.06,1.19,0.18,63.97,49.06,-35.93,-0.12999999999999498,0.460000000000001
May 2032,121.48,1.98,0,1.88,3.0,1.88,1.56,0.0,2.0,0,-1.13,0,117.51,0.11,2.97,6.72,127.29,42.66,-35.87,-6.400000000000009,0.0600000000000023
Jun 2032,74.69,1.38,0,1.63,2.09,1.63,2.04,0.0,1.23,0,-0.78,0,72.09,0.07,3.15,8.67,83.98,42.38,-43.28,-0.279999999999994,-7.41
Jul 2032,652.63,9.91,0,7.2,14.07,6.22,1.11,0.01,10.73,0,-5.66,0,631.99,0.53,6.62,7.94,647.08,41.73,-53.54,-0.6500000000000059,-10.26
Aug 2032,544.16,7.37,0,5.63,11.19,5.63,1.1,0.01,8.94,0,-4.21,0,527.85,0.39,6.03,6.99,541.26,44.05,-57.5,2.32,-3.96
Sep 2032,360.29,4.42,0,3.82,6.71,3.82,0.99,0.01,5.92,0,-2.52,0,349.94,0.23,4.23,5.14,359.54,44.66,-60.85,0.609999999999999,-3.35
Oct 2032,39.33,0.81,0,0.81,0.54,0.12,0.1,0.01,0.65,0,-0.46,0,37.87,0.04,0.64,0.0,38.55,44.31,-63.57,-0.349999999999994,-2.72
Nov 2032,99.64,1.87,0,1.9,1.05,0.12,0.1,0.01,1.64,0,-1.07,0,96.14,0.1,0.47,0.0,96.7,44.18,-63.48,-0.130000000000003,0.0900000000000034
Dec 2032,228.74,3.09,0,4.08,0.73,0.12,0.1,0.01,3.76,0,-1.77,0,221.89,0.16,0.39,0.0,222.44,44.74,-63.0,0.560000000000002,0.47999999999999704
Jan 2033,137.16,1.84,0,2.48,0.44,0.12,0.1,0.01,2.25,0,-1.05,0,133.06,0.1,0.41,0.0,133.57,45.06,-61.1,0.32,1.9
Feb 2033,234.19,3.13,0,4.17,0.7,0.12,0.1,0.01,3.85,0,-1.79,0,227.21,0.17,0.45,0.0,227.83,45.06,-59.99,0.0,1.11
Mar 2033,113.51,5.09,0,2.59,5.25,0.12,0.1,0.01,1.87,0,-2.91,0,106.56,0.27,0.56,0.0,107.39,45.28,-58.02,0.219999999999999,1.97
Apr 2033,361.65,9.65,0,7.77,6.99,0.12,0.1,0.01,5.94,0,-5.51,0,346.06,0.51,0.79,0.0,347.36,49.95,-59.15,4.67,-1.13
May 2033,654.91,11.58,0,15.89,3.67,1.99,0.41,0.01,10.76,0,-6.61,0,632.57,0.61,2.92,4.21,640.31,56.12,-58.8,6.16999999999999,0.35000000000000103
Jun 2033,353.57,7.22,0,4.14,10.95,4.14,1.42,0.01,5.81,0,-4.12,0,340.54,0.38,5.2,7.66,353.79,55.28,-59.26,-0.839999999999996,-0.460000000000001
Jul 2033,342.0,4.39,0,3.86,6.66,3.86,1.53,0.0,5.62,0,-2.51,0,331.99,0.23,4.9,7.8,344.92,58.3,-66.65,3.02,-7.3900000000000095
Aug 2033,820.14,10.09,0,11.3,8.0,3.99,0.74,0.01,13.48,0,-5.76,0,796.57,0.54,4.69,6.84,808.63,57.73,-72.85,-0.57,-6.19999999999999
Sep 2033,319.35,4.17,0,3.48,6.33,3.48,1.09,0.01,5.25,0,-2.38,0,309.94,0.22,4.1,5.35,319.6,57.78,-72.7,0.0500000000000043,0.149999999999991
Oct 2033,29.9,0.57,0,0.62,0.86,0.62,0.59,0.0,0.49,0,-0.33,0,28.84,0.03,1.31,1.7,31.88,57.61,-76.27,-0.17000000000000198,-3.5699999999999905
Nov 2033,18.75,0.32,0,0.42,0.23,0.16,0.1,0.01,0.31,0,-0.18,0,18.13,0.02,0.53,0.0,18.68,57.13,-78.39,-0.47999999999999704,-2.12
Dec 2033,39.79,0.57,0,0.78,0.23,0.14,0.1,0.01,0.65,0,-0.32,0,38.57,0.03,0.43,0.0,39.03,56.75,-78.35,-0.380000000000003,0.0400000000000063
Jan 2034,125.33,1.69,0,2.25,0.43,0.12,0.1,0.01,2.06,0,-0.97,0,121.58,0.09,0.37,0.0,122.03,56.5,-78.11,-0.25,0.239999999999995
Feb 2034,217.03,2.7,0,3.81,0.4,0.12,0.1,0.01,3.57,0,-1.54,0,210.76,0.14,0.53,0.0,211.44,56.54,-77.11,0.0399999999999991,1.0
Mar 2034,126.39,1.56,0,2.25,0.24,0.12,0.1,0.01,2.08,0,-0.89,0,122.75,0.08,0.71,0.0,123.54,56.38,-75.18,-0.15999999999999698,1.92999999999999
Apr 2034,85.21,1.13,0,7.56,0.5,6.34,0.13,0.01,1.4,0,-0.65,0,82.67,0.06,1.18,0.13,84.04,55.88,-74.08,-0.5,1.10000000000001
May 2034,210.16,3.03,0,2.61,4.6,2.61,1.35,0.0,3.45,0,-1.73,0,203.67,0.16,3.58,6.36,213.77,48.98,-73.57,-6.900000000000009,0.510000000000005
Jun 2034,594.4,8.06,0,6.08,12.23,6.08,1.09,0.01,9.77,0,-4.6,0,576.57,0.43,6.73,7.86,591.58,48.75,-79.56,-0.22999999999999698,-5.990000000000009
Jul 2034,520.06,6.35,0,5.4,9.64,5.4,1.25,0.01,8.55,0,-3.63,0,505.17,0.34,6.03,7.73,519.26,49.25,-83.33,0.5,-3.77
Aug 2034,547.61,8.2,0,5.69,12.45,5.69,1.05,0.01,9.0,0,-4.68,0,530.41,0.44,6.09,6.73,543.67,48.7,-87.37,-0.549999999999997,-4.04000000000001
Sep 2034,377.19,4.6,0,3.97,6.98,3.97,1.0,0.01,6.2,0,-2.63,0,366.39,0.24,4.44,5.35,376.43,50.41,-90.82,1.70999999999999,-3.4499999999999904
Oct 2034,132.72,1.66,0,2.1,0.91,0.49,0.17,0.01,2.18,0,-0.95,0,128.88,0.09,1.01,0.28,130.26,49.98,-93.6,-0.43,-2.78
Nov 2034,184.24,2.28,0,3.26,0.32,0.12,0.1,0.01,3.03,0,-1.3,0,178.93,0.12,0.45,0.0,179.5,49.54,-92.8,-0.439999999999998,0.799999999999997
Dec 2034,70.12,0.98,0,1.31,0.29,0.12,0.1,0.01,1.15,0,-0.56,0,67.99,0.05,0.38,0.0,68.43,49.38,-91.17,-0.15999999999999698,1.63
Jan 2035,84.23,1.19,0,1.56,0.37,0.12,0.1,0.01,1.38,0,-0.68,0,81.65,0.06,0.43,0.0,82.14,49.27,-90.66,-0.10999999999999902,0.510000000000005
Feb 2035,123.95,1.57,0,2.22,0.27,0.12,0.1,0.01,2.04,0,-0.89,0,120.35,0.08,0.54,0.0,120.97,49.18,-90.05,-0.0900000000000034,0.609999999999999
Mar 2035,188.6,2.4,0,3.34,0.41,0.12,0.1,0.01,3.1,0,-1.37,0,183.1,0.13,0.64,0.0,183.86,48.89,-89.0,-0.289999999999999,1.05
Apr 2035,489.4,6.05,0,11.01,0.23,2.06,0.1,0.01,8.04,0,-3.45,0,475.31,0.32,0.84,0.0,476.47,48.64,-87.36,-0.25,1.64
May 2035,210.91,2.95,0,4.53,7.51,7.55,1.27,0.01,3.47,0,-1.68,0,204.49,0.16,5.23,6.08,215.96,46.06,-82.86,-2.58,4.5
Jun 2035,502.92,6.46,0,5.29,9.81,5.29,1.25,0.01,8.27,0,-3.69,0,488.19,0.34,5.98,7.98,502.49,42.04,-88.42,-4.02,-5.56
Jul 2035,448.41,6.13,0,4.88,9.3,4.88,1.42,0.01,7.37,0,-3.5,0,434.91,0.33,5.56,8.11,448.91,41.83,-93.07,-0.21000000000000102,-4.649999999999991
Aug 2035,418.64,5.82,0,4.54,8.84,4.54,1.26,0.01,6.88,0,-3.32,0,405.94,0.31,5.09,6.88,418.21,42.11,-98.72,0.280000000000001,-5.650000000000009
Sep 2035,391.25,5.29,0,4.13,8.02,4.13,0.93,0.01,6.43,0,-3.02,0,379.53,0.28,4.45,5.09,389.35,42.58,-103.3,0.469999999999999,-4.58
Oct 2035,179.01,2.28,0,3.19,0.39,0.12,0.1,0.01,2.94,0,-1.3,0,173.79,0.12,0.62,0.0,174.53,42.94,-105.89,0.35999999999999893,-2.59
Nov 2035,43.43,0.84,0,0.88,0.52,0.12,0.1,0.01,0.71,0,-0.48,0,41.87,0.04,0.4,0.0,42.31,42.68,-104.35,-0.259999999999998,1.54000000000001
Dec 2035,9.21,0.25,0,0.26,0.24,0.12,0.1,0.01,0.15,0,-0.14,0,8.81,0.01,0.38,0.0,9.2,42.78,-104.21,0.10000000000000099,0.140000000000001
Jan 2036,159.7,2.1,0,2.87,0.44,0.12,0.1,0.01,2.62,0,-1.2,0,154.98,0.11,0.4,0.0,155.49,42.61,-104.29,-0.17000000000000198,-0.0800000000000125
Feb 2036,117.69,1.63,0,2.15,0.45,0.12,0.1,0.01,1.93,0,-0.93,0,114.12,0.09,0.45,0.0,114.66,42.62,-102.96,0.009999999999998009,1.33000000000001
Mar 2036,136.26,2.58,0,2.58,1.46,0.12,0.1,0.01,2.24,0,-1.47,0,131.44,0.14,0.66,0.0,132.24,42.59,-102.05,-0.029999999999993997,0.909999999999997
Apr 2036,965.94,12.04,0,22.93,0.23,4.88,0.1,0.01,15.88,0,-6.87,0,938.02,0.64,0.91,0.13,939.7,43.36,-101.37,0.769999999999996,0.6799999999999928
May 2036,255.45,6.19,0,3.24,9.39,3.24,1.32,0.0,4.2,0,-3.53,0,245.06,0.33,3.99,6.6,255.98,37.89,-92.6,-5.47,8.77000000000001
Jun 2036,94.98,1.96,0,1.79,2.97,1.79,1.91,0.0,1.56,0,-1.12,0,91.46,0.1,3.16,8.1,102.83,41.37,-99.85,3.48,-7.25
Jul 2036,912.8,11.35,0,12.97,8.39,4.14,0.76,0.01,15.0,0,-6.48,0,886.45,0.6,4.7,7.47,899.22,41.3,-109.42,-0.0700000000000003,-9.57000000000001
Aug 2036,398.1,5.63,0,4.38,8.55,4.38,1.33,0.01,6.54,0,-3.22,0,385.92,0.3,4.99,7.11,398.32,41.6,-109.12,0.30000000000000393,0.29999999999999705
Sep 2036,434.92,5.83,0,4.6,8.57,4.33,0.8,0.01,7.15,0,-3.33,0,421.95,0.31,4.57,4.73,431.56,42.11,-114.23,0.509999999999998,-5.11
Oct 2036,458.76,6.1,0,8.09,1.28,0.12,0.1,0.01,7.54,0,-3.48,0,445.12,0.32,0.61,0.0,446.05,42.56,-115.92,0.45000000000000295,-1.69
Nov 2036,132.08,1.9,0,2.41,0.59,0.12,0.1,0.01,2.17,0,-1.08,0,128.02,0.1,0.41,0.0,128.52,43.21,-111.95,0.649999999999999,3.97
Dec 2036,63.99,1.06,0,1.23,0.49,0.12,0.1,0.01,1.05,0,-0.6,0,61.88,0.06,0.38,0.0,62.32,43.36,-110.95,0.149999999999999,1.0
Jan 2037,109.2,1.72,0,2.03,0.7,0.12,0.1,0.01,1.79,0,-0.98,0,105.69,0.09,0.4,0.0,106.18,43.45,-110.6,0.0900000000000034,0.3500000000000089
Feb 2037,52.0,0.96,0,1.03,0.55,0.12,0.1,0.01,0.85,0,-0.55,0,50.18,0.05,0.48,0.0,50.71,43.72,-109.88,0.269999999999996,0.719999999999999
Mar 2037,178.36,2.96,0,3.28,1.33,0.12,0.1,0.01,2.93,0,-1.69,0,172.47,0.16,0.65,0.0,173.27,43.76,-109.66,0.0399999999999991,0.219999999999999
Apr 2037,143.93,2.91,0,8.85,0.24,4.67,0.11,0.01,2.37,0,-1.66,0,138.65,0.15,0.89,0.01,139.7,44.42,-108.51,0.660000000000004,1.14999999999999
May 2037,474.31,8.2,0,5.07,12.44,5.07,0.95,0.01,7.8,0,-4.68,0,458.31,0.44,5.47,6.42,470.64,39.19,-107.91,-5.23,0.600000000000009
Jun 2037,230.71,5.58,0,3.11,8.47,3.11,1.65,0.0,3.79,0,-3.18,0,221.34,0.3,4.2,7.87,233.7,42.04,-112.16,2.85,-4.25
Jul 2037,986.34,15.55,0,14.93,12.5,3.82,0.71,0.01,16.21,0,-8.88,0,954.58,0.83,4.47,7.51,967.38,44.84,-121.07,2.8,-8.91
Aug 2037,871.53,11.56,0,12.55,8.75,3.76,0.7,0.01,14.32,0,-6.6,0,845.65,0.61,4.39,6.85,857.5,49.75,-121.94,4.91,-0.8700000000000051
Sep 2037,191.19,4.14,0,2.5,6.28,2.5,1.24,0.0,3.14,0,-2.36,0,183.91,0.22,3.2,5.07,192.4,51.04,-121.75,1.29,0.18999999999999803
Oct 2037,38.79,1.35,0,0.88,1.28,0.12,0.1,0.01,0.64,0,-0.77,0,36.81,0.07,0.71,0.0,37.59,52.87,-127.29,1.83,-5.54000000000001
Nov 2037,175.67,3.53,0,3.3,2.17,0.12,0.1,0.01,2.89,0,-2.01,0,169.26,0.19,0.46,0.0,169.9,53.42,-127.51,0.550000000000004,-0.219999999999999
Dec 2037,241.15,3.6,0,4.32,1.27,0.12,0.1,0.01,3.96,0,-2.06,0,233.58,0.19,0.36,0.0,234.13,55.1,-126.73,1.68,0.780000000000001
Jan 2038,123.77,2.07,0,2.29,0.97,0.12,0.1,0.01,2.03,0,-1.18,0,119.66,0.11,0.44,0.0,120.21,55.98,-124.91,0.8799999999999949,1.82000000000001
Feb 2038,249.74,3.68,0,4.46,1.25,0.12,0.1,0.01,4.1,0,-2.1,0,241.95,0.2,0.52,0.0,242.66,56.49,-124.15,0.510000000000005,0.7599999999999909
Mar 2038,313.15,5.58,0,5.71,2.87,0.12,0.1,0.01,5.15,0,-3.18,0,302.42,0.3,0.61,0.0,303.33,57.2,-122.24,0.7100000000000011,1.9100000000000101
Apr 2038,282.08,4.19,0,6.52,0.23,0.39,0.1,0.01,4.64,0,-2.39,0,273.25,0.22,0.9,0.0,274.38,59.44,-120.37,2.23999999999999,1.86999999999999
May 2038,242.99,3.6,0,5.65,8.02,8.21,0.84,0.01,3.99,0,-2.06,0,235.4,0.19,5.29,4.14,245.02,58.47,-118.22,-0.969999999999999,2.15000000000001
Jun 2038,565.9,8.61,0,5.88,13.07,5.88,1.11,0.01,9.3,0,-4.91,0,547.99,0.46,6.61,7.72,562.78,53.83,-121.25,-4.64,-3.03
Jul 2038,1056.83,13.19,0,15.85,7.57,3.39,0.64,0.01,17.37,0,-7.53,0,1026.26,0.7,4.2,7.32,1038.48,55.5,-125.69,1.67,-4.44
Aug 2038,644.9,8.7,0,7.65,10.62,5.06,0.91,0.01,10.6,0,-4.97,0,625.6,0.46,5.6,6.72,638.38,56.11,-123.8,0.609999999999999,1.89
Sep 2038,373.11,4.69,0,3.81,7.13,3.81,0.74,0.01,6.13,0,-2.68,0,362.28,0.25,4.22,4.0,370.75,56.97,-125.78,0.859999999999999,-1.98
Oct 2038,571.92,6.88,0,9.87,0.7,0.12,0.1,0.01,9.4,0,-3.93,0,555.63,0.37,0.63,0.0,556.63,56.8,-127.06,-0.17000000000000198,-1.28
Nov 2038,281.84,3.58,0,4.93,0.62,0.12,0.1,0.01,4.63,0,-2.04,0,273.63,0.19,0.46,0.0,274.28,56.84,-121.68,0.0400000000000063,5.38
Dec 2038,65.38,0.95,0,1.22,0.33,0.12,0.1,0.01,1.07,0,-0.54,0,63.36,0.05,0.39,0.0,63.8,56.98,-119.19,0.13999999999999302,2.49000000000001
Jan 2039,193.41,2.66,0,3.44,0.72,0.12,0.1,0.01,3.18,0,-1.52,0,187.57,0.14,0.4,0.0,188.11,56.89,-118.75,-0.0899999999999963,0.439999999999998
Feb 2039,62.38,1.16,0,1.21,0.67,0.12,0.1,0.01,1.03,0,-0.66,0,60.19,0.06,0.53,0.0,60.78,57.18,-117.18,0.289999999999999,1.5699999999999898
Mar 2039,326.4,4.68,0,5.78,1.45,0.12,0.1,0.01,5.36,0,-2.67,0,316.35,0.25,0.72,0.0,317.32,57.3,-116.91,0.119999999999997,0.27000000000001
Apr 2039,277.07,6.37,0,11.36,0.28,1.98,0.11,0.01,4.55,0,-3.63,0,266.15,0.34,1.06,0.05,267.59,58.0,-114.31,0.700000000000003,2.5999999999999903
May 2039,315.5,6.22,0,3.67,9.45,3.67,1.21,0.01,5.19,0,-3.55,0,304.09,0.33,4.55,6.5,315.47,55.34,-113.53,-2.66,0.780000000000001
Jun 2039,1054.39,13.89,0,16.15,7.98,3.04,0.58,0.01,17.33,0,-7.93,0,1023.17,0.74,4.05,7.37,1035.33,57.78,-119.6,2.44,-6.0699999999999905
Jul 2039,807.76,9.89,0,10.68,8.87,4.53,0.83,0.01,13.28,0,-5.65,0,784.59,0.53,5.26,7.35,797.72,59.23,-118.14,1.45,1.45999999999999
Aug 2039,776.56,9.65,0,10.4,8.46,4.21,0.78,0.01,12.76,0,-5.51,0,754.14,0.51,4.89,6.79,766.33,59.13,-118.68,-0.0999999999999943,-0.540000000000006
Sep 2039,318.21,3.83,0,3.41,5.81,3.41,1.0,0.01,5.23,0,-2.19,0,309.15,0.2,3.98,4.89,318.22,59.25,-118.98,0.119999999999997,-0.29999999999999705
Oct 2039,167.72,2.34,0,3.0,0.67,0.12,0.1,0.01,2.76,0,-1.33,0,162.63,0.12,0.73,0.0,163.48,58.68,-121.82,-0.57,-2.8399999999999905
Nov 2039,223.47,2.83,0,3.92,0.49,0.12,0.1,0.01,3.67,0,-1.61,0,216.97,0.15,0.5,0.0,217.61,58.59,-120.49,-0.0899999999999963,1.33
Dec 2039,192.67,2.43,0,3.39,0.42,0.12,0.1,0.01,3.17,0,-1.39,0,187.08,0.13,0.36,0.0,187.56,58.55,-118.52,-0.0400000000000063,1.97
Jan 2040,206.46,2.82,0,3.66,0.73,0.12,0.1,0.01,3.39,0,-1.61,0,200.25,0.15,0.41,0.0,200.81,58.59,-116.83,0.0400000000000063,1.69
Feb 2040,73.55,1.03,0,1.36,0.32,0.12,0.1,0.01,1.21,0,-0.59,0,71.31,0.05,0.49,0.0,71.85,58.88,-115.14,0.289999999999999,1.69
Mar 2040,92.12,1.73,0,1.75,1.0,0.12,0.1,0.01,1.51,0,-0.99,0,88.88,0.09,0.71,0.0,89.68,58.68,-114.61,-0.200000000000003,0.530000000000001
Apr 2040,151.86,2.37,0,8.86,0.25,5.51,0.11,0.01,2.5,0,-1.35,0,146.99,0.13,1.03,0.01,148.16,58.94,-114.17,0.259999999999998,0.439999999999998
May 2040,480.43,6.7,0,4.97,10.17,4.97,0.97,0.01,7.9,0,-3.83,0,465.83,0.36,5.61,6.62,478.41,52.74,-113.13,-6.2,1.04000000000001
Jun 2040,513.96,6.61,0,5.33,10.03,5.33,1.21,0.01,8.45,0,-3.77,0,498.91,0.35,6.18,7.85,513.28,53.3,-116.64,0.5599999999999951,-3.5100000000000096
Jul 2040,493.6,7.13,0,5.23,10.82,5.23,1.27,0.01,8.11,0,-4.07,0,478.36,0.38,5.93,7.61,492.27,53.02,-121.01,-0.279999999999994,-4.37
Aug 2040,726.45,8.7,0,9.36,8.28,4.44,0.81,0.01,11.94,0,-4.96,0,705.81,0.46,5.03,6.68,717.98,53.94,-125.84,0.9199999999999949,-4.83
Sep 2040,407.85,5.14,0,4.2,7.81,4.2,0.86,0.01,6.7,0,-2.94,0,396.01,0.27,4.59,4.89,405.75,53.55,-126.34,-0.39000000000000107,-0.5
Oct 2040,70.11,0.92,0,1.29,0.23,0.13,0.1,0.01,1.15,0,-0.52,0,68.04,0.05,0.71,0.0,68.8,53.43,-128.32,-0.119999999999997,-1.9799999999999898
Nov 2040,241.15,2.98,0,4.23,0.41,0.12,0.1,0.01,3.96,0,-1.7,0,234.21,0.16,0.51,0.0,234.88,52.9,-127.78,-0.530000000000001,0.539999999999992
Dec 2040,60.21,0.92,0,1.14,0.37,0.12,0.1,0.01,0.99,0,-0.52,0,58.3,0.05,0.42,0.0,58.77,52.78,-125.61,-0.119999999999997,2.17
Jan 2041,281.22,3.45,0,4.91,0.44,0.12,0.1,0.01,4.62,0,-1.97,0,273.15,0.18,0.47,0.0,273.8,52.7,-125.23,-0.0799999999999983,0.379999999999995
Feb 2041,241.87,2.93,0,4.23,0.34,0.12,0.1,0.01,3.98,0,-1.67,0,234.96,0.16,0.55,0.0,235.66,52.65,-122.67,-0.0500000000000043,2.56
Mar 2041,160.38,2.04,0,2.85,0.36,0.12,0.1,0.01,2.64,0,-1.16,0,155.71,0.11,0.67,0.0,156.49,52.42,-120.46,-0.22999999999999698,2.2100000000000097
Apr 2041,207.09,2.58,0,9.76,0.23,6.07,0.1,0.01,3.4,0,-1.47,0,201.1,0.14,0.92,0.0,202.16,52.08,-119.08,-0.34000000000000297,1.38
May 2041,425.48,5.83,0,5.63,5.91,2.7,0.53,0.01,6.99,0,-3.33,0,412.65,0.31,3.39,3.47,419.82,45.41,-117.24,-6.67,1.84
Jun 2041,555.84,6.65,0,5.68,10.1,5.68,1.14,0.01,9.14,0,-3.8,0,540.05,0.35,6.33,7.81,554.55,45.75,-117.56,0.34000000000000297,-0.320000000000007
Jul 2041,855.51,10.47,0,11.55,8.99,4.64,0.85,0.01,14.06,0,-5.98,0,830.98,0.56,5.22,7.68,844.43,44.96,-121.16,-0.7899999999999989,-3.5999999999999903
Aug 2041,488.61,6.66,0,5.14,10.1,5.14,1.16,0.01,8.03,0,-3.8,0,473.92,0.35,5.62,6.91,486.8,44.93,-121.59,-0.0300000000000011,-0.430000000000007
Sep 2041,503.64,6.99,0,6.18,8.26,3.83,0.71,0.01,8.28,0,-3.99,0,488.37,0.37,4.17,4.81,497.72,45.43,-125.42,0.5,-3.83
Oct 2041,602.32,8.07,0,10.58,1.79,0.12,0.1,0.01,9.9,0,-4.61,0,584.34,0.43,0.65,0.0,585.42,46.39,-126.65,0.9600000000000011,-1.23
Nov 2041,334.02,4.38,0,5.88,0.88,0.12,0.1,0.01,5.49,0,-2.5,0,324.15,0.23,0.45,0.0,324.83,47.51,-121.45,1.12,5.2
Dec 2041,57.09,0.87,0,1.09,0.34,0.12,0.1,0.01,0.94,0,-0.5,0,55.28,0.05,0.39,0.0,55.72,47.92,-118.55,0.410000000000004,2.9000000000000097
Jan 2042,22.78,0.98,0,0.58,1.03,0.12,0.1,0.01,0.37,0,-0.56,0,21.42,0.05,0.44,0.0,21.91,47.85,-118.2,-0.0700000000000003,0.349999999999994
Feb 2042,41.98,1.14,0,0.9,0.94,0.12,0.1,0.01,0.69,0,-0.65,0,40.15,0.06,0.51,0.0,40.72,48.41,-118.48,0.5599999999999951,-0.280000000000001
Mar 2042,132.05,4.13,0,2.75,3.64,0.12,0.1,0.01,2.17,0,-2.36,0,125.75,0.22,0.66,0.0,126.63,48.82,-118.53,0.410000000000004,-0.0499999999999972
Apr 2042,215.3,6.43,0,10.41,0.29,0.95,0.11,0.01,3.54,0,-3.67,0,205.33,0.34,1.01,0.05,206.73,51.78,-118.81,2.96,-0.280000000000001
May 2042,497.23,8.98,0,5.56,12.98,4.91,0.89,0.01,8.17,0,-5.13,0,480.08,0.48,5.45,6.26,492.27,50.21,-119.09,-1.57,-0.280000000000001
Jun 2042,129.56,4.73,0,2.27,7.18,2.27,1.86,0.0,2.13,0,-2.7,0,122.7,0.25,3.77,8.13,134.85,53.71,-123.18,3.5,-4.09
Jul 2042,1132.83,14.03,0,17.11,7.59,3.41,0.64,0.01,18.62,0,-8.01,0,1100.19,0.74,4.26,7.53,1112.72,56.7,-133.74,2.99,-10.56
Aug 2042,658.71,9.4,0,8.07,11.08,4.89,0.89,0.01,10.83,0,-5.36,0,638.48,0.5,5.46,6.65,651.09,57.26,-131.29,0.5599999999999951,2.45000000000002
Sep 2042,423.41,5.49,0,4.35,8.33,4.35,0.89,0.01,6.96,0,-3.13,0,410.96,0.29,4.78,5.12,421.16,58.86,-133.36,1.6,-2.07000000000002
Oct 2042,131.24,1.7,0,2.34,0.36,0.12,0.1,0.01,2.16,0,-0.97,0,127.38,0.09,0.75,0.0,128.22,58.94,-135.53,0.0799999999999983,-2.1699999999999897
Nov 2042,177.58,2.58,0,3.18,0.85,0.12,0.1,0.01,2.92,0,-1.47,0,172.08,0.14,0.44,0.0,172.66,58.51,-134.43,-0.43,1.09999999999999
Dec 2042,65.3,1.17,0,1.26,0.64,0.12,0.1,0.01,1.07,0,-0.67,0,63.06,0.06,0.44,0.0,63.56,58.9,-133.08,0.39000000000000107,1.3499999999999899
Jan 2043,55.79,1.25,0,1.12,0.89,0.12,0.1,0.01,0.92,0,-0.71,0,53.63,0.07,0.5,0.0,54.19,59.08,-132.77,0.18,0.310000000000002
Feb 2043,279.96,3.93,0,4.95,1.13,0.12,0.1,0.01,4.6,0,-2.24,0,271.43,0.21,0.63,0.0,272.27,59.45,-132.65,0.370000000000005,0.120000000000005
Mar 2043,50.13,2.17,0,1.17,2.23,0.12,0.1,0.01,0.82,0,-1.24,0,47.14,0.11,0.77,0.0,48.02,59.93,-130.38,0.47999999999999704,2.27000000000001
Apr 2043,399.4,8.87,0,13.61,0.23,0.38,0.1,0.01,6.56,0,-5.06,0,383.97,0.47,0.93,0.0,385.37,61.37,-130.89,1.44,-0.509999999999991
May 2043,180.93,5.73,0,2.42,8.69,2.42,0.97,0.0,2.97,0,-3.27,0,172.23,0.3,3.44,4.4,180.37,60.37,-129.48,-1.0,1.41
Jun 2043,489.66,8.19,0,5.25,12.43,5.25,1.23,0.01,8.05,0,-4.68,0,473.42,0.43,6.23,7.78,487.87,64.17,-135.13,3.8,-5.650000000000009
Jul 2043,491.89,9.3,0,5.39,14.12,5.39,1.34,0.01,8.08,0,-5.31,0,474.5,0.49,6.29,8.04,489.32,66.35,-140.77,2.17999999999999,-5.6400000000000095
Aug 2043,679.81,8.99,0,8.06,10.77,5.18,0.93,0.01,11.17,0,-5.13,0,659.64,0.48,5.88,7.05,673.05,70.12,-147.36,3.7700000000000093,-6.59
Sep 2043,317.07,3.97,0,3.42,6.02,3.42,1.06,0.01,5.21,0,-2.27,0,307.89,0.21,4.09,5.17,317.36,70.75,-149.3,0.629999999999995,-1.94
Oct 2043,109.6,1.43,0,1.96,0.33,0.12,0.1,0.01,1.8,0,-0.82,0,106.36,0.08,0.81,0.0,107.25,70.32,-152.57,-0.430000000000007,-3.2699999999999796
Nov 2043,140.36,1.82,0,2.49,0.39,0.12,0.1,0.01,2.31,0,-1.04,0,136.23,0.1,0.49,0.0,136.82,69.82,-151.68,-0.5,0.889999999999986
Dec 2043,170.03,2.14,0,2.99,0.38,0.12,0.1,0.01,2.79,0,-1.22,0,165.09,0.11,0.4,0.0,165.61,69.69,-150.51,-0.12999999999999498,1.17000000000002
Jan 2044,73.17,0.99,0,1.34,0.27,0.12,0.1,0.01,1.2,0,-0.56,0,70.98,0.05,0.49,0.0,71.52,69.64,-149.02,-0.0499999999999972,1.48999999999998
Feb 2044,126.89,1.81,0,2.28,0.58,0.12,0.1,0.01,2.09,0,-1.03,0,122.99,0.1,0.59,0.0,123.68,69.4,-148.48,-0.239999999999995,0.54000000000002
Mar 2044,446.22,6.55,0,7.84,2.21,0.12,0.1,0.01,7.33,0,-3.74,0,432.34,0.35,0.65,0.0,433.34,69.36,-147.51,-0.0400000000000063,0.969999999999999
Apr 2044,172.81,2.71,0,6.23,0.23,2.34,0.1,0.01,2.84,0,-1.55,0,167.26,0.14,0.97,0.0,168.37,70.9,-144.01,1.54000000000001,3.5
May 2044,448.39,7.39,0,9.83,3.11,1.73,0.37,0.01,7.37,0,-4.22,0,433.63,0.39,2.7,2.53,439.25,67.92,-142.81,-2.98,1.19999999999999
Jun 2044,229.25,3.34,0,2.88,5.06,2.88,1.63,0.0,3.77,0,-1.9,0,222.14,0.18,4.32,7.74,234.39,66.95,-142.54,-0.969999999999999,0.27000000000001
Jul 2044,514.92,6.31,0,5.32,9.57,5.32,1.28,0.01,8.46,0,-3.6,0,500.15,0.33,6.18,7.87,514.53,66.45,-150.05,-0.5,-7.510000000000019
Aug 2044,771.75,11.63,0,10.41,11.68,4.44,0.81,0.01,12.68,0,-6.64,0,747.44,0.62,5.18,6.97,760.21,65.79,-154.33,-0.6599999999999971,-4.28
Sep 2044,742.13,9.07,0,11.34,4.42,2.0,0.41,0.01,12.2,0,-5.18,0,720.87,0.48,2.7,4.78,728.83,68.65,-156.05,2.86,-1.72
Oct 2044,230.7,2.91,0,4.03,0.51,0.12,0.1,0.01,3.79,0,-1.66,0,223.99,0.15,0.77,0.0,224.92,68.77,-154.21,0.11999999999999,1.84
Nov 2044,180.83,2.24,0,3.17,0.35,0.12,0.1,0.01,2.97,0,-1.28,0,175.62,0.12,0.5,0.0,176.24,68.49,-152.18,-0.280000000000001,2.03
Dec 2044,31.06,0.46,0,0.62,0.23,0.14,0.1,0.01,0.51,0,-0.26,0,30.08,0.02,0.44,0.0,30.55,68.31,-150.57,-0.179999999999993,1.61000000000001
Jan 2045,224.48,2.78,0,3.91,0.42,0.12,0.1,0.01,3.69,0,-1.59,0,218.01,0.15,0.46,0.0,218.61,68.04,-150.42,-0.269999999999996,0.150000000000006
Feb 2045,350.29,4.25,0,6.05,0.51,0.12,0.1,0.01,5.76,0,-2.42,0,340.29,0.23,0.55,0.0,341.07,67.98,-148.41,-0.0600000000000023,2.00999999999999
Mar 2045,156.31,1.95,0,2.75,0.33,0.12,0.1,0.01,2.57,0,-1.11,0,151.79,0.1,0.68,0.0,152.57,67.92,-145.16,-0.0600000000000023,3.25
Apr 2045,166.5,2.1,0,4.96,0.23,2.0,0.1,0.01,2.74,0,-1.2,0,161.67,0.11,0.9,0.0,162.69,67.55,-143.8,-0.370000000000005,1.3599999999999899
May 2045,149.42,2.19,0,4.16,6.87,7.71,1.2,0.01,2.46,0,-1.25,0,144.78,0.12,5.08,5.29,155.26,64.96,-142.35,-2.59,1.45000000000002
Jun 2045,132.08,1.91,0,2.11,2.91,2.11,1.97,0.0,2.17,0,-1.09,0,127.99,0.1,3.87,8.86,140.83,60.23,-147.62,-4.73,-5.270000000000009
Jul 2045,493.11,6.06,0,5.18,9.2,5.18,1.39,0.01,8.1,0,-3.46,0,478.94,0.32,6.09,8.34,493.69,59.13,-157.38,-1.09999999999999,-9.759999999999991
Aug 2045,404.79,5.0,0,4.36,7.59,4.36,1.37,0.01,6.65,0,-2.85,0,393.13,0.27,5.24,7.41,406.05,58.44,-162.46,-0.690000000000005,-5.08000000000001
Sep 2045,207.93,2.66,0,2.54,4.04,2.54,1.34,0.0,3.42,0,-1.52,0,201.85,0.14,3.41,5.7,211.1,57.8,-167.44,-0.640000000000001,-4.979999999999991
Oct 2045,113.55,1.63,0,1.25,2.47,1.25,0.31,0.01,1.87,0,-0.93,0,110.05,0.09,1.79,0.88,112.81,57.22,-172.58,-0.579999999999998,-5.1400000000000095
Nov 2045,10.18,0.22,0,0.27,0.23,0.17,0.1,0.01,0.17,0,-0.12,0,9.79,0.01,0.62,0.0,10.43,56.96,-172.82,-0.259999999999998,-0.239999999999981
Dec 2045,16.44,0.31,0,0.38,0.23,0.14,0.1,0.01,0.27,0,-0.18,0,15.86,0.02,0.44,0.0,16.32,56.48,-172.87,-0.4800000000000039,-0.0500000000000114
Jan 2046,100.81,1.34,0,1.83,0.33,0.12,0.1,0.01,1.66,0,-0.77,0,97.81,0.07,0.47,0.0,98.36,56.22,-172.86,-0.259999999999998,0.009999999999990909
Feb 2046,153.52,2.09,0,2.74,0.54,0.12,0.1,0.01,2.52,0,-1.19,0,148.92,0.11,0.57,0.0,149.6,56.05,-172.06,-0.17000000000000198,0.800000000000011
Mar 2046,171.51,2.32,0,3.13,0.51,0.12,0.1,0.01,2.82,0,-1.32,0,166.37,0.12,0.74,0.0,167.23,55.99,-170.82,-0.0599999999999952,1.24000000000001
Apr 2046,16.81,0.4,0,6.29,0.59,6.26,0.14,0.01,0.28,0,-0.23,0,16.13,0.02,1.23,0.15,17.53,55.73,-169.42,-0.260000000000005,1.4000000000000101
May 2046,66.6,1.56,0,1.48,2.37,1.48,1.81,0.0,1.09,0,-0.89,0,63.94,0.08,2.93,7.65,74.61,48.96,-169.64,-6.77,-0.219999999999999
Jun 2046,493.9,9.8,0,5.49,14.87,5.49,1.33,0.01,8.12,0,-5.59,0,475.98,0.52,6.35,8.39,491.24,48.73,-178.9,-0.23000000000000398,-9.26000000000002
Jul 2046,755.79,10.09,0,9.02,12.1,5.81,1.04,0.01,12.42,0,-5.76,0,733.28,0.54,6.46,8.24,748.52,53.09,-186.09,4.360000000000009,-7.19
Aug 2046,713.38,10.41,0,8.96,11.89,5.06,0.91,0.01,11.73,0,-5.94,0,691.24,0.55,5.64,7.16,704.6,53.94,-188.69,0.8499999999999941,-2.5999999999999903
Sep 2046,455.6,6.3,0,4.79,9.27,4.5,0.82,0.01,7.49,0,-3.6,0,441.81,0.33,4.88,5.03,452.06,56.04,-190.97,2.1,-2.28
Oct 2046,142.79,2.6,0,2.66,1.41,0.12,0.1,0.01,2.35,0,-1.48,0,137.85,0.14,0.72,0.0,138.7,56.74,-192.92,0.700000000000003,-1.94999999999999
Nov 2046,55.28,0.91,0,1.06,0.43,0.12,0.1,0.01,0.91,0,-0.52,0,53.47,0.05,0.55,0.0,54.06,57.41,-192.15,0.669999999999995,0.7699999999999821
Dec 2046,78.01,1.16,0,1.45,0.43,0.12,0.1,0.01,1.28,0,-0.66,0,75.57,0.06,0.39,0.0,76.02,57.27,-191.85,-0.13999999999999302,0.300000000000011
Jan 2047,43.85,0.9,0,0.89,0.59,0.12,0.1,0.01,0.72,0,-0.51,0,42.23,0.05,0.45,0.0,42.73,57.28,-191.32,0.009999999999998009,0.530000000000001
Feb 2047,48.84,0.91,0,0.96,0.53,0.12,0.1,0.01,0.8,0,-0.52,0,47.13,0.05,0.62,0.0,47.8,57.39,-191.2,0.10999999999999902,0.120000000000005
Mar 2047,115.15,2.61,0,2.53,1.54,0.12,0.1,0.01,1.89,0,-1.49,0,110.66,0.14,0.75,0.0,111.55,57.27,-191.01,-0.119999999999997,0.18999999999999803
Apr 2047,82.92,1.5,0,7.12,0.85,5.69,0.16,0.01,1.36,0,-0.86,0,80.05,0.08,1.41,0.29,81.84,58.03,-190.7,0.7599999999999979,0.310000000000002
May 2047,252.76,3.6,0,3.01,5.47,3.01,1.36,0.0,4.15,0,-2.06,0,245.0,0.19,4.03,6.84,256.06,51.93,-190.64,-6.1,0.0600000000000023
Jun 2047,830.85,10.41,0,11.03,9.49,4.73,0.86,0.01,13.66,0,-5.94,0,806.79,0.55,5.59,8.07,820.99,51.72,-196.74,-0.21000000000000102,-6.100000000000019
Jul 2047,457.77,5.49,0,4.87,8.33,4.87,1.42,0.01,7.52,0,-3.13,0,444.76,0.29,5.71,8.18,458.95,51.75,-197.94,0.0300000000000011,-1.19999999999999
Aug 2047,571.95,7.27,0,5.83,11.03,5.83,1.1,0.01,9.4,0,-4.15,0,555.28,0.39,6.32,7.24,569.23,50.9,-203.13,-0.8500000000000011,-5.19
Sep 2047,579.22,7.97,0,7.67,7.96,3.54,0.66,0.01,9.52,0,-4.55,0,561.73,0.42,3.97,5.14,571.27,50.87,-206.21,-0.0300000000000011,-3.0800000000000094
Oct 2047,189.39,2.61,0,3.38,0.7,0.12,0.1,0.01,3.11,0,-1.49,0,183.66,0.14,0.63,0.0,184.43,51.98,-207.03,1.11,-0.8199999999999928
Nov 2047,79.07,1.05,0,1.45,0.26,0.12,0.1,0.01,1.3,0,-0.6,0,76.71,0.06,0.42,0.0,77.19,52.02,-205.5,0.0400000000000063,1.53
Dec 2047,149.91,2.01,0,2.68,0.49,0.12,0.1,0.01,2.46,0,-1.15,0,145.43,0.11,0.4,0.0,145.94,51.83,-204.89,-0.190000000000005,0.610000000000014
Jan 2048,207.61,2.66,0,3.67,0.48,0.12,0.1,0.01,3.41,0,-1.52,0,201.54,0.14,0.45,0.0,202.13,51.9,-203.67,0.0700000000000003,1.22
Feb 2048,241.58,3.06,0,4.25,0.51,0.12,0.1,0.01,3.97,0,-1.75,0,234.55,0.16,0.51,0.0,235.22,51.91,-201.86,0.009999999999998009,1.8099999999999699
Mar 2048,334.77,4.04,0,5.84,0.42,0.12,0.1,0.01,5.5,0,-2.31,0,325.22,0.21,0.72,0.0,326.15,51.89,-199.73,-0.019999999999996004,2.13000000000002
Apr 2048,837.94,10.22,0,20.58,0.22,5.3,0.1,0.01,13.77,0,-5.83,0,813.95,0.54,0.94,0.0,815.43,51.57,-196.63,-0.32,3.0999999999999903
May 2048,474.56,6.17,0,4.89,9.37,4.89,0.95,0.01,7.8,0,-3.52,0,460.58,0.33,5.41,6.45,472.77,45.64,-188.78,-5.93,7.849999999999991
Jun 2048,587.22,7.4,0,6.0,11.23,6.0,1.14,0.01,9.65,0,-4.22,0,570.17,0.39,6.65,8.11,585.32,45.65,-191.89,0.009999999999998009,-3.1099999999999905
Jul 2048,594.64,8.06,0,6.14,12.23,6.14,1.2,0.01,9.77,0,-4.6,0,576.81,0.43,6.65,8.1,591.99,45.36,-195.7,-0.289999999999999,-3.81
Aug 2048,548.04,7.86,0,5.7,11.92,5.7,1.12,0.01,9.01,0,-4.48,0,531.18,0.42,6.14,7.13,544.87,45.99,-199.82,0.6300000000000029,-4.12
Sep 2048,543.51,6.77,0,6.83,7.17,3.73,0.7,0.01,8.93,0,-3.86,0,527.81,0.36,4.1,5.03,537.3,47.18,-203.54,1.19,-3.72
Oct 2048,213.51,2.96,0,3.81,0.79,0.12,0.1,0.01,3.51,0,-1.69,0,207.04,0.16,0.68,0.0,207.88,47.21,-204.18,0.0300000000000011,-0.640000000000015
Nov 2048,75.83,1.03,0,1.4,0.28,0.12,0.1,0.01,1.25,0,-0.59,0,73.55,0.05,0.44,0.0,74.05,47.3,-202.45,0.0899999999999963,1.73000000000002
Dec 2048,158.04,2.09,0,2.83,0.46,0.12,0.1,0.01,2.6,0,-1.19,0,153.35,0.11,0.37,0.0,153.83,47.11,-201.89,-0.18999999999999803,0.560000000000002
Jan 2049,195.69,2.56,0,3.48,0.52,0.12,0.1,0.01,3.22,0,-1.46,0,189.91,0.14,0.4,0.0,190.45,47.18,-200.57,0.0700000000000003,1.31999999999999
Feb 2049,63.22,0.91,0,1.19,0.3,0.12,0.1,0.01,1.04,0,-0.52,0,61.27,0.05,0.51,0.0,61.84,47.27,-198.91,0.0900000000000034,1.66
Mar 2049,152.59,2.37,0,3.13,0.58,0.12,0.1,0.01,2.51,0,-1.35,0,147.71,0.13,0.71,0.0,148.55,47.03,-198.48,-0.24000000000000196,0.430000000000007
Apr 2049,111.54,1.86,0,7.54,0.95,5.67,0.17,0.01,1.83,0,-1.06,0,107.85,0.1,1.36,0.37,109.67,46.87,-197.41,-0.160000000000004,1.06999999999999
May 2049,138.5,3.6,0,2.13,5.46,2.13,1.52,0.0,2.28,0,-2.05,0,132.62,0.19,3.13,6.62,142.57,40.96,-197.16,-5.91,0.25
Jun 2049,427.09,6.03,0,4.72,9.15,4.72,1.49,0.01,7.02,0,-3.44,0,414.04,0.32,5.67,8.83,428.87,42.66,-205.08,1.7,-7.9200000000000195
Jul 2049,641.5,8.14,0,6.54,12.35,6.54,1.19,0.01,10.54,0,-4.65,0,622.82,0.43,6.99,8.38,638.61,42.9,-211.81,0.24000000000000196,-6.729999999999991
Aug 2049,803.12,10.51,0,10.85,9.61,4.52,0.83,0.01,13.2,0,-6.0,0,779.41,0.56,5.03,7.25,792.24,42.91,-215.48,0.009999999999998009,-3.6699999999999906
Sep 2049,539.17,7.12,0,6.63,8.18,4.01,0.74,0.01,8.86,0,-4.06,0,523.19,0.38,4.34,5.25,533.15,43.79,-216.33,0.880000000000003,-0.850000000000023
Oct 2049,24.15,0.43,0,0.52,0.25,0.12,0.1,0.01,0.4,0,-0.25,0,23.32,0.02,0.66,0.0,24.01,44.36,-217.51,0.57,-1.17999999999998
Nov 2049,47.21,0.66,0,0.91,0.22,0.14,0.1,0.01,0.78,0,-0.37,0,45.77,0.03,0.45,0.0,46.26,43.92,-217.45,-0.439999999999998,0.0600000000000023
Dec 2049,69.71,0.92,0,1.3,0.22,0.12,0.1,0.01,1.15,0,-0.53,0,67.64,0.05,0.39,0.0,68.08,43.65,-217.14,-0.270000000000003,0.310000000000002
Jan 2050,42.24,0.69,0,0.84,0.33,0.12,0.1,0.01,0.69,0,-0.4,0,40.86,0.04,0.35,0.0,41.24,43.45,-216.61,-0.19999999999999601,0.5299999999999729
Feb 2050,81.41,1.08,0,1.5,0.25,0.12,0.1,0.01,1.34,0,-0.62,0,79.0,0.06,0.47,0.0,79.52,43.41,-216.4,-0.0400000000000063,0.210000000000008
Mar 2050,8.17,0.16,0,6.34,0.22,6.33,0.1,0.01,0.13,0,-0.09,0,7.88,0.01,0.77,0.0,8.67,43.16,-215.77,-0.25,0.629999999999995
Apr 2050,172.11,2.16,0,2.88,0.81,0.4,0.15,0.01,2.83,0,-1.24,0,167.12,0.11,1.1,0.29,168.62,36.38,-215.82,-6.7799999999999905,-0.0499999999999829
May 2050,375.51,5.19,0,4.13,7.87,4.13,1.22,0.01,6.17,0,-2.96,0,364.15,0.28,4.75,7.15,376.33,35.83,-214.65,-0.550000000000004,1.16999999999999
Jun 2050,344.72,4.73,0,3.99,7.18,3.99,1.61,0.0,5.67,0,-2.7,0,334.32,0.25,4.94,8.78,348.29,36.03,-219.8,0.200000000000003,-5.150000000000009
Jul 2050,882.98,11.04,0,12.0,9.63,4.87,0.88,0.01,14.51,0,-6.3,0,857.42,0.59,5.31,8.03,871.35,35.89,-227.23,-0.140000000000001,-7.429999999999981
Aug 2050,795.4,10.8,0,10.95,9.82,4.38,0.8,0.01,13.07,0,-6.16,0,771.53,0.57,4.78,7.07,783.96,36.21,-227.92,0.32,-0.689999999999998
Sep 2050,342.07,4.63,0,3.75,7.03,3.75,1.11,0.01,5.62,0,-2.64,0,331.82,0.25,4.17,5.62,341.85,37.66,-228.87,1.45,-0.9500000000000172
Oct 2050,268.86,3.31,0,4.56,0.84,0.38,0.15,0.01,4.42,0,-1.89,0,261.13,0.18,0.83,0.33,262.47,37.86,-232.61,0.200000000000003,-3.7400000000000095
Nov 2050,262.01,3.36,0,4.65,0.57,0.12,0.1,0.01,4.31,0,-1.92,0,254.34,0.18,0.43,0.0,254.94,37.63,-230.55,-0.22999999999999698,2.06
Dec 2050,45.43,0.67,0,0.89,0.25,0.12,0.1,0.01,0.75,0,-0.38,0,44.01,0.04,0.34,0.0,44.39,37.75,-228.26,0.119999999999997,2.29000000000002
Jan 2051,76.0,1.0,0,1.41,0.22,0.12,0.1,0.01,1.25,0,-0.57,0,73.75,0.05,0.39,0.0,74.19,37.63,-227.98,-0.119999999999997,0.280000000000001
Feb 2051,47.38,0.66,0,0.92,0.22,0.14,0.1,0.01,0.78,0,-0.38,0,45.95,0.03,0.46,0.0,46.45,37.44,-227.39,-0.190000000000005,0.5900000000000029
Mar 2051,245.03,2.97,0,4.35,0.27,0.12,0.1,0.01,4.03,0,-1.7,0,238.03,0.16,0.58,0.0,238.77,37.15,-227.08,-0.289999999999999,0.309999999999974
Apr 2051,74.75,1.02,0,7.46,0.3,6.21,0.11,0.01,1.23,0,-0.58,0,72.51,0.05,0.84,0.03,73.43,36.81,-224.84,-0.339999999999996,2.24000000000001
May 2051,192.88,2.94,0,2.53,4.46,2.53,1.47,0.0,3.17,0,-1.68,0,186.77,0.16,3.31,6.91,197.15,30.16,-224.32,-6.65,0.52000000000001
Jun 2051,72.47,0.91,0,1.6,1.46,1.68,2.11,0.0,1.19,0,-0.52,0,70.37,0.05,2.92,9.07,82.4,30.25,-231.22,0.0899999999999999,-6.900000000000009
Jul 2051,415.04,4.98,0,4.6,7.56,4.6,1.54,0.01,6.82,0,-2.84,0,403.24,0.26,5.15,8.55,417.2,29.22,-241.72,-1.03,-10.5
Aug 2051,861.21,11.21,0,12.41,8.61,4.01,0.74,0.01,14.15,0,-6.4,0,835.84,0.6,4.31,7.04,847.78,28.56,-247.82,-0.66,-6.099999999999991
Sep 2051,394.54,6.31,0,4.28,9.57,4.28,0.94,0.01,6.48,0,-3.6,0,381.75,0.33,4.44,5.18,391.7,29.59,-247.83,1.03,-0.0100000000000193
Oct 2051,32.05,1.37,0,0.79,1.41,0.12,0.1,0.01,0.53,0,-0.78,0,30.15,0.07,0.58,0.0,30.8,31.37,-251.06,1.78,-3.2299999999999907
Nov 2051,51.73,0.83,0,1.01,0.36,0.12,0.1,0.01,0.85,0,-0.47,0,50.05,0.04,0.42,0.0,50.52,32.18,-251.4,0.8099999999999989,-0.34000000000000297
Dec 2051,227.36,2.89,0,4.06,0.44,0.12,0.1,0.01,3.74,0,-1.65,0,220.73,0.15,0.3,0.0,221.19,32.1,-251.12,-0.0799999999999983,0.280000000000001
Jan 2052,99.74,1.38,0,1.84,0.36,0.12,0.1,0.01,1.64,0,-0.79,0,96.73,0.07,0.33,0.0,97.13,32.21,-249.12,0.10999999999999902,2.0
Feb 2052,154.6,1.96,0,2.79,0.3,0.12,0.1,0.01,2.54,0,-1.12,0,150.11,0.1,0.41,0.0,150.62,32.21,-248.36,0.0,0.7599999999999909
Mar 2052,84.72,1.2,0,1.61,0.32,0.12,0.1,0.01,1.39,0,-0.68,0,82.13,0.06,0.57,0.0,82.77,32.08,-247.02,-0.130000000000003,1.34
Apr 2052,188.43,2.5,0,9.49,0.22,5.91,0.1,0.01,3.1,0,-1.43,0,182.83,0.13,0.67,0.0,183.64,31.81,-246.41,-0.27,0.610000000000014
May 2052,499.73,6.65,0,5.43,9.56,4.9,0.89,0.01,8.21,0,-3.8,0,484.86,0.35,5.11,6.27,496.6,25.53,-244.83,-6.28,1.57999999999998
Jun 2052,909.87,11.47,0,13.01,8.74,4.34,0.8,0.01,14.95,0,-6.55,0,883.45,0.61,4.73,8.07,896.85,25.96,-247.55,0.43,-2.72
Jul 2052,734.31,13.69,0,9.49,17.12,5.83,1.04,0.01,12.07,0,-7.82,0,708.54,0.73,5.99,8.11,723.37,26.41,-248.0,0.44999999999999896,-0.449999999999989
Aug 2052,784.64,9.79,0,10.66,8.6,4.4,0.81,0.01,12.9,0,-5.59,0,761.95,0.52,4.73,7.01,774.22,32.74,-252.88,6.33,-4.88
Sep 2052,457.93,5.84,0,4.9,8.45,4.49,0.82,0.01,7.53,0,-3.33,0,444.56,0.31,4.63,5.04,454.54,33.0,-253.39,0.259999999999998,-0.509999999999991
Oct 2052,154.49,2.13,0,2.81,0.54,0.11,0.1,0.01,2.54,0,-1.22,0,149.82,0.11,0.53,0.0,150.46,33.14,-255.04,0.140000000000001,-1.6500000000000101
Nov 2052,190.18,2.46,0,3.42,0.44,0.11,0.1,0.01,3.13,0,-1.41,0,184.59,0.13,0.41,0.0,185.13,33.13,-253.81,-0.009999999999998009,1.22999999999999
Dec 2052,167.46,2.27,0,3.03,0.53,0.11,0.1,0.01,2.75,0,-1.3,0,162.44,0.12,0.34,0.0,162.9,33.14,-252.18,0.009999999999998009,1.63
Jan 2053,41.06,0.62,0,0.81,0.24,0.11,0.1,0.01,0.67,0,-0.35,0,39.76,0.03,0.34,0.0,40.14,33.3,-250.81,0.15999999999999698,1.37
Feb 2053,232.13,3.25,0,4.19,0.85,0.11,0.1,0.01,3.82,0,-1.85,0,225.07,0.17,0.43,0.0,225.67,33.18,-250.58,-0.119999999999997,0.22999999999999
Mar 2053,183.85,3.1,0,3.41,1.41,0.11,0.1,0.01,3.02,0,-1.77,0,177.73,0.16,0.51,0.0,178.41,33.58,-248.71,0.39999999999999897,1.87
Apr 2053,169.33,2.7,0,9.2,0.31,5.41,0.11,0.01,2.78,0,-1.54,0,163.85,0.14,0.82,0.05,164.86,34.45,-247.54,0.8700000000000051,1.17000000000002
May 2053,507.68,7.31,0,5.61,10.42,4.93,0.89,0.01,8.34,0,-4.17,0,492.02,0.39,5.15,6.38,503.94,28.62,-246.45,-5.83,1.09
Jun 2053,366.52,7.35,0,4.36,11.16,4.36,1.51,0.01,6.02,0,-4.2,0,353.14,0.39,5.03,8.33,366.89,29.84,-249.54,1.22,-3.09
Jul 2053,409.81,9.33,0,4.89,14.16,4.89,1.54,0.01,6.74,0,-5.33,0,393.74,0.5,5.48,8.52,408.23,33.11,-257.54,3.27,-8.00000000000003
Aug 2053,442.35,6.6,0,4.83,10.02,4.83,1.32,0.01,7.27,0,-3.77,0,428.48,0.35,5.35,7.39,441.57,38.44,-266.18,5.33,-8.63999999999999
Sep 2053,337.79,4.23,0,3.68,6.42,3.68,1.1,0.01,5.55,0,-2.41,0,328.01,0.22,4.11,5.52,337.86,39.58,-271.38,1.14,-5.19999999999999
Oct 2053,306.1,4.51,0,4.13,4.69,1.98,0.41,0.01,5.03,0,-2.57,0,296.56,0.24,2.35,1.97,301.12,39.3,-274.85,-0.280000000000001,-3.47000000000003
Nov 2053,53.15,0.82,0,1.03,0.34,0.11,0.1,0.01,0.87,0,-0.47,0,51.45,0.04,0.44,0.0,51.93,40.05,-274.75,0.75,0.100000000000023
Dec 2053,8.57,0.26,0,0.25,0.25,0.11,0.1,0.01,0.14,0,-0.15,0,8.17,0.01,0.38,0.0,8.57,39.92,-274.44,-0.12999999999999498,0.310000000000002
Jan 2054,21.89,0.38,0,0.48,0.22,0.12,0.1,0.01,0.36,0,-0.22,0,21.15,0.02,0.42,0.0,21.59,39.77,-274.54,-0.149999999999999,-0.100000000000023
Feb 2054,107.0,1.39,0,1.95,0.28,0.11,0.1,0.01,1.76,0,-0.79,0,103.85,0.07,0.42,0.0,104.34,39.54,-274.48,-0.23000000000000398,0.0600000000000023
Mar 2054,62.13,0.8,0,1.16,0.22,0.17,0.1,0.01,1.02,0,-0.46,0,60.31,0.04,0.61,0.0,60.96,39.38,-273.61,-0.15999999999999698,0.8700000000000051
Apr 2054,85.84,1.23,0,7.71,0.22,6.06,0.1,0.01,1.41,0,-0.7,0,83.2,0.07,0.79,0.0,84.05,38.91,-273.13,-0.470000000000006,0.48000000000001797
May 2054,317.68,4.31,0,3.49,6.54,3.49,0.99,0.01,5.22,0,-2.46,0,308.14,0.23,4.02,5.4,317.8,32.37,-272.52,-6.54,0.610000000000014
Jun 2054,592.78,7.49,0,6.12,11.37,6.12,1.17,0.01,9.74,0,-4.27,0,575.55,0.4,6.52,8.32,590.79,32.39,-276.14,0.0200000000000031,-3.62
Jul 2054,797.81,9.78,0,10.15,10.06,5.37,0.97,0.01,13.11,0,-5.58,0,774.92,0.52,5.71,8.11,789.25,32.27,-280.15,-0.119999999999997,-4.009999999999991
Aug 2054,740.69,9.13,0,9.53,9.21,4.88,0.88,0.01,12.17,0,-5.21,0,719.39,0.48,5.17,7.18,732.23,32.2,-281.68,-0.0700000000000003,-1.53000000000003
Sep 2054,519.7,6.31,0,6.46,6.89,3.78,0.7,0.01,8.54,0,-3.6,0,504.85,0.33,3.98,4.89,514.06,32.22,-282.76,0.019999999999996004,-1.07999999999998
Oct 2054,76.64,0.99,0,1.43,0.22,0.14,0.1,0.01,1.26,0,-0.57,0,74.38,0.05,0.58,0.0,75.02,32.05,-283.4,-0.17000000000000198,-0.639999999999986
Nov 2054,100.01,1.28,0,1.83,0.23,0.11,0.1,0.01,1.64,0,-0.73,0,97.08,0.07,0.41,0.0,97.56,31.64,-282.8,-0.40999999999999703,0.5999999999999661
Dec 2054,110.73,1.74,0,2.07,0.68,0.11,0.1,0.01,1.82,0,-0.99,0,107.17,0.09,0.31,0.0,107.58,31.43,-281.98,-0.21000000000000102,0.8199999999999928
Jan 2055,43.0,0.67,0,0.85,0.27,0.11,0.1,0.01,0.71,0,-0.38,0,41.63,0.04,0.32,0.0,41.99,31.78,-281.24,0.35000000000000103,0.7400000000000091
Feb 2055,57.87,0.89,0,1.12,0.35,0.11,0.1,0.01,0.95,0,-0.51,0,56.03,0.05,0.42,0.0,56.5,31.7,-281.01,-0.0800000000000018,0.230000000000018
Mar 2055,99.41,1.24,0,1.82,0.22,0.16,0.1,0.01,1.63,0,-0.71,0,96.54,0.07,0.55,0.0,97.15,31.6,-280.65,-0.0999999999999979,0.36000000000001403
Apr 2055,279.89,3.52,0,11.09,0.22,5.98,0.1,0.01,4.6,0,-2.01,0,271.78,0.19,0.65,0.0,272.62,31.21,-279.82,-0.39000000000000107,0.8299999999999841
May 2055,394.42,5.64,0,4.2,8.56,4.2,0.84,0.01,6.48,0,-3.22,0,382.3,0.3,4.45,5.15,392.2,24.89,-277.31,-6.32,2.50999999999999
Jun 2055,80.93,1.88,0,1.74,2.85,1.74,2.08,0.0,1.33,0,-1.07,0,77.73,0.1,2.9,8.99,89.71,25.63,-280.03,0.7399999999999979,-2.71999999999997
Jul 2055,429.57,5.64,0,4.78,8.56,4.78,1.53,0.01,7.06,0,-3.22,0,416.87,0.3,5.24,8.62,431.03,25.91,-290.83,0.280000000000001,-10.8
Aug 2055,553.91,7.75,0,5.84,11.77,5.84,1.14,0.01,9.1,0,-4.43,0,537.05,0.41,5.94,7.3,550.7,25.98,-297.13,0.0700000000000003,-6.30000000000001
Sep 2055,528.07,6.45,0,6.64,6.94,3.8,0.71,0.01,8.68,0,-3.68,0,512.94,0.34,3.93,4.97,522.19,27.09,-300.88,1.11,-3.75
Oct 2055,83.74,1.45,0,1.61,0.71,0.11,0.1,0.01,1.38,0,-0.83,0,80.91,0.08,0.54,0.0,81.53,27.0,-301.54,-0.0899999999999999,-0.660000000000025
Nov 2055,151.12,1.88,0,2.73,0.23,0.11,0.1,0.01,2.48,0,-1.07,0,146.76,0.1,0.4,0.0,147.26,27.14,-301.09,0.140000000000001,0.450000000000045
Dec 2055,94.34,1.2,0,1.74,0.22,0.14,0.1,0.01,1.55,0,-0.69,0,91.59,0.06,0.32,0.0,91.97,26.95,-299.76,-0.190000000000001,1.32999999999998
Jan 2056,97.97,1.26,0,1.81,0.22,0.12,0.1,0.01,1.61,0,-0.72,0,95.11,0.07,0.37,0.0,95.54,26.8,-298.99,-0.149999999999999,0.7699999999999821
Feb 2056,83.13,1.07,0,1.55,0.22,0.14,0.1,0.01,1.37,0,-0.61,0,80.7,0.06,0.4,0.0,81.16,26.63,-298.19,-0.17000000000000198,0.800000000000011
Mar 2056,156.87,1.98,0,2.84,0.27,0.11,0.1,0.01,2.58,0,-1.13,0,152.31,0.1,0.5,0.0,152.92,26.4,-297.52,-0.23,0.670000000000016
Apr 2056,98.75,1.27,0,7.91,0.29,6.27,0.11,0.01,1.62,0,-0.72,0,95.86,0.07,0.69,0.03,96.65,26.14,-296.16,-0.259999999999998,1.3599999999999601
May 2056,466.95,5.8,0,4.92,8.8,4.92,1.0,0.01,7.67,0,-3.31,0,453.48,0.31,5.01,6.69,465.48,19.57,-295.39,-6.57,0.770000000000039
Jun 2056,356.58,4.28,0,4.05,6.5,4.05,1.47,0.01,5.86,0,-2.45,0,346.43,0.23,4.47,8.04,359.17,19.43,-298.71,-0.140000000000001,-3.3199999999999905
Jul 2056,596.4,7.3,0,6.25,11.08,6.25,1.25,0.01,9.8,0,-4.17,0,579.3,0.39,6.25,8.43,594.37,18.88,-304.8,-0.5500000000000009,-6.09000000000003
Aug 2056,980.34,12.17,0,14.87,7.23,3.63,0.68,0.01,16.11,0,-6.94,0,952.06,0.65,3.8,7.23,963.74,18.7,-308.84,-0.18,-4.03999999999996
Sep 2056,552.6,6.68,0,7.11,6.87,3.84,0.71,0.01,9.08,0,-3.81,0,536.84,0.35,3.86,5.2,546.26,19.17,-307.57,0.470000000000002,1.26999999999998
Oct 2056,34.79,0.66,0,0.73,0.39,0.11,0.1,0.01,0.57,0,-0.38,0,33.55,0.04,0.41,0.0,34.0,19.03,-308.21,-0.140000000000001,-0.639999999999986
Nov 2056,118.45,1.5,0,2.18,0.22,0.13,0.1,0.01,1.95,0,-0.85,0,115.01,0.08,0.32,0.0,115.41,18.99,-308.11,-0.0400000000000027,0.0999999999999659
Dec 2056,59.69,0.83,0,1.15,0.22,0.11,0.1,0.01,0.98,0,-0.47,0,57.88,0.04,0.3,0.0,58.23,18.85,-307.1,-0.139999999999997,1.00999999999999
Jan 2057,60.0,0.86,0,1.16,0.25,0.11,0.1,0.01,0.99,0,-0.49,0,58.16,0.05,0.34,0.0,58.55,18.74,-306.68,-0.110000000000003,0.420000000000016
Feb 2057,178.05,2.37,0,3.26,0.45,0.11,0.1,0.01,2.93,0,-1.35,0,172.76,0.13,0.37,0.0,173.25,18.63,-306.28,-0.10999999999999902,0.400000000000034
Mar 2057,170.27,2.27,0,3.23,0.34,0.11,0.1,0.01,2.8,0,-1.3,0,165.2,0.12,0.44,0.0,165.76,18.69,-304.79,0.0600000000000023,1.48999999999995
Apr 2057,35.93,0.58,0,6.74,0.22,6.08,0.1,0.01,0.59,0,-0.33,0,34.75,0.03,0.51,0.0,35.29,18.56,-303.38,-0.130000000000003,1.4100000000000301
May 2057,278.88,3.77,0,3.31,5.72,3.31,1.31,0.0,4.58,0,-2.15,0,270.52,0.2,3.54,6.86,281.13,12.28,-303.21,-6.28,0.17000000000001597
Jun 2057,498.04,6.33,0,5.4,9.6,5.4,1.32,0.01,8.19,0,-3.61,0,483.53,0.34,5.41,8.42,497.69,12.47,-308.95,0.190000000000001,-5.740000000000009
Jul 2057,427.73,5.25,0,4.78,7.97,4.78,1.51,0.01,7.03,0,-3.0,0,415.45,0.28,4.89,8.48,429.1,12.58,-314.11,0.10999999999999902,-5.16000000000003
Aug 2057,615.79,9.03,0,7.17,12.26,5.72,1.02,0.01,10.12,0,-5.15,0,596.64,0.48,5.52,7.14,609.78,12.38,-320.06,-0.19999999999999898,-5.94999999999999
Sep 2057,475.37,6.52,0,5.2,9.49,4.8,0.87,0.01,7.81,0,-3.72,0,461.04,0.35,4.66,5.44,471.49,14.41,-323.25,2.03,-3.19
Oct 2057,165.55,3.47,0,1.93,5.26,1.93,0.43,0.01,2.72,0,-1.98,0,159.36,0.18,2.03,1.51,163.09,15.3,-325.46,0.890000000000001,-2.20999999999998
Nov 2057,231.57,3.29,0,4.25,0.85,0.11,0.1,0.01,3.81,0,-1.88,0,224.48,0.17,0.31,0.0,224.96,17.01,-326.64,1.71,-1.18000000000001
Dec 2057,73.98,2.8,0,1.67,2.69,0.11,0.1,0.01,1.22,0,-1.6,0,69.96,0.15,0.27,0.0,70.38,17.53,-324.8,0.52,1.8399999999999699
Jan 2058,136.21,4.18,0,2.86,3.6,0.11,0.1,0.01,2.24,0,-2.39,0,129.79,0.22,0.29,0.0,130.3,19.93,-325.27,2.4,-0.46999999999997
Feb 2058,151.38,2.97,0,2.91,1.71,0.11,0.1,0.01,2.49,0,-1.7,0,145.92,0.16,0.36,0.0,146.45,23.21,-325.51,3.28,-0.24000000000000898
Mar 2058,298.53,7.42,0,5.89,5.49,0.11,0.1,0.01,4.91,0,-4.24,0,286.2,0.39,0.47,0.0,287.07,24.53,-324.81,1.32,0.699999999999989
Apr 2058,365.81,11.12,0,13.31,3.68,0.11,0.1,0.01,6.01,0,-6.35,0,348.67,0.59,0.68,0.0,349.95,29.52,-324.23,4.99,0.579999999999984
May 2058,429.14,9.24,0,6.41,10.5,2.88,0.56,0.01,7.05,0,-5.27,0,412.85,0.49,3.36,3.69,420.39,32.5,-324.65,2.98,-0.41999999999995896
Jun 2058,270.14,4.67,0,3.38,7.08,3.38,1.66,0.0,4.44,0,-2.66,0,261.03,0.25,4.39,8.33,274.0,37.3,-327.11,4.8,-2.46000000000004
Jul 2058,601.86,7.4,0,6.2,11.23,6.2,1.26,0.01,9.89,0,-4.22,0,584.57,0.39,6.64,8.52,600.12,38.27,-335.32,0.970000000000006,-8.209999999999981
Aug 2058,633.58,7.81,0,6.87,10.85,5.87,1.05,0.01,10.41,0,-4.46,0,615.36,0.41,6.18,7.4,629.36,37.91,-339.42,-0.360000000000007,-4.10000000000002
Sep 2058,493.55,6.05,0,5.7,7.65,4.15,0.76,0.01,8.11,0,-3.46,0,479.39,0.32,4.38,5.02,489.11,37.74,-341.9,-0.16999999999999502,-2.47999999999996
Oct 2058,612.12,7.4,0,10.7,0.65,0.11,0.1,0.01,10.06,0,-4.23,0,594.66,0.39,0.63,0.0,595.67,37.6,-343.02,-0.140000000000001,-1.12
Nov 2058,431.47,5.25,0,7.57,0.51,0.11,0.1,0.01,7.09,0,-2.99,0,419.14,0.28,0.46,0.0,419.87,37.6,-337.27,0.0,5.75
Dec 2058,108.19,1.42,0,1.97,0.29,0.11,0.1,0.01,1.78,0,-0.81,0,105.0,0.08,0.38,0.0,105.46,37.63,-333.26,0.0300000000000011,4.009999999999991
Jan 2059,66.22,0.88,0,1.24,0.22,0.12,0.1,0.01,1.09,0,-0.5,0,64.25,0.05,0.4,0.0,64.69,37.51,-332.38,-0.120000000000005,0.8799999999999949
Feb 2059,117.44,1.46,0,2.12,0.22,0.13,0.1,0.01,1.93,0,-0.83,0,114.05,0.08,0.47,0.0,114.6,37.3,-331.89,-0.21000000000000102,0.49000000000000893
Mar 2059,241.15,2.92,0,4.27,0.29,0.11,0.1,0.01,3.96,0,-1.67,0,234.26,0.16,0.5,0.0,234.92,37.01,-330.88,-0.289999999999999,1.00999999999999
Apr 2059,95.8,1.44,0,7.24,0.22,5.28,0.1,0.01,1.57,0,-0.82,0,92.79,0.08,0.74,0.0,93.61,36.77,-328.68,-0.239999999999995,2.19999999999999
May 2059,463.41,5.93,0,6.21,6.55,3.76,0.7,0.01,7.62,0,-3.38,0,449.86,0.31,4.16,4.83,459.16,31.06,-328.01,-5.71,0.670000000000016
Jun 2059,1107.53,14.68,0,17.21,8.45,3.39,0.64,0.01,18.2,0,-8.38,0,1074.65,0.78,3.96,7.86,1087.24,30.39,-329.29,-0.6699999999999979,-1.28000000000003
Jul 2059,431.35,5.42,0,4.74,8.23,4.74,1.51,0.01,7.09,0,-3.1,0,418.84,0.29,5.32,8.5,432.95,32.12,-327.95,1.73,1.34000000000003
Aug 2059,435.6,5.78,0,4.74,8.77,4.74,1.34,0.01,7.16,0,-3.3,0,422.67,0.31,5.18,7.49,435.64,31.79,-333.95,-0.32999999999999796,-6.0
Sep 2059,613.25,7.8,0,8.25,7.22,3.63,0.68,0.01,10.08,0,-4.45,0,595.36,0.41,3.88,5.47,605.13,31.97,-338.91,0.18,-4.96000000000004
Oct 2059,121.49,1.59,0,1.34,2.41,1.34,0.32,0.01,2.0,0,-0.91,0,117.91,0.08,1.68,0.95,120.62,32.34,-339.43,0.370000000000005,-0.519999999999982
Nov 2059,241.45,3.76,0,4.41,1.4,0.11,0.1,0.01,3.97,0,-2.14,0,233.73,0.2,0.41,0.0,234.34,32.05,-339.61,-0.29000000000000603,-0.18000000000000702
Dec 2059,68.37,1.04,0,1.3,0.4,0.11,0.1,0.01,1.12,0,-0.6,0,66.2,0.06,0.33,0.0,66.58,33.01,-337.87,0.9600000000000011,1.7400000000000102
Jan 2060,100.96,1.34,0,1.85,0.3,0.11,0.1,0.01,1.66,0,-0.77,0,97.96,0.07,0.36,0.0,98.39,33.06,-337.43,0.0500000000000043,0.439999999999998
Feb 2060,146.71,1.86,0,2.65,0.28,0.11,0.1,0.01,2.41,0,-1.06,0,142.44,0.1,0.46,0.0,142.99,32.97,-336.63,-0.0900000000000034,0.800000000000011
Mar 2060,25.74,0.37,0,0.58,0.22,0.24,0.1,0.01,0.42,0,-0.21,0,24.95,0.02,0.57,0.0,25.54,32.78,-335.36,-0.18999999999999803,1.26999999999998
Apr 2060,57.36,0.91,0,6.94,0.78,6.34,0.15,0.01,0.94,0,-0.52,0,55.51,0.05,1.07,0.25,56.87,32.28,-335.24,-0.5,0.120000000000005
May 2060,545.78,7.15,0,6.1,9.82,5.07,0.92,0.01,8.97,0,-4.08,0,529.66,0.38,5.27,6.85,542.16,25.8,-335.21,-6.48,0.0300000000000296
Jun 2060,140.98,2.39,0,2.21,3.63,2.21,1.88,0.0,2.32,0,-1.36,0,136.27,0.13,3.21,8.39,148.0,26.17,-338.08,0.37000000000000105,-2.87
Jul 2060,185.32,2.51,0,2.62,3.81,2.62,1.95,0.0,3.05,0,-1.43,0,179.76,0.13,3.53,8.8,192.22,26.26,-347.4,0.0899999999999999,-9.31999999999999
Aug 2060,702.52,9.07,0,8.63,10.53,5.38,0.97,0.01,11.55,0,-5.18,0,681.9,0.48,5.52,7.4,695.31,25.87,-356.53,-0.39000000000000107,-9.13
Sep 2060,613.77,7.83,0,8.42,6.95,3.49,0.66,0.01,10.09,0,-4.47,0,595.86,0.42,3.67,5.36,605.3,26.44,-358.51,0.57,-1.98000000000002
Oct 2060,116.52,1.53,0,1.34,2.32,1.34,0.39,0.01,1.92,0,-0.87,0,113.07,0.08,1.63,1.23,116.02,26.87,-358.9,0.43,-0.38999999999998597
Nov 2060,180.05,2.23,0,3.24,0.26,0.11,0.1,0.01,2.96,0,-1.28,0,174.86,0.12,0.35,0.0,175.33,26.61,-359.47,-0.26000000000000195,-0.57000000000005
Dec 2060,72.86,1.0,0,1.37,0.25,0.11,0.1,0.01,1.2,0,-0.57,0,70.67,0.05,0.31,0.0,71.03,26.5,-357.87,-0.10999999999999902,1.60000000000002
Jan 2061,45.86,0.79,0,0.92,0.4,0.11,0.1,0.01,0.75,0,-0.45,0,44.32,0.04,0.34,0.0,44.7,26.42,-357.33,-0.0799999999999983,0.54000000000002
Feb 2061,116.68,1.54,0,2.14,0.31,0.11,0.1,0.01,1.92,0,-0.88,0,113.22,0.08,0.4,0.0,113.7,26.46,-357.12,0.0399999999999991,0.20999999999998
Mar 2061,342.69,4.3,0,6.21,0.43,0.11,0.1,0.01,5.63,0,-2.46,0,332.75,0.23,0.51,0.0,333.49,26.34,-356.17,-0.12000000000000098,0.949999999999989
Apr 2061,741.78,9.03,0,19.1,0.22,5.62,0.1,0.01,12.19,0,-5.15,0,720.56,0.48,0.66,0.07,721.77,26.24,-353.09,-0.10000000000000099,3.08000000000004
May 2061,502.84,6.97,0,5.74,9.5,4.67,0.85,0.01,8.26,0,-3.98,0,487.61,0.37,4.73,6.08,498.79,20.27,-346.21,-5.97,6.88
Jun 2061,402.15,5.33,0,4.5,8.09,4.5,1.43,0.01,6.61,0,-3.04,0,390.21,0.28,4.9,8.21,403.61,21.21,-348.84,0.9400000000000011,-2.63
Jul 2061,471.67,6.47,0,5.19,9.82,5.19,1.45,0.01,7.75,0,-3.69,0,457.44,0.34,5.45,8.5,471.73,21.32,-354.91,0.10999999999999902,-6.07000000000005
Aug 2061,790.21,9.88,0,10.75,8.84,4.6,0.84,0.01,12.99,0,-5.64,0,767.34,0.52,4.73,7.25,779.85,21.95,-360.79,0.629999999999999,-5.88
Sep 2061,127.41,1.79,0,1.87,2.72,1.87,1.41,0.0,2.09,0,-1.02,0,123.52,0.1,2.39,5.37,131.38,22.28,-361.51,0.330000000000002,-0.7199999999999699
Oct 2061,102.92,1.86,0,1.57,1.93,0.68,0.19,0.01,1.69,0,-1.06,0,99.37,0.1,0.96,0.39,100.82,22.15,-367.22,-0.130000000000003,-5.710000000000041
Nov 2061,127.53,1.72,0,2.35,0.37,0.11,0.1,0.01,2.1,0,-0.98,0,123.72,0.09,0.35,0.0,124.16,22.63,-367.16,0.48,0.0600000000000023
Dec 2061,50.51,0.73,0,0.98,0.24,0.11,0.1,0.01,0.83,0,-0.42,0,48.95,0.04,0.32,0.0,49.31,22.63,-366.13,0.0,1.03000000000003
Jan 2062,160.76,2.06,0,2.92,0.32,0.11,0.1,0.01,2.64,0,-1.18,0,156.06,0.11,0.35,0.0,156.51,22.52,-365.81,-0.10999999999999902,0.319999999999993
Feb 2062,243.71,2.99,0,4.37,0.28,0.11,0.1,0.01,4.01,0,-1.71,0,236.71,0.16,0.37,0.0,237.24,22.47,-364.43,-0.0500000000000007,1.38
Mar 2062,95.83,1.2,0,4.42,0.22,2.82,0.1,0.01,1.58,0,-0.69,0,93.05,0.06,0.52,0.0,93.64,22.36,-362.22,-0.10999999999999902,2.20999999999998
Apr 2062,83.18,1.12,0,4.77,0.82,3.89,0.16,0.01,1.37,0,-0.64,0,80.7,0.06,0.88,0.28,81.92,19.33,-361.43,-3.03,0.79000000000002
May 2062,276.77,3.57,0,3.23,5.42,3.23,1.24,0.0,4.55,0,-2.04,0,268.65,0.19,3.49,6.32,278.66,15.52,-361.13,-3.81,0.300000000000011
Jun 2062,78.67,1.33,0,1.7,2.02,1.7,2.11,0.0,1.29,0,-0.76,0,76.05,0.07,2.59,9.2,87.91,15.44,-366.16,-0.0800000000000001,-5.0300000000000304
Jul 2062,222.42,2.86,0,2.99,4.34,2.99,1.95,0.0,3.66,0,-1.63,0,215.91,0.15,3.58,9.2,228.84,15.29,-376.95,-0.15,-10.79
Aug 2062,747.44,9.87,0,9.7,10.54,5.25,0.94,0.01,12.29,0,-5.64,0,725.28,0.52,5.18,7.58,738.56,15.0,-386.07,-0.289999999999999,-9.12
Sep 2062,507.03,6.23,0,5.77,8.32,4.63,0.84,0.01,8.33,0,-3.55,0,492.47,0.33,4.54,5.54,502.89,16.04,-387.93,1.04,-1.86000000000001
Oct 2062,375.77,4.55,0,6.49,0.87,0.45,0.16,0.01,6.18,0,-2.6,0,365.04,0.24,0.7,0.67,366.65,16.01,-389.52,-0.0299999999999976,-1.5899999999999699
Nov 2062,352.09,4.28,0,6.32,0.29,0.11,0.1,0.01,5.79,0,-2.44,0,342.03,0.23,0.33,0.0,342.59,15.88,-386.76,-0.13000000000000098,2.7599999999999905
Dec 2062,332.1,4.03,0,5.97,0.26,0.11,0.1,0.01,5.46,0,-2.3,0,322.61,0.21,0.27,0.0,323.1,15.81,-383.51,-0.0700000000000003,3.25
Jan 2063,223.47,2.72,0,4.04,0.22,0.13,0.1,0.01,3.67,0,-1.55,0,217.08,0.14,0.29,0.0,217.51,15.77,-380.44,-0.0400000000000009,3.0699999999999905
Feb 2063,323.5,3.89,0,5.81,0.22,0.12,0.1,0.01,5.32,0,-2.22,0,314.29,0.21,0.33,0.0,314.82,15.66,-378.4,-0.10999999999999902,2.04000000000002
Mar 2063,155.01,1.89,0,2.83,0.22,0.18,0.1,0.01,2.55,0,-1.08,0,150.57,0.1,0.35,0.0,151.02,15.52,-375.4,-0.140000000000001,3.0
Apr 2063,180.28,2.23,0,9.35,0.33,6.29,0.11,0.01,2.96,0,-1.27,0,175.08,0.12,0.54,0.07,175.81,15.3,-374.02,-0.219999999999999,1.38
May 2063,493.3,6.03,0,5.39,8.69,4.92,0.89,0.01,8.11,0,-3.44,0,479.15,0.32,4.72,6.24,490.43,8.89,-372.5,-6.41,1.51999999999998
Jun 2063,474.71,5.92,0,5.18,8.98,5.18,1.32,0.01,7.8,0,-3.38,0,460.99,0.31,5.11,8.22,474.63,8.83,-374.95,-0.0600000000000005,-2.44999999999999
Jul 2063,645.6,7.87,0,6.78,11.95,6.78,1.24,0.01,10.61,0,-4.49,0,627.11,0.42,6.44,8.68,642.65,8.84,-380.06,0.00999999999999979,-5.110000000000009
Aug 2063,658.76,8.25,0,7.86,10.29,5.63,1.01,0.01,10.83,0,-4.71,0,639.68,0.44,5.36,7.34,652.82,8.79,-383.85,-0.0500000000000007,-3.7900000000000205
Sep 2063,467.28,5.65,0,5.26,7.75,4.44,0.81,0.01,7.68,0,-3.22,0,453.95,0.3,4.23,5.07,463.55,9.09,-386.06,0.30000000000000104,-2.20999999999998
Oct 2063,391.39,4.71,0,7.07,0.22,0.14,0.1,0.01,6.43,0,-2.69,0,380.24,0.25,0.31,0.0,380.8,8.97,-387.48,-0.11999999999999901,-1.42000000000002
Nov 2063,77.26,0.98,0,1.47,0.22,0.19,0.1,0.01,1.27,0,-0.56,0,75.0,0.05,0.25,0.0,75.31,8.83,-383.82,-0.140000000000001,3.66000000000003
Dec 2063,69.28,0.91,0,1.33,0.22,0.17,0.1,0.01,1.14,0,-0.52,0,67.24,0.05,0.24,0.0,67.52,8.7,-383.2,-0.13000000000000098,0.620000000000005
Jan 2064,112.79,1.45,0,2.11,0.22,0.12,0.1,0.01,1.85,0,-0.83,0,109.49,0.08,0.24,0.0,109.81,8.6,-382.67,-0.0999999999999996,0.5299999999999729
Feb 2064,103.75,1.32,0,1.94,0.22,0.15,0.1,0.01,1.71,0,-0.75,0,100.72,0.07,0.27,0.0,101.06,8.54,-381.73,-0.0600000000000005,0.939999999999998
Mar 2064,26.01,0.36,0,0.55,0.22,0.23,0.1,0.01,0.43,0,-0.2,0,25.22,0.02,0.29,0.0,25.53,8.43,-380.87,-0.10999999999999902,0.860000000000014
Apr 2064,92.85,1.19,0,7.86,0.23,6.28,0.1,0.01,1.53,0,-0.68,0,90.14,0.06,0.35,0.0,90.56,8.22,-380.74,-0.209999999999999,0.12999999999999498
May 2064,334.65,4.29,0,3.88,6.5,3.88,1.34,0.01,5.5,0,-2.45,0,324.86,0.23,3.76,7.52,336.37,1.9,-379.98,-6.32,0.7599999999999909
Jun 2064,129.18,1.58,0,2.15,2.51,2.27,2.05,0.0,2.12,0,-0.9,0,125.48,0.08,2.49,9.37,137.43,2.1,-385.78,0.2,-5.79999999999995
Jul 2064,366.04,4.46,0,4.31,6.79,4.33,1.71,0.0,6.02,0,-2.55,0,355.57,0.24,4.24,9.14,369.18,1.9,-395.97,-0.2,-10.1900000000001
Aug 2064,593.97,7.12,0,6.29,10.88,6.37,1.16,0.01,9.76,0,-4.06,0,577.09,0.38,5.79,7.78,591.03,1.83,-403.35,-0.0699999999999998,-7.38
Sep 2064,472.84,5.92,0,5.04,8.98,5.04,0.93,0.01,7.77,0,-3.38,0,459.15,0.31,4.65,5.76,469.88,1.7,-406.58,-0.13,-3.22999999999996
Oct 2064,16.99,0.32,0,0.47,0.51,0.49,0.5,0.0,0.28,0,-0.18,0,16.39,0.02,0.57,1.38,18.36,1.91,-408.87,0.21,-2.29000000000002
Nov 2064,52.26,0.76,0,1.04,0.23,0.11,0.1,0.01,0.86,0,-0.44,0,50.64,0.04,0.21,0.0,50.89,1.86,-410.66,-0.0499999999999998,-1.79000000000002
Dec 2064,184.7,2.29,0,3.41,0.22,0.16,0.1,0.01,3.04,0,-1.31,0,179.38,0.12,0.21,0.0,179.71,1.86,-410.32,0.0,0.34000000000003194
Jan 2065,95.4,1.22,0,1.81,0.22,0.18,0.1,0.01,1.57,0,-0.69,0,92.62,0.06,0.21,0.0,92.89,1.81,-408.68,-0.05,1.63999999999999
Feb 2065,216.24,2.63,0,3.98,0.22,0.21,0.1,0.01,3.55,0,-1.5,0,210.06,0.14,0.21,0.0,210.41,1.73,-407.9,-0.0800000000000001,0.7800000000000301
Mar 2065,118.79,1.46,0,2.32,0.22,0.33,0.1,0.01,1.95,0,-0.83,0,115.38,0.08,0.22,0.0,115.67,1.62,-405.93,-0.11,1.96999999999997
Apr 2065,558.35,6.72,0,11.45,0.22,1.47,0.1,0.01,9.18,0,-3.84,0,542.45,0.36,0.22,0.0,543.02,1.38,-404.9,-0.24,1.03000000000003
May 2065,460.44,5.83,0,6.03,6.21,3.39,0.64,0.01,7.57,0,-3.33,0,447.03,0.31,3.13,4.43,454.91,0.0,-399.65,-1.38,5.25
Jun 2065,431.81,5.17,0,4.83,7.97,4.95,1.39,0.01,7.1,0,-2.95,0,419.54,0.27,4.54,8.27,432.63,0.31,-400.47,0.31,-0.82000000000005
Jul 2065,414.94,5.13,0,4.75,7.79,4.75,1.58,0.01,6.82,0,-2.93,0,402.99,0.27,4.52,8.79,416.56,0.18,-405.98,-0.13,-5.509999999999991
Aug 2065,505.79,6.47,0,5.52,9.82,5.52,1.25,0.01,8.31,0,-3.69,0,491.01,0.34,5.1,7.58,504.03,0.28,-412.45,0.1,-6.46999999999997
Sep 2065,229.25,2.93,0,2.84,4.44,2.84,1.31,0.0,3.77,0,-1.67,0,222.55,0.16,2.82,5.76,231.29,0.72,-416.65,0.44,-4.19999999999999
Oct 2065,489.07,5.89,0,8.56,1.02,0.63,0.18,0.01,8.04,0,-3.36,0,475.14,0.31,0.62,1.35,477.41,0.8,-421.62,0.0800000000000001,-4.970000000000031
Nov 2065,295.8,3.66,0,5.43,0.23,0.11,0.1,0.01,4.86,0,-2.09,0,287.28,0.19,0.2,0.0,287.67,0.73,-418.46,-0.0700000000000001,3.16000000000003
Dec 2065,167.47,2.08,0,3.11,0.22,0.17,0.1,0.01,2.75,0,-1.19,0,162.64,0.11,0.2,0.0,162.95,0.74,-415.77,0.01,2.69
Jan 2066,26.85,0.41,0,0.58,0.22,0.16,0.1,0.01,0.44,0,-0.24,0,25.99,0.02,0.2,0.0,26.21,0.68,-414.29,-0.0599999999999999,1.47999999999996
Feb 2066,151.46,1.92,0,2.82,0.22,0.13,0.1,0.01,2.49,0,-1.1,0,147.06,0.1,0.2,0.0,147.36,0.62,-414.18,-0.0600000000000001,0.110000000000014
Mar 2066,61.27,0.78,0,1.39,0.22,0.43,0.1,0.01,1.01,0,-0.44,0,59.49,0.04,0.2,0.0,59.73,0.6,-412.87,-0.02,1.31
Apr 2066,62.68,0.86,0,1.29,0.63,0.62,0.14,0.01,1.03,0,-0.49,0,60.79,0.05,0.41,0.18,61.43,0.27,-412.39,-0.33,0.48000000000001797
May 2066,111.18,1.57,0,1.84,2.38,1.84,1.67,0.0,1.83,0,-0.9,0,107.78,0.08,2.05,7.31,117.22,0.0,-412.16,-0.27,0.22999999999996104
Jun 2066,70.83,0.89,0,1.6,1.47,1.72,2.09,0.0,1.16,0,-0.51,0,68.78,0.05,1.96,8.98,79.77,0.16,-420.21,0.16,-8.04999999999995
Jul 2066,361.38,4.94,0,4.32,7.5,4.32,1.72,0.0,5.94,0,-2.82,0,350.5,0.26,4.19,9.15,364.1,0.04,-430.63,-0.12,-10.42
Aug 2066,371.53,6.79,0,4.48,10.3,4.48,1.51,0.01,6.11,0,-3.87,0,358.64,0.36,4.28,7.93,371.21,0.74,-438.38,0.7,-7.75
Sep 2066,480.05,6.24,0,5.13,9.47,5.13,0.96,0.01,7.89,0,-3.56,0,465.92,0.33,4.77,5.94,476.97,3.8,-445.58,3.06,-7.19999999999999
Oct 2066,102.74,1.33,0,1.65,0.89,0.52,0.16,0.01,1.69,0,-0.76,0,99.72,0.07,0.59,0.27,100.66,4.31,-448.14,0.51,-2.56
Nov 2066,71.85,0.97,0,1.38,0.22,0.13,0.1,0.01,1.18,0,-0.56,0,69.7,0.05,0.23,0.0,69.98,4.24,-447.63,-0.0699999999999994,0.509999999999991
Dec 2066,191.0,2.46,0,3.53,0.31,0.11,0.1,0.01,3.14,0,-1.4,0,185.4,0.13,0.22,0.0,185.75,4.19,-447.09,-0.0499999999999998,0.54000000000002
Jan 2067,53.32,0.87,0,1.07,0.36,0.11,0.1,0.01,0.88,0,-0.49,0,51.58,0.05,0.22,0.0,51.85,4.27,-445.45,0.0799999999999992,1.63999999999999
Feb 2067,168.18,2.09,0,3.11,0.22,0.15,0.1,0.01,2.76,0,-1.19,0,163.33,0.11,0.23,0.0,163.67,4.38,-445.15,0.11,0.300000000000011
Mar 2067,69.7,0.89,0,1.34,0.22,0.21,0.1,0.01,1.15,0,-0.51,0,67.67,0.05,0.25,0.0,67.97,4.31,-443.67,-0.0700000000000003,1.47999999999996
Apr 2067,274.91,3.4,0,9.09,0.29,4.22,0.11,0.01,4.52,0,-1.94,0,266.99,0.18,0.31,0.06,267.55,4.15,-443.12,-0.159999999999999,0.5500000000000109
May 2067,175.83,2.64,0,2.41,4.01,2.41,1.46,0.0,2.89,0,-1.51,0,170.29,0.14,2.48,6.67,179.59,0.0,-440.7,-4.15,2.42000000000002
Jun 2067,420.43,5.51,0,4.78,8.37,4.78,1.47,0.01,6.91,0,-3.15,0,408.01,0.29,4.53,8.64,421.47,0.57,-447.45,0.57,-6.75
Jul 2067,400.62,5.31,0,4.65,8.06,4.65,1.61,0.01,6.58,0,-3.03,0,388.72,0.28,4.47,8.86,402.33,1.09,-453.78,0.52,-6.3299999999999805
Aug 2067,1132.98,14.79,0,18.33,7.44,3.31,0.63,0.01,18.62,0,-8.44,0,1099.56,0.79,3.1,7.37,1110.82,1.64,-460.69,0.55,-6.9100000000000295
Sep 2067,670.69,8.1,0,10.03,5.25,2.99,0.57,0.01,11.02,0,-4.62,0,651.56,0.43,2.83,5.27,660.1,3.28,-458.5,1.64,2.19
Oct 2067,193.27,2.36,0,3.56,0.22,0.19,0.1,0.01,3.18,0,-1.35,0,187.73,0.13,0.24,0.0,188.09,3.27,-457.94,-0.00999999999999979,0.560000000000002
Nov 2067,126.27,1.57,0,2.35,0.22,0.2,0.1,0.01,2.08,0,-0.89,0,122.63,0.08,0.21,0.0,122.93,3.15,-456.2,-0.12,1.7400000000000102
Dec 2067,51.96,0.68,0,1.02,0.22,0.2,0.1,0.01,0.85,0,-0.39,0,50.43,0.04,0.21,0.0,50.67,3.04,-455.1,-0.11,1.09999999999997
Jan 2068,115.55,1.46,0,2.17,0.22,0.16,0.1,0.01,1.9,0,-0.83,0,112.19,0.08,0.21,0.0,112.48,2.94,-454.73,-0.1,0.370000000000005
Feb 2068,30.11,0.42,0,0.63,0.22,0.21,0.1,0.01,0.49,0,-0.24,0,29.2,0.02,0.22,0.0,29.44,2.86,-453.75,-0.0800000000000001,0.9800000000000179
Mar 2068,302.45,3.78,0,5.54,0.31,0.11,0.1,0.01,4.97,0,-2.16,0,293.7,0.2,0.23,0.0,294.12,2.74,-453.58,-0.12,0.17000000000001597
Apr 2068,188.14,2.35,0,6.21,0.22,2.87,0.1,0.01,3.09,0,-1.34,0,182.7,0.12,0.24,0.0,183.07,2.81,-450.86,0.0699999999999998,2.71999999999997
May 2068,250.85,3.23,0,3.04,4.9,3.04,1.27,0.0,4.12,0,-1.84,0,243.5,0.17,2.97,6.4,253.04,0.0,-449.19,-2.81,1.67000000000002
Jun 2068,202.61,2.99,0,2.83,4.54,2.83,1.85,0.0,3.33,0,-1.71,0,196.29,0.16,2.94,8.83,208.22,0.16,-454.58,0.16,-5.389999999999991
Jul 2068,564.96,6.83,0,6.11,10.38,6.12,1.36,0.01,9.29,0,-3.9,0,548.85,0.36,5.65,8.81,563.67,0.77,-463.63,0.61,-9.05000000000001
Aug 2068,418.78,5.56,0,4.75,8.44,4.75,1.41,0.01,6.88,0,-3.17,0,406.34,0.3,4.49,7.76,418.88,0.74,-468.41,-0.03,-4.7800000000000304
Sep 2068,333.9,4.06,0,3.8,6.21,3.85,1.2,0.01,5.49,0,-2.32,0,324.35,0.22,3.63,6.08,334.28,1.35,-473.86,0.61,-5.44999999999999
Oct 2068,215.72,2.62,0,3.27,1.87,1.16,0.26,0.01,3.55,0,-1.5,0,209.55,0.14,1.06,0.88,211.63,1.27,-477.97,-0.0800000000000001,-4.110000000000009
Nov 2068,278.31,3.37,0,5.1,0.22,0.2,0.1,0.01,4.57,0,-1.92,0,270.36,0.18,0.2,0.0,270.74,1.16,-477.04,-0.11,0.9300000000000072
Dec 2068,50.8,0.67,0,1.0,0.22,0.2,0.1,0.01,0.83,0,-0.38,0,49.29,0.04,0.2,0.0,49.53,1.07,-474.48,-0.0899999999999999,2.56
Jan 2069,115.64,1.44,0,2.17,0.22,0.2,0.1,0.01,1.9,0,-0.82,0,112.3,0.08,0.2,0.0,112.57,0.97,-474.12,-0.1,0.36000000000001403
Feb 2069,157.87,1.97,0,2.93,0.22,0.16,0.1,0.01,2.59,0,-1.12,0,153.3,0.1,0.2,0.0,153.6,0.87,-473.13,-0.1,0.9900000000000091
Mar 2069,105.86,1.31,0,2.09,0.22,0.32,0.1,0.01,1.74,0,-0.75,0,102.81,0.07,0.2,0.0,103.08,0.82,-471.74,-0.05,1.38999999999999
Apr 2069,82.15,1.06,0,2.07,0.27,0.73,0.11,0.01,1.35,0,-0.6,0,79.74,0.06,0.23,0.03,80.06,0.6,-470.84,-0.22,0.9000000000000341
May 2069,110.07,1.45,0,1.82,2.2,1.82,1.65,0.0,1.81,0,-0.83,0,106.81,0.08,2.02,7.19,116.1,0.0,-470.21,-0.6,0.629999999999995
Jun 2069,194.08,2.35,0,2.67,3.59,2.69,1.93,0.0,3.19,0,-1.34,0,188.54,0.12,2.83,9.25,200.75,0.01,-478.07,0.01,-7.860000000000009
Jul 2069,569.65,6.82,0,6.1,10.34,6.1,1.38,0.01,9.36,0,-3.89,0,553.47,0.36,5.62,8.99,568.44,0.0,-487.4,-0.01,-9.32999999999998
Aug 2069,333.57,4.48,0,3.98,6.8,3.98,1.57,0.0,5.48,0,-2.56,0,323.61,0.24,3.86,7.89,335.59,0.0,-492.28,0.0,-4.88
Sep 2069,239.54,3.05,0,2.97,4.63,2.97,1.37,0.0,3.94,0,-1.74,0,232.56,0.16,2.94,6.19,241.85,0.53,-498.82,0.53,-6.540000000000019
Oct 2069,599.35,7.2,0,10.82,0.37,0.26,0.11,0.01,9.85,0,-4.11,0,582.29,0.38,0.28,1.42,584.37,0.61,-504.17,0.08,-5.35000000000002
Nov 2069,164.98,2.04,0,3.06,0.22,0.18,0.1,0.01,2.71,0,-1.17,0,160.22,0.11,0.2,0.0,160.52,0.55,-499.96,-0.0599999999999999,4.21000000000004
Dec 2069,73.67,1.18,0,1.45,0.46,0.11,0.1,0.01,1.21,0,-0.68,0,71.27,0.06,0.19,0.0,71.53,0.48,-498.5,-0.0700000000000001,1.45999999999998
Jan 2070,43.76,0.63,0,0.88,0.22,0.14,0.1,0.01,0.72,0,-0.36,0,42.41,0.03,0.2,0.0,42.64,0.72,-498.05,0.24,0.449999999999989
Feb 2070,173.25,2.12,0,3.21,0.22,0.2,0.1,0.01,2.85,0,-1.21,0,168.28,0.11,0.2,0.0,168.59,0.69,-497.78,-0.03,0.270000000000039
Mar 2070,327.23,3.95,0,5.98,0.22,0.21,0.1,0.01,5.38,0,-2.25,0,317.91,0.21,0.2,0.0,318.32,0.59,-496.23,-0.1,1.5499999999999499
Apr 2070,262.79,4.06,0,6.53,0.22,0.59,0.1,0.01,4.32,0,-2.32,0,254.42,0.22,0.2,0.0,254.83,0.49,-493.2,-0.1,3.03000000000003
May 2070,191.13,3.07,0,2.51,4.67,2.51,1.29,0.0,3.14,0,-1.75,0,184.92,0.16,2.52,6.05,193.65,0.0,-491.28,-0.49,1.92000000000002
Jun 2070,363.67,4.72,0,4.28,7.16,4.28,1.63,0.0,5.98,0,-2.69,0,352.97,0.25,4.16,9.09,366.47,0.92,-497.23,0.92,-5.95000000000005
Jul 2070,502.47,6.63,0,5.58,10.06,5.58,1.46,0.01,8.26,0,-3.78,0,487.58,0.35,5.23,8.84,502.01,1.26,-504.66,0.34,-7.4300000000000095
Aug 2070,818.88,9.92,0,11.6,7.98,4.53,0.82,0.01,13.46,0,-5.66,0,795.5,0.53,4.2,7.34,807.57,1.96,-510.48,0.7,-5.8199999999999905
Sep 2070,329.16,3.96,0,3.71,6.11,3.81,1.11,0.01,5.41,0,-2.26,0,319.79,0.21,3.54,5.54,329.08,2.02,-510.84,0.0600000000000001,-0.359999999999957
Oct 2070,435.54,5.23,0,7.46,1.31,0.82,0.2,0.01,7.16,0,-2.99,0,423.14,0.28,0.78,1.31,425.51,1.88,-514.33,-0.14,-3.49000000000007
Nov 2070,177.44,2.17,0,3.28,0.22,0.2,0.1,0.01,2.92,0,-1.24,0,172.36,0.12,0.2,0.0,172.68,1.78,-511.66,-0.0999999999999999,2.67000000000002
Dec 2070,63.31,0.79,0,1.22,0.22,0.23,0.1,0.01,1.04,0,-0.45,0,61.48,0.04,0.2,0.0,61.72,1.67,-510.07,-0.11,1.59000000000003
Jan 2071,51.4,0.68,0,1.01,0.22,0.2,0.1,0.01,0.84,0,-0.39,0,49.87,0.04,0.2,0.0,50.11,1.54,-509.57,-0.13,0.5
Feb 2071,171.08,2.08,0,3.16,0.22,0.22,0.1,0.01,2.81,0,-1.19,0,166.18,0.11,0.21,0.0,166.5,1.44,-509.2,-0.1,0.370000000000005
Mar 2071,369.56,4.44,0,6.74,0.22,0.22,0.1,0.01,6.07,0,-2.53,0,359.05,0.24,0.21,0.0,359.49,1.32,-507.66,-0.12,1.53999999999996
Apr 2071,100.0,1.27,0,2.88,0.5,1.45,0.13,0.01,1.64,0,-0.73,0,97.09,0.07,0.36,0.14,97.65,1.2,-504.21,-0.12,3.45000000000005
May 2071,180.21,2.3,0,2.43,3.48,2.43,1.48,0.0,2.96,0,-1.31,0,174.95,0.12,2.5,6.83,184.41,0.0,-503.54,-1.2,0.669999999999959
Jun 2071,430.63,5.16,0,4.79,7.86,4.82,1.45,0.01,7.08,0,-2.94,0,418.39,0.27,4.51,8.6,431.78,0.03,-510.2,0.03,-6.65999999999997
Jul 2071,308.89,3.81,0,3.79,5.79,3.79,1.77,0.0,5.08,0,-2.18,0,300.0,0.2,3.75,8.96,312.92,0.0,-516.11,-0.03,-5.9100000000000295
Aug 2071,540.06,6.48,0,5.76,9.84,5.77,1.22,0.01,8.88,0,-3.7,0,524.71,0.34,5.3,7.69,538.04,0.01,-523.94,0.01,-7.830000000000041
Sep 2071,454.73,5.45,0,4.8,8.27,4.8,0.94,0.01,7.47,0,-3.11,0,441.81,0.29,4.4,5.66,452.16,0.0,-527.66,-0.01,-3.71999999999991
Oct 2071,208.31,2.56,0,2.92,2.24,1.28,0.29,0.01,3.42,0,-1.46,0,202.33,0.14,1.24,1.03,204.74,0.0,-529.89,0.0,-2.23000000000002
Nov 2071,571.5,6.93,0,10.4,0.23,0.11,0.1,0.01,9.39,0,-3.96,0,555.17,0.37,0.19,0.0,555.73,0.0,-529.24,0.0,0.649999999999977
Dec 2071,39.89,0.59,0,0.8,0.22,0.13,0.1,0.01,0.66,0,-0.34,0,38.64,0.03,0.19,0.0,38.87,0.01,-523.89,0.01,5.35000000000002
Jan 2072,117.78,1.48,0,2.15,0.22,0.11,0.1,0.01,1.94,0,-0.85,0,114.37,0.08,0.19,0.0,114.64,0.0,-523.66,-0.01,0.230000000000018
Feb 2072,270.78,3.31,0,4.91,0.22,0.11,0.1,0.01,4.45,0,-1.89,0,263.02,0.18,0.19,0.0,263.39,0.0,-522.65,0.0,1.00999999999999
Mar 2072,66.46,0.85,0,1.18,0.22,0.11,0.1,0.01,1.09,0,-0.48,0,64.52,0.05,0.19,0.0,64.76,0.0,-520.18,0.0,2.47000000000003
Apr 2072,165.68,2.09,0,3.06,0.22,0.11,0.1,0.01,2.72,0,-1.19,0,160.86,0.11,0.2,0.0,161.17,0.0,-519.66,0.0,0.519999999999982
May 2072,211.34,3.21,0,2.76,4.87,2.76,1.44,0.0,3.47,0,-1.83,0,204.66,0.17,2.77,6.9,214.5,0.0,-518.22,0.0,1.4399999999999398
Jun 2072,474.76,5.69,0,5.24,8.74,5.35,1.4,0.01,7.8,0,-3.25,0,461.27,0.3,4.91,8.7,475.18,0.77,-524.91,0.77,-6.68999999999994
Jul 2072,818.17,10.42,0,10.75,10.87,5.81,1.04,0.01,13.45,0,-5.95,0,794.3,0.55,5.32,8.66,808.83,0.64,-530.44,-0.13,-5.530000000000089
Aug 2072,834.57,10.91,0,12.05,9.0,4.49,0.82,0.01,13.72,0,-6.23,0,809.94,0.58,4.15,7.37,822.04,1.41,-532.62,0.77,-2.17999999999995
Sep 2072,648.09,8.34,0,9.15,7.25,3.75,0.7,0.01,10.65,0,-4.76,0,629.1,0.44,3.51,5.8,638.85,2.58,-533.31,1.17,-0.689999999999941
Oct 2072,154.09,1.97,0,2.34,1.47,0.82,0.22,0.01,2.53,0,-1.13,0,149.58,0.1,0.87,0.56,151.12,3.25,-533.9,0.67,-0.5900000000000319
Nov 2072,167.62,2.51,0,3.16,0.76,0.11,0.1,0.01,2.75,0,-1.43,0,162.35,0.13,0.22,0.0,162.71,3.24,-533.26,-0.00999999999999979,0.639999999999986
Dec 2072,94.74,1.28,0,1.8,0.25,0.11,0.1,0.01,1.56,0,-0.73,0,91.9,0.07,0.21,0.0,92.18,3.75,-532.03,0.51,1.23000000000002
Jan 2073,110.44,1.43,0,2.07,0.22,0.13,0.1,0.01,1.82,0,-0.81,0,107.2,0.08,0.22,0.0,107.49,3.77,-531.29,0.02,0.7400000000000091
Feb 2073,82.41,1.04,0,1.56,0.22,0.19,0.1,0.01,1.35,0,-0.6,0,80.01,0.06,0.23,0.0,80.29,3.72,-530.37,-0.0499999999999998,0.9199999999999592
Mar 2073,54.54,0.71,0,1.25,0.22,0.4,0.1,0.01,0.9,0,-0.4,0,52.93,0.04,0.24,0.0,53.21,3.6,-529.7,-0.12,0.669999999999959
Apr 2073,189.81,2.39,0,6.26,1.29,3.93,0.2,0.01,3.12,0,-1.36,0,184.3,0.13,0.82,0.65,185.89,3.27,-529.3,-0.33,0.40000000000009095
May 2073,110.23,1.89,0,1.85,2.87,1.85,1.65,0.0,1.81,0,-1.08,0,106.53,0.1,2.05,7.18,115.86,0.0,-528.37,-3.27,0.92999999999995
Jun 2073,139.31,3.3,0,2.35,5.01,2.35,2.0,0.0,2.29,0,-1.89,0,133.72,0.18,2.6,9.13,145.62,0.62,-536.48,0.62,-8.11000000000001
Jul 2073,411.58,6.17,0,4.82,9.36,4.82,1.65,0.01,6.76,0,-3.52,0,398.65,0.33,4.68,9.2,412.85,2.68,-547.2,2.06,-10.72
Aug 2073,821.01,11.69,0,11.78,10.6,4.64,0.84,0.01,13.49,0,-6.67,0,795.83,0.62,4.35,7.45,808.25,4.19,-554.8,1.51,-7.599999999999911
Sep 2073,473.1,7.35,0,5.25,10.86,4.95,0.89,0.01,7.78,0,-4.2,0,457.97,0.39,4.66,5.56,468.59,6.62,-556.26,2.43,-1.46000000000004
Oct 2073,137.35,1.79,0,1.56,2.71,1.56,0.41,0.01,2.26,0,-1.02,0,133.31,0.09,1.62,1.37,136.39,8.75,-559.13,2.13,-2.87
Nov 2073,58.03,0.95,0,1.15,0.4,0.11,0.1,0.01,0.95,0,-0.54,0,56.12,0.05,0.26,0.0,56.44,8.69,-559.66,-0.0600000000000005,-0.5299999999999729
Dec 2073,172.16,2.71,0,3.24,0.97,0.11,0.1,0.01,2.83,0,-1.54,0,166.63,0.14,0.24,0.0,167.01,8.8,-559.34,0.11000000000000099,0.31999999999993606
Jan 2074,170.55,2.85,0,3.24,1.2,0.11,0.1,0.01,2.8,0,-1.63,0,164.9,0.15,0.25,0.0,165.3,9.51,-558.14,0.709999999999999,1.2000000000000501
Feb 2074,275.11,3.5,0,5.01,0.42,0.11,0.1,0.01,4.52,0,-2.0,0,267.09,0.19,0.29,0.0,267.56,10.44,-557.05,0.93,1.09000000000003
Mar 2074,188.87,2.42,0,3.46,0.32,0.11,0.1,0.01,3.1,0,-1.38,0,183.35,0.13,0.31,0.0,183.79,10.55,-554.62,0.11000000000000099,2.4299999999999504
Apr 2074,589.88,7.27,0,16.73,0.22,5.91,0.1,0.01,9.7,0,-4.15,0,572.92,0.39,0.39,0.01,573.69,10.53,-552.98,-0.0200000000000014,1.63999999999999
May 2074,197.55,3.17,0,2.62,4.82,2.62,1.42,0.0,3.25,0,-1.81,0,191.13,0.17,2.76,6.64,200.7,4.53,-547.53,-6.0,5.45000000000005
Jun 2074,272.97,3.98,0,3.47,6.04,3.47,1.77,0.0,4.49,0,-2.27,0,264.5,0.21,3.66,9.06,277.44,5.39,-554.14,0.859999999999999,-6.610000000000009
Jul 2074,353.42,4.25,0,4.16,6.51,4.23,1.7,0.0,5.81,0,-2.42,0,343.36,0.23,4.23,8.95,356.77,6.06,-562.76,0.67,-8.62
Aug 2074,751.03,8.99,0,9.99,8.59,4.94,0.89,0.01,12.34,0,-5.13,0,729.7,0.48,4.67,7.31,742.15,5.8,-570.02,-0.26,-7.259999999999991
Sep 2074,571.44,7.24,0,7.59,7.32,3.92,0.72,0.01,9.39,0,-4.13,0,554.81,0.38,3.71,5.42,564.33,5.66,-570.99,-0.14,-0.970000000000027
Oct 2074,158.08,1.94,0,2.42,1.39,0.87,0.21,0.01,2.6,0,-1.11,0,153.55,0.1,0.88,0.54,155.07,6.06,-571.87,0.39999999999999897,-0.8799999999999949
Nov 2074,97.95,1.25,0,1.84,0.21,0.16,0.1,0.01,1.61,0,-0.71,0,95.09,0.07,0.23,0.0,95.39,5.9,-571.12,-0.159999999999999,0.75
Dec 2074,245.48,3.0,0,4.48,0.21,0.14,0.1,0.01,4.03,0,-1.71,0,238.45,0.16,0.22,0.0,238.83,5.81,-570.31,-0.0900000000000007,0.810000000000059
Jan 2075,59.98,0.87,0,1.17,0.25,0.11,0.1,0.01,0.99,0,-0.5,0,58.13,0.05,0.23,0.0,58.41,5.75,-568.07,-0.0599999999999996,2.2399999999999
Feb 2075,217.46,2.76,0,3.99,0.3,0.11,0.1,0.01,3.57,0,-1.57,0,211.13,0.15,0.25,0.0,211.52,5.75,-567.67,0.0,0.40000000000009095
Mar 2075,157.56,1.99,0,2.91,0.21,0.12,0.1,0.01,2.59,0,-1.13,0,152.99,0.11,0.27,0.0,153.36,5.78,-565.75,0.0300000000000002,1.91999999999996
Apr 2075,585.24,7.05,0,16.17,0.21,5.69,0.1,0.01,9.62,0,-4.02,0,568.57,0.37,0.31,0.48,569.74,5.7,-564.38,-0.0800000000000001,1.37
May 2075,358.21,4.6,0,4.03,6.98,4.03,1.12,0.01,5.89,0,-2.63,0,347.72,0.24,3.78,6.44,358.18,0.0,-559.36,-5.7,5.01999999999998
Jun 2075,283.63,3.63,0,3.54,5.51,3.54,1.72,0.0,4.66,0,-2.07,0,275.33,0.19,3.52,8.9,287.94,0.29,-563.65,0.29,-4.28999999999996
Jul 2075,253.41,3.15,0,3.28,4.79,3.28,1.85,0.0,4.17,0,-1.8,0,246.09,0.17,3.34,8.89,258.49,0.47,-571.68,0.18,-8.029999999999971
Aug 2075,710.12,9.13,0,9.22,9.89,5.25,0.94,0.01,11.67,0,-5.21,0,689.32,0.48,4.8,7.32,701.93,0.47,-580.05,0.0,-8.37
Sep 2075,339.57,4.08,0,3.84,6.3,3.94,1.17,0.01,5.58,0,-2.33,0,329.91,0.22,3.65,5.95,339.73,1.24,-581.85,0.77,-1.80000000000007
Oct 2075,296.59,3.58,0,5.01,1.2,0.77,0.19,0.01,4.87,0,-2.05,0,288.13,0.19,0.71,0.72,289.76,1.11,-585.71,-0.13,-3.8600000000000096
Nov 2075,42.67,0.59,0,0.86,0.21,0.18,0.1,0.01,0.7,0,-0.34,0,41.37,0.03,0.2,0.0,41.6,1.01,-583.79,-0.1,1.92000000000007
Dec 2075,265.84,3.22,0,4.87,0.21,0.2,0.1,0.01,4.37,0,-1.84,0,258.25,0.17,0.2,0.0,258.62,0.94,-583.51,-0.0700000000000001,0.27999999999997305
Jan 2076,45.72,0.63,0,0.91,0.21,0.18,0.1,0.01,0.75,0,-0.36,0,44.34,0.03,0.2,0.0,44.57,0.85,-581.07,-0.09,2.43999999999994
Feb 2076,232.63,2.81,0,4.27,0.21,0.22,0.1,0.01,3.82,0,-1.6,0,225.99,0.15,0.2,0.0,226.34,0.78,-580.76,-0.07,0.31000000000005895
Mar 2076,354.61,4.31,0,6.48,0.21,0.16,0.1,0.01,5.83,0,-2.46,0,344.48,0.23,0.2,0.0,344.9,0.66,-578.63,-0.12,2.13
Apr 2076,220.53,2.72,0,4.58,0.3,0.76,0.11,0.01,3.62,0,-1.55,0,214.19,0.14,0.24,0.06,214.63,0.61,-575.34,-0.05,3.28999999999996
May 2076,468.18,5.72,0,5.13,8.33,4.78,0.86,0.01,7.7,0,-3.26,0,454.77,0.3,4.37,5.89,465.34,0.0,-573.42,-0.61,1.92000000000007
Jun 2076,221.77,2.9,0,2.95,4.4,2.95,1.76,0.0,3.65,0,-1.65,0,215.23,0.15,3.02,8.49,226.9,0.03,-575.74,0.03,-2.3200000000000496
Jul 2076,1096.44,13.12,0,16.67,7.76,4.52,0.81,0.01,18.02,0,-7.49,0,1065.3,0.7,4.1,8.47,1078.56,0.21,-584.0,0.18,-8.259999999999991
Aug 2076,1207.01,14.53,0,20.15,4.37,2.46,0.48,0.01,19.84,0,-8.29,0,1172.64,0.77,2.3,6.77,1182.48,0.16,-582.74,-0.05,1.25999999999999
Sep 2076,220.45,2.9,0,2.74,4.4,2.74,1.26,0.0,3.62,0,-1.65,0,213.93,0.15,2.71,5.42,222.22,0.24,-578.44,0.08,4.29999999999995
Oct 2076,261.15,3.28,0,4.45,1.13,0.61,0.18,0.01,4.29,0,-1.87,0,253.58,0.17,0.64,0.57,254.96,0.44,-583.15,0.2,-4.70999999999992
Nov 2076,348.88,4.51,0,6.42,0.53,0.11,0.1,0.01,5.73,0,-2.57,0,338.63,0.24,0.19,0.0,339.07,0.5,-581.46,0.06,1.6899999999999398
Dec 2076,68.89,0.93,0,1.33,0.21,0.13,0.1,0.01,1.13,0,-0.53,0,66.83,0.05,0.19,0.0,67.07,0.82,-578.39,0.32,3.07000000000005
Jan 2077,87.23,1.17,0,1.67,0.22,0.11,0.1,0.01,1.43,0,-0.67,0,84.63,0.06,0.19,0.0,84.89,0.79,-577.87,-0.0299999999999999,0.519999999999982
Feb 2077,95.81,1.47,0,1.85,0.48,0.11,0.1,0.01,1.57,0,-0.84,0,92.77,0.08,0.2,0.0,93.05,0.79,-577.19,0.0,0.67999999999995
Mar 2077,112.67,1.84,0,2.18,0.72,0.11,0.1,0.01,1.85,0,-1.05,0,108.98,0.1,0.2,0.0,109.28,1.05,-576.54,0.26,0.6500000000000911
Apr 2077,760.63,9.46,0,15.77,0.21,1.62,0.1,0.01,12.5,0,-5.4,0,738.67,0.5,0.22,0.05,739.44,1.54,-575.82,0.49,0.719999999999914
May 2077,374.56,5.0,0,4.19,7.59,4.19,1.11,0.01,6.16,0,-2.86,0,363.4,0.27,3.92,6.49,374.08,0.0,-568.86,-1.54,6.960000000000041
Jun 2077,199.82,2.78,0,2.8,4.23,2.8,1.9,0.0,3.28,0,-1.59,0,193.75,0.15,2.95,9.16,206.01,0.58,-573.15,0.58,-4.28999999999996
Jul 2077,1100.9,13.28,0,16.7,7.98,4.53,0.82,0.01,18.09,0,-7.58,0,1069.52,0.71,4.17,8.54,1082.94,0.95,-582.51,0.37,-9.36000000000001
Aug 2077,628.98,7.6,0,7.47,9.58,5.51,0.99,0.01,10.34,0,-4.34,0,611.04,0.4,5.05,7.04,623.53,1.04,-581.35,0.0900000000000001,1.15999999999997
Sep 2077,498.17,6.04,0,5.6,8.43,4.86,0.88,0.01,8.19,0,-3.45,0,483.94,0.32,4.46,5.67,494.39,1.03,-583.36,-0.01,-2.00999999999999
Oct 2077,170.03,2.3,0,2.71,1.54,0.75,0.2,0.01,2.79,0,-1.31,0,164.94,0.12,0.78,0.54,166.37,1.01,-585.16,-0.02,-1.7999999999999499
Nov 2077,165.94,2.44,0,3.13,0.68,0.11,0.1,0.01,2.73,0,-1.39,0,160.77,0.13,0.2,0.0,161.1,1.2,-584.4,0.19,0.7599999999999909
Dec 2077,29.72,0.54,0,0.64,0.3,0.11,0.1,0.01,0.49,0,-0.31,0,28.69,0.03,0.2,0.0,28.92,1.66,-583.15,0.46,1.25
Jan 2078,146.25,1.99,0,2.74,0.38,0.11,0.1,0.01,2.4,0,-1.13,0,141.86,0.11,0.2,0.0,142.17,1.73,-583.06,0.0700000000000001,0.0900000000000318
Feb 2078,305.24,4.28,0,5.66,0.94,0.11,0.1,0.01,5.02,0,-2.44,0,295.95,0.23,0.21,0.0,296.38,1.89,-581.88,0.16,1.17999999999995
Mar 2078,197.26,2.9,0,3.7,0.8,0.11,0.1,0.01,3.24,0,-1.65,0,191.12,0.15,0.22,0.0,191.49,2.6,-579.39,0.71,2.49000000000001
Apr 2078,95.0,1.81,0,5.7,0.32,3.27,0.11,0.01,1.56,0,-1.03,0,91.62,0.1,0.31,0.05,92.08,3.16,-577.89,0.56,1.5
May 2078,303.64,4.21,0,3.56,6.39,3.56,1.22,0.01,4.99,0,-2.4,0,294.44,0.22,3.4,6.47,304.52,0.0,-577.51,-3.16,0.379999999999995
Jun 2078,486.35,6.27,0,5.39,9.51,5.39,1.41,0.01,7.99,0,-3.58,0,472.09,0.33,5.04,8.86,486.33,0.64,-582.6,0.64,-5.09000000000003
Jul 2078,938.55,11.45,0,13.45,8.93,5.0,0.9,0.01,15.43,0,-6.53,0,911.68,0.61,4.6,8.43,925.31,1.12,-588.44,0.48,-5.84000000000003
Aug 2078,725.54,9.66,0,9.82,9.69,4.85,0.88,0.01,11.93,0,-5.51,0,703.95,0.51,4.47,7.05,715.99,1.34,-588.87,0.22,-0.42999999999995003
Sep 2078,534.17,6.88,0,6.56,8.36,4.48,0.82,0.01,8.78,0,-3.93,0,518.51,0.37,4.15,5.62,528.65,2.58,-590.37,1.24,-1.5
Oct 2078,448.15,5.47,0,7.83,1.02,0.55,0.17,0.01,7.37,0,-3.12,0,435.32,0.29,0.63,1.1,437.34,3.11,-591.95,0.53,-1.58000000000004
Nov 2078,19.31,0.42,0,0.45,0.3,0.11,0.1,0.01,0.32,0,-0.24,0,18.58,0.02,0.22,0.0,18.81,3.12,-588.97,0.0100000000000002,2.9800000000000204
Dec 2078,92.31,1.19,0,1.75,0.21,0.15,0.1,0.01,1.52,0,-0.68,0,89.6,0.06,0.21,0.0,89.88,3.17,-588.98,0.0499999999999998,-0.009999999999990909
Jan 2079,92.72,1.43,0,1.79,0.49,0.11,0.1,0.01,1.52,0,-0.82,0,89.77,0.08,0.21,0.0,90.05,3.11,-588.23,-0.0600000000000001,0.75
Feb 2079,211.29,2.64,0,3.89,0.23,0.11,0.1,0.01,3.47,0,-1.51,0,205.18,0.14,0.22,0.0,205.54,3.37,-587.6,0.26,0.629999999999995
Mar 2079,23.14,0.42,0,3.01,0.21,2.59,0.1,0.01,0.38,0,-0.24,0,22.34,0.02,0.24,0.0,22.61,3.36,-585.73,-0.0100000000000002,1.87
Apr 2079,135.95,2.26,0,4.14,0.23,0.93,0.1,0.01,2.23,0,-1.29,0,131.45,0.12,0.21,0.01,131.79,0.83,-585.67,-2.53,0.0600000000000591
May 2079,241.7,3.79,0,3.04,5.75,3.04,1.37,0.0,3.97,0,-2.16,0,233.94,0.2,2.99,6.77,243.9,0.0,-584.82,-0.83,0.849999999999909
Jun 2079,120.45,2.12,0,2.13,3.21,2.13,2.1,0.0,1.98,0,-1.21,0,116.35,0.11,2.45,9.58,128.49,1.08,-591.14,1.08,-6.319999999999941
Jul 2079,674.36,8.21,0,7.28,12.07,6.88,1.21,0.01,11.08,0,-4.69,0,655.06,0.44,6.31,8.75,670.56,1.8,-602.05,0.72,-10.91
Aug 2079,818.88,10.14,0,11.94,7.55,4.11,0.75,0.01,13.46,0,-5.79,0,795.28,0.54,3.82,6.95,806.58,1.87,-605.59,0.0700000000000001,-3.54000000000008
Sep 2079,281.78,4.2,0,3.37,6.37,3.37,1.25,0.01,4.63,0,-2.4,0,272.95,0.22,3.29,5.87,282.33,2.24,-605.61,0.37,-0.0199999999999818
Oct 2079,100.75,2.08,0,1.26,3.16,1.26,0.37,0.01,1.66,0,-1.19,0,97.01,0.11,1.26,1.09,99.47,3.2,-610.48,0.96,-4.87
Nov 2079,146.4,5.24,0,3.22,4.84,0.11,0.1,0.01,2.41,0,-2.99,0,138.75,0.28,0.22,0.0,139.25,4.2,-611.47,1.0,-0.9900000000000091
Dec 2079,50.31,2.09,0,1.19,2.09,0.11,0.1,0.01,0.83,0,-1.19,0,47.39,0.11,0.23,0.0,47.73,8.8,-612.14,4.6,-0.669999999999959
Jan 2080,77.22,1.53,0,1.54,0.89,0.11,0.1,0.01,1.27,0,-0.87,0,74.42,0.08,0.26,0.0,74.75,10.63,-612.59,1.83,-0.450000000000045
Feb 2080,81.95,1.38,0,1.59,0.62,0.11,0.1,0.01,1.35,0,-0.79,0,79.22,0.07,0.29,0.0,79.59,11.24,-612.28,0.609999999999999,0.31000000000005895
Mar 2080,165.5,2.63,0,3.13,0.96,0.11,0.1,0.01,2.72,0,-1.5,0,160.15,0.14,0.34,0.0,160.63,11.55,-611.81,0.31,0.47000000000002706
Apr 2080,246.73,3.31,0,10.33,0.87,6.18,0.16,0.01,4.06,0,-1.89,0,239.37,0.18,0.78,0.47,240.8,12.15,-610.68,0.6,1.13
May 2080,298.43,4.32,0,3.54,6.56,3.54,1.33,0.01,4.91,0,-2.47,0,289.2,0.23,3.59,7.14,300.17,6.2,-609.13,-5.95,1.5499999999999499
Jun 2080,188.04,3.44,0,2.78,5.21,2.78,2.01,0.0,3.09,0,-1.96,0,181.51,0.18,3.21,9.72,194.62,6.95,-615.16,0.75,-6.02999999999997
Jul 2080,496.28,6.46,0,5.5,9.81,5.5,1.53,0.01,8.16,0,-3.69,0,481.66,0.34,5.41,9.24,496.65,8.18,-625.75,1.23,-10.59
Aug 2080,1219.45,14.82,0,20.09,4.96,2.56,0.5,0.01,20.04,0,-8.46,0,1184.59,0.79,2.59,6.87,1194.83,8.6,-632.04,0.42,-6.289999999999959
Sep 2080,535.58,6.6,0,6.68,7.5,4.18,0.77,0.01,8.8,0,-3.76,0,520.18,0.35,4.0,5.37,529.9,8.9,-627.81,0.30000000000000104,4.23000000000002
Oct 2080,762.23,9.25,0,13.69,0.45,0.11,0.1,0.01,12.53,0,-5.28,0,740.45,0.49,0.29,0.11,741.35,8.99,-628.9,0.0899999999999999,-1.09000000000003
Nov 2080,191.13,2.47,0,3.51,0.35,0.11,0.1,0.01,3.14,0,-1.41,0,185.51,0.13,0.25,0.0,185.89,9.12,-621.85,0.129999999999999,7.04999999999995
Dec 2080,118.66,1.52,0,2.21,0.21,0.11,0.1,0.01,1.95,0,-0.87,0,115.18,0.08,0.24,0.0,115.51,9.2,-620.2,0.0800000000000001,1.64999999999998
Jan 2081,98.27,1.43,0,1.87,0.41,0.11,0.1,0.01,1.62,0,-0.82,0,95.22,0.08,0.24,0.0,95.54,9.14,-619.21,-0.0599999999999987,0.9900000000000091
Feb 2081,71.39,0.97,0,1.36,0.21,0.11,0.1,0.01,1.17,0,-0.55,0,69.25,0.05,0.26,0.0,69.56,9.29,-618.5,0.149999999999999,0.7100000000000359
Mar 2081,145.63,1.86,0,2.69,0.24,0.11,0.1,0.01,2.39,0,-1.06,0,141.37,0.1,0.31,0.0,141.78,9.22,-617.96,-0.0699999999999985,0.5399999999999641
Apr 2081,969.63,12.23,0,23.58,0.21,5.22,0.1,0.01,15.94,0,-6.98,0,941.46,0.65,0.38,0.37,942.86,9.13,-616.71,-0.0899999999999999,1.25
May 2081,360.88,4.84,0,4.07,7.35,4.07,1.16,0.01,5.93,0,-2.76,0,350.1,0.26,3.92,6.69,360.97,3.83,-608.21,-5.3,8.5
Jun 2081,117.58,2.15,0,2.07,3.27,2.07,2.0,0.0,1.93,0,-1.23,0,113.5,0.11,2.49,8.93,125.03,4.34,-612.88,0.51,-4.66999999999996
Jul 2081,915.99,10.93,0,12.86,8.82,5.09,0.91,0.01,15.06,0,-6.24,0,890.0,0.58,4.79,8.4,903.77,5.06,-623.12,0.72,-10.24
Aug 2081,945.06,11.36,0,14.58,6.13,3.46,0.65,0.01,15.53,0,-6.48,0,918.17,0.6,3.31,6.92,929.01,4.9,-623.6,-0.159999999999999,-0.48000000000001797
Sep 2081,325.25,4.05,0,3.69,6.15,3.69,1.16,0.01,5.35,0,-2.31,0,315.85,0.22,3.6,5.8,325.46,4.89,-622.11,-0.0100000000000007,1.4900000000000102
Oct 2081,176.72,2.16,0,2.09,2.97,1.78,0.36,0.01,2.9,0,-1.23,0,171.66,0.11,1.68,1.27,174.72,4.91,-626.03,0.0200000000000005,-3.91999999999996
Nov 2081,533.35,6.43,0,9.65,0.21,0.11,0.1,0.01,8.77,0,-3.67,0,518.15,0.34,0.23,0.0,518.73,4.76,-625.97,-0.15,0.0599999999999454
Dec 2081,149.41,1.86,0,2.76,0.21,0.16,0.1,0.01,2.46,0,-1.06,0,145.1,0.1,0.21,0.0,145.41,4.72,-620.96,-0.04,5.009999999999991
Jan 2082,89.16,1.15,0,1.69,0.21,0.16,0.1,0.01,1.47,0,-0.66,0,86.54,0.06,0.23,0.0,86.83,4.65,-619.65,-0.0699999999999994,1.31000000000006
Feb 2082,311.67,3.79,0,5.68,0.21,0.13,0.1,0.01,5.12,0,-2.16,0,302.76,0.2,0.23,0.0,303.19,4.57,-618.93,-0.0800000000000001,0.720000000000027
Mar 2082,155.14,1.97,0,2.89,0.21,0.11,0.1,0.01,2.55,0,-1.13,0,150.61,0.1,0.25,0.0,150.97,4.51,-616.06,-0.0600000000000005,2.87
Apr 2082,213.05,2.7,0,8.2,0.58,4.68,0.13,0.01,3.5,0,-1.54,0,206.84,0.14,0.47,0.25,207.7,4.45,-614.72,-0.0599999999999996,1.33999999999992
May 2082,340.64,4.22,0,3.88,6.4,3.88,1.21,0.01,5.6,0,-2.41,0,330.82,0.22,3.67,6.78,341.5,0.0,-613.13,-4.45,1.59000000000003
Jun 2082,179.17,2.36,0,2.6,3.58,2.6,1.92,0.0,2.94,0,-1.35,0,173.87,0.13,2.76,9.07,185.82,0.06,-617.93,0.06,-4.79999999999995
Jul 2082,522.29,6.25,0,5.71,9.6,5.83,1.42,0.01,8.58,0,-3.57,0,507.46,0.33,5.3,8.8,521.89,0.2,-627.31,0.14,-9.38
Aug 2082,258.75,3.4,0,3.27,5.16,3.27,1.65,0.0,4.25,0,-1.94,0,251.1,0.18,3.27,7.69,262.24,0.08,-632.5,-0.12,-5.19000000000005
Sep 2082,380.31,4.98,0,4.21,7.55,4.21,1.03,0.01,6.25,0,-2.84,0,369.08,0.26,3.92,5.58,378.85,0.35,-639.53,0.27,-7.02999999999997
Oct 2082,18.44,0.48,0,0.41,0.73,0.41,0.32,0.0,0.3,0,-0.27,0,17.66,0.03,0.46,0.76,18.9,0.79,-642.73,0.44,-3.20000000000005
Nov 2082,137.52,1.73,0,2.57,0.21,0.15,0.1,0.01,2.26,0,-0.99,0,133.53,0.09,0.2,0.0,133.81,0.97,-643.77,0.18,-1.0399999999999598
Dec 2082,156.26,1.97,0,2.91,0.21,0.13,0.1,0.01,2.57,0,-1.12,0,151.73,0.1,0.19,0.0,152.02,0.92,-642.58,-0.0499999999999999,1.18999999999994
Jan 2083,76.33,1.0,0,1.46,0.21,0.15,0.1,0.01,1.25,0,-0.57,0,74.07,0.05,0.19,0.0,74.32,0.89,-641.22,-0.03,1.36000000000001
Feb 2083,325.12,4.07,0,5.96,0.32,0.11,0.1,0.01,5.34,0,-2.32,0,315.71,0.22,0.2,0.0,316.12,0.84,-640.63,-0.05,0.5900000000000319
Mar 2083,301.98,3.65,0,5.52,0.21,0.19,0.1,0.01,4.96,0,-2.09,0,293.37,0.19,0.2,0.0,293.76,0.94,-637.69,0.1,2.93999999999994
Apr 2083,418.71,5.11,0,8.4,0.39,1.05,0.11,0.01,6.88,0,-2.91,0,406.73,0.27,0.3,0.32,407.62,0.85,-634.9,-0.09,2.79000000000008
May 2083,215.56,3.17,0,2.79,4.82,2.79,1.44,0.0,3.54,0,-1.81,0,208.84,0.17,2.8,6.95,218.76,0.0,-631.35,-0.85,3.54999999999995
Jun 2083,292.73,4.14,0,3.65,6.28,3.65,1.73,0.0,4.81,0,-2.36,0,283.78,0.22,3.64,9.0,296.64,0.66,-638.0,0.66,-6.649999999999981
Jul 2083,827.78,10.34,0,10.97,10.4,5.69,1.01,0.01,13.61,0,-5.9,0,803.84,0.55,5.22,8.58,818.19,1.37,-646.27,0.71,-8.269999999999982
Aug 2083,885.78,14.29,0,13.76,11.87,3.95,0.73,0.01,14.56,0,-8.16,0,856.93,0.76,3.67,7.1,868.47,1.86,-648.15,0.49,-1.88
Sep 2083,438.98,5.63,0,4.71,8.54,4.71,0.97,0.01,7.22,0,-3.21,0,426.14,0.3,4.47,5.71,436.62,6.83,-649.56,4.97,-1.40999999999997
Oct 2083,263.0,3.21,0,3.93,2.24,1.3,0.29,0.01,4.32,0,-1.83,0,255.47,0.17,1.34,1.19,258.17,7.15,-652.22,0.32,-2.66000000000008
Nov 2083,207.8,2.58,0,3.8,0.22,0.11,0.1,0.01,3.42,0,-1.47,0,201.81,0.14,0.25,0.0,202.19,7.03,-651.2,-0.12,1.01999999999998
Dec 2083,170.35,2.2,0,3.14,0.3,0.11,0.1,0.01,2.8,0,-1.25,0,165.36,0.12,0.23,0.0,165.7,6.98,-649.35,-0.0499999999999998,1.85000000000002
Jan 2084,104.07,1.33,0,1.95,0.21,0.14,0.1,0.01,1.71,0,-0.76,0,101.03,0.07,0.23,0.0,101.33,7.02,-647.89,0.0399999999999991,1.46000000000004
Feb 2084,76.03,1.15,0,1.47,0.39,0.11,0.1,0.01,1.25,0,-0.66,0,73.63,0.06,0.27,0.0,73.95,6.95,-647.02,-0.0699999999999994,0.8700000000000051
Mar 2084,137.1,1.77,0,2.56,0.24,0.11,0.1,0.01,2.25,0,-1.01,0,133.08,0.09,0.29,0.0,133.46,7.05,-646.52,0.0999999999999996,0.5
Apr 2084,161.72,2.05,0,9.09,0.21,6.18,0.1,0.01,2.66,0,-1.17,0,157.01,0.11,0.32,0.0,157.44,6.98,-645.36,-0.0699999999999994,1.15999999999997
May 2084,170.68,2.58,0,2.36,3.92,2.36,1.48,0.0,2.81,0,-1.47,0,165.29,0.14,2.46,6.83,174.72,0.78,-643.96,-6.2,1.39999999999998
Jun 2084,94.52,2.06,0,1.89,3.12,1.89,2.08,0.0,1.55,0,-1.17,0,90.91,0.11,2.25,9.16,102.44,1.34,-650.93,0.56,-6.969999999999911
Jul 2084,488.75,6.1,0,5.42,9.26,5.42,1.49,0.01,8.03,0,-3.48,0,474.61,0.32,5.14,8.94,489.02,2.4,-661.79,1.06,-10.86
Aug 2084,952.5,12.25,0,14.63,7.78,3.81,0.71,0.01,15.66,0,-6.99,0,924.6,0.65,3.57,7.28,936.09,2.58,-667.66,0.18,-5.87
Sep 2084,446.27,6.14,0,4.84,9.32,4.84,0.99,0.01,7.33,0,-3.51,0,432.79,0.33,4.53,5.89,443.54,3.67,-666.97,1.09,0.689999999999941
Oct 2084,221.95,3.1,0,2.84,3.72,1.86,0.38,0.01,3.65,0,-1.77,0,215.2,0.16,1.82,1.53,218.72,4.61,-670.01,0.94,-3.03999999999996
Nov 2084,34.6,0.5,0,0.71,0.21,0.16,0.1,0.01,0.57,0,-0.29,0,33.53,0.03,0.23,0.0,33.79,5.01,-670.03,0.39999999999999897,-0.0199999999999818
Dec 2084,177.78,2.2,0,3.27,0.21,0.14,0.1,0.01,2.92,0,-1.26,0,172.66,0.12,0.21,0.0,172.98,4.92,-669.84,-0.0899999999999999,0.189999999999941
Jan 2085,77.39,1.0,0,1.47,0.21,0.16,0.1,0.01,1.27,0,-0.57,0,75.11,0.05,0.22,0.0,75.39,4.86,-668.26,-0.0599999999999996,1.58000000000004
Feb 2085,101.52,1.29,0,1.91,0.21,0.16,0.1,0.01,1.67,0,-0.74,0,98.56,0.07,0.23,0.0,98.86,4.78,-667.64,-0.0800000000000001,0.620000000000005
Mar 2085,323.66,3.89,0,5.88,0.21,0.19,0.1,0.01,5.32,0,-2.22,0,314.44,0.21,0.23,0.0,314.88,4.68,-666.8,-0.10000000000000099,0.840000000000032
Apr 2085,716.77,8.61,0,17.44,0.21,4.6,0.1,0.01,11.78,0,-4.91,0,696.38,0.46,0.26,0.0,697.1,4.56,-663.78,-0.12,3.0199999999999796
May 2085,445.15,5.46,0,4.85,8.29,4.85,1.05,0.01,7.32,0,-3.12,0,432.37,0.29,4.47,6.8,443.93,0.0,-657.0,-4.56,6.77999999999997
Jun 2085,83.65,1.04,0,1.63,1.58,1.63,2.03,0.0,1.37,0,-0.59,0,81.23,0.06,1.97,8.73,91.99,0.0,-660.63,0.0,-3.63
Jul 2085,818.72,9.84,0,10.7,9.98,5.75,1.02,0.01,13.46,0,-5.62,0,795.43,0.52,5.24,8.6,809.79,0.0,-670.61,0.0,-9.980000000000018
Aug 2085,791.24,9.8,0,11.24,8.05,4.42,0.81,0.01,13.0,0,-5.59,0,768.44,0.52,4.05,7.09,780.1,0.0,-672.38,0.0,-1.76999999999998
Sep 2085,524.77,6.82,0,6.29,8.73,4.67,0.85,0.01,8.63,0,-3.89,0,509.32,0.36,4.28,5.72,519.68,0.37,-672.85,0.37,-0.47000000000002706
Oct 2085,664.35,8.04,0,12.06,0.24,0.11,0.1,0.01,10.92,0,-4.59,0,645.39,0.43,0.2,0.79,646.8,0.99,-674.67,0.62,-1.8199999999999399
Nov 2085,161.93,2.04,0,3.01,0.21,0.13,0.1,0.01,2.66,0,-1.16,0,157.23,0.11,0.2,0.0,157.53,1.01,-669.21,0.02,5.45999999999992
Dec 2085,70.1,0.93,0,1.35,0.21,0.15,0.1,0.01,1.15,0,-0.53,0,68.02,0.05,0.19,0.0,68.26,0.98,-667.79,-0.03,1.42000000000007
Jan 2086,276.98,3.39,0,5.08,0.21,0.15,0.1,0.01,4.55,0,-1.93,0,269.04,0.18,0.19,0.0,269.41,0.94,-667.26,-0.04,0.5299999999999729
Feb 2086,91.86,1.15,0,1.74,0.21,0.2,0.1,0.01,1.51,0,-0.66,0,89.2,0.06,0.19,0.0,89.45,0.89,-664.72,-0.0499999999999999,2.53999999999996
Mar 2086,325.16,3.92,0,5.94,0.21,0.2,0.1,0.01,5.34,0,-2.24,0,315.89,0.21,0.2,0.0,316.29,0.79,-663.96,-0.1,0.7599999999999909
Apr 2086,179.84,2.25,0,3.97,0.26,0.82,0.1,0.01,2.96,0,-1.28,0,174.63,0.12,0.22,0.03,175.01,0.69,-660.94,-0.1,3.0199999999999796
May 2086,87.1,1.43,0,1.62,2.18,1.62,1.69,0.0,1.43,0,-0.82,0,84.23,0.08,1.87,7.17,93.34,0.0,-659.38,-0.69,1.5600000000000602
Jun 2086,248.74,3.92,0,3.27,5.95,3.27,1.77,0.0,4.09,0,-2.24,0,240.73,0.21,3.31,8.84,253.09,0.37,-667.62,0.37,-8.240000000000009
Jul 2086,839.06,10.57,0,11.19,10.53,5.68,1.01,0.01,13.79,0,-6.03,0,814.7,0.56,5.22,8.63,829.11,1.51,-676.38,1.14,-8.759999999999991
Aug 2086,433.58,5.67,0,4.86,8.6,4.86,1.37,0.01,7.13,0,-3.24,0,420.79,0.3,4.61,7.63,433.33,2.14,-678.25,0.63,-1.87
Sep 2086,557.25,7.09,0,7.05,8.08,4.36,0.8,0.01,9.16,0,-4.05,0,541.0,0.38,4.05,5.71,551.13,2.63,-683.35,0.49,-5.10000000000002
Oct 2086,36.19,0.58,0,0.58,0.89,0.58,0.34,0.0,0.59,0,-0.33,0,35.01,0.03,0.64,0.85,36.53,3.08,-684.73,0.45,-1.38
Nov 2086,123.59,1.6,0,2.31,0.22,0.11,0.1,0.01,2.03,0,-0.91,0,119.96,0.08,0.22,0.0,120.26,3.08,-685.65,0.0,-0.9199999999999592
Dec 2086,204.98,2.63,0,3.78,0.31,0.11,0.1,0.01,3.37,0,-1.5,0,198.98,0.14,0.21,0.0,199.33,3.06,-684.62,-0.02,1.0299999999999698
Jan 2087,59.26,0.82,0,1.16,0.21,0.12,0.1,0.01,0.97,0,-0.47,0,57.46,0.04,0.21,0.0,57.72,3.14,-682.83,0.0800000000000001,1.78999999999996
Feb 2087,127.34,1.92,0,2.42,0.61,0.11,0.1,0.01,2.09,0,-1.1,0,123.32,0.1,0.22,0.0,123.64,3.11,-682.41,-0.0300000000000002,0.42000000000007304
Mar 2087,115.17,1.43,0,2.28,0.21,0.31,0.1,0.01,1.89,0,-0.82,0,111.84,0.08,0.23,0.0,112.15,3.48,-681.5,0.37,0.909999999999968
Apr 2087,18.67,0.36,0,2.19,3.7,5.34,0.57,0.01,0.31,0,-0.21,0,17.99,0.02,2.15,2.09,22.26,3.23,-680.52,-0.25,0.9800000000000179
May 2087,282.92,3.94,0,3.44,5.99,3.44,1.43,0.0,4.65,0,-2.25,0,274.33,0.21,3.35,7.61,285.5,0.0,-683.07,-3.23,-2.5500000000000695
Jun 2087,483.76,6.25,0,5.38,9.48,5.38,1.43,0.01,7.95,0,-3.57,0,469.57,0.33,5.03,9.01,483.94,0.62,-689.71,0.62,-6.639999999999991
Jul 2087,460.38,9.83,0,5.5,14.92,5.5,1.53,0.01,7.57,0,-5.61,0,442.98,0.52,5.17,8.92,457.6,1.12,-695.76,0.5,-6.04999999999995
Aug 2087,1270.8,15.78,0,20.8,6.11,2.96,0.57,0.01,20.89,0,-9.01,0,1234.13,0.84,2.92,7.27,1245.16,6.89,-704.24,5.77,-8.480000000000018
Sep 2087,621.84,8.16,0,8.96,6.74,3.31,0.62,0.01,10.22,0,-4.66,0,603.46,0.43,3.19,5.25,612.33,7.67,-700.19,0.78,4.04999999999995
Oct 2087,308.98,3.84,0,5.61,0.33,0.11,0.1,0.01,5.08,0,-2.19,0,300.06,0.2,0.3,0.0,300.56,8.52,-700.49,0.85,-0.299999999999955
Nov 2087,35.01,0.51,0,0.71,0.21,0.15,0.1,0.01,0.58,0,-0.29,0,33.92,0.03,0.24,0.0,34.19,8.53,-697.69,0.00999999999999979,2.79999999999995
Dec 2087,63.84,1.01,0,1.25,0.39,0.11,0.1,0.01,1.05,0,-0.58,0,61.78,0.05,0.24,0.0,62.08,8.44,-697.49,-0.0899999999999999,0.200000000000045
Jan 2088,77.07,1.28,0,1.5,0.55,0.11,0.1,0.01,1.27,0,-0.73,0,74.53,0.07,0.25,0.0,74.84,8.57,-697.1,0.13000000000000098,0.38999999999998597
Feb 2088,202.1,2.47,0,3.69,0.21,0.15,0.1,0.01,3.32,0,-1.41,0,196.31,0.13,0.27,0.0,196.71,8.85,-696.65,0.27999999999999897,0.450000000000045
Mar 2088,350.0,5.57,0,6.53,2.04,0.11,0.1,0.01,5.75,0,-3.18,0,338.68,0.3,0.3,0.0,339.27,8.72,-694.82,-0.129999999999999,1.82999999999993
Apr 2088,87.0,1.95,0,7.69,0.64,5.37,0.14,0.01,1.43,0,-1.11,0,83.62,0.1,0.62,0.21,84.55,10.45,-692.33,1.73,2.49000000000001
May 2088,279.97,4.21,0,3.39,6.39,3.39,1.37,0.0,4.6,0,-2.4,0,271.15,0.22,3.44,7.16,281.97,5.22,-692.35,-5.23,-0.0199999999999818
Jun 2088,293.12,5.1,0,3.71,7.74,3.71,1.71,0.0,4.82,0,-2.91,0,283.21,0.27,3.87,8.88,296.23,6.14,-698.67,0.92,-6.319999999999941
Jul 2088,577.99,7.48,0,6.21,11.35,6.21,1.33,0.01,9.5,0,-4.27,0,561.01,0.4,5.95,8.77,576.12,8.01,-707.35,1.87,-8.68000000000006
Aug 2088,1078.78,14.55,0,17.27,8.06,3.26,0.61,0.01,17.73,0,-8.3,0,1046.5,0.77,3.22,7.19,1057.68,8.53,-712.22,0.52,-4.87
Sep 2088,364.21,4.58,0,4.01,6.95,4.01,1.09,0.01,5.99,0,-2.61,0,353.65,0.24,3.97,5.73,363.59,10.72,-710.58,2.19,1.63999999999999
Oct 2088,601.31,7.23,0,10.79,0.3,0.11,0.1,0.01,9.88,0,-4.13,0,584.19,0.38,0.33,0.83,585.73,10.76,-714.01,0.0399999999999991,-3.42999999999995
Nov 2088,143.87,1.77,0,2.64,0.21,0.16,0.1,0.01,2.36,0,-1.01,0,139.73,0.09,0.26,0.0,140.08,10.71,-709.17,-0.0499999999999989,4.84000000000003
Dec 2088,26.52,0.38,0,0.55,0.21,0.19,0.1,0.01,0.44,0,-0.22,0,25.7,0.02,0.24,0.0,25.96,10.59,-707.9,-0.12000000000000098,1.26999999999998
Jan 2089,181.11,2.22,0,3.31,0.21,0.15,0.1,0.01,2.98,0,-1.27,0,175.91,0.12,0.27,0.0,176.3,10.46,-707.77,-0.129999999999999,0.12999999999999498
Feb 2089,131.14,1.64,0,2.42,0.21,0.14,0.1,0.01,2.16,0,-0.94,0,127.34,0.09,0.28,0.0,127.71,10.34,-706.14,-0.12000000000000098,1.63
Mar 2089,88.83,1.1,0,1.77,0.21,0.31,0.1,0.01,1.46,0,-0.63,0,86.26,0.06,0.32,0.0,86.65,10.22,-705.01,-0.11999999999999901,1.13
Apr 2089,275.58,3.36,0,11.0,0.21,6.11,0.1,0.01,4.53,0,-1.92,0,267.69,0.18,0.36,0.0,268.23,9.88,-704.27,-0.34,0.7400000000000091
May 2089,333.06,4.13,0,3.83,6.27,3.83,1.31,0.01,5.47,0,-2.36,0,323.46,0.22,3.76,7.36,334.8,3.71,-701.74,-6.17,2.52999999999997
Jun 2089,324.16,3.89,0,3.87,6.0,3.96,1.65,0.0,5.33,0,-2.22,0,314.93,0.21,3.9,8.83,327.87,3.69,-707.28,-0.02,-5.539999999999959
Jul 2089,957.85,11.42,0,13.67,8.75,5.08,0.91,0.01,15.74,0,-6.52,0,930.69,0.61,4.71,8.56,944.56,3.47,-714.65,-0.22,-7.37
Aug 2089,1093.4,13.3,0,17.56,5.72,3.1,0.59,0.01,17.97,0,-7.59,0,1062.13,0.71,2.95,7.08,1072.86,3.32,-714.88,-0.15,-0.230000000000018
Sep 2089,368.32,4.49,0,4.05,6.81,4.05,1.02,0.01,6.05,0,-2.56,0,357.78,0.24,3.84,5.43,367.28,3.57,-712.16,0.25,2.72000000000003
Oct 2089,133.43,1.67,0,1.57,2.58,1.61,0.51,0.01,2.19,0,-0.96,0,129.56,0.09,1.57,1.78,133.0,3.51,-715.11,-0.0600000000000001,-2.95000000000005
Nov 2089,332.9,4.01,0,6.06,0.21,0.18,0.1,0.01,5.47,0,-2.29,0,323.41,0.21,0.22,0.0,323.84,3.42,-716.16,-0.0899999999999999,-1.0499999999999499
Dec 2089,23.97,0.37,0,0.52,0.21,0.16,0.1,0.01,0.39,0,-0.21,0,23.2,0.02,0.21,0.0,23.43,3.32,-713.06,-0.1,3.10000000000002
Jan 2090,185.29,2.27,0,3.41,0.21,0.18,0.1,0.01,3.05,0,-1.29,0,179.98,0.12,0.21,0.0,180.31,3.25,-712.97,-0.0699999999999998,0.0899999999999181
Feb 2090,82.81,1.04,0,1.57,0.21,0.2,0.1,0.01,1.36,0,-0.6,0,80.41,0.06,0.22,0.0,80.68,3.16,-711.3,-0.0899999999999999,1.67000000000007
Mar 2090,139.34,1.7,0,5.47,0.21,3.1,0.1,0.01,2.29,0,-0.97,0,135.34,0.09,0.24,0.0,135.67,3.04,-710.62,-0.12,0.67999999999995
Apr 2090,83.74,1.08,0,1.32,0.71,0.39,0.14,0.01,1.38,0,-0.62,0,81.29,0.06,0.44,0.23,82.02,0.0,-709.39,-3.04,1.23000000000002
May 2090,195.35,2.48,0,2.63,3.76,2.63,1.61,0.0,3.21,0,-1.41,0,189.66,0.13,2.71,7.87,200.37,0.0,-708.99,0.0,0.39999999999997704
Jun 2090,121.08,1.84,0,2.08,2.79,2.08,2.02,0.0,1.99,0,-1.05,0,117.25,0.1,2.35,9.1,128.8,0.04,-716.68,0.04,-7.68999999999994
Jul 2090,690.17,8.45,0,7.61,12.08,6.86,1.21,0.01,11.34,0,-4.82,0,670.38,0.45,6.25,8.84,685.91,0.41,-726.85,0.37,-10.1700000000001
Aug 2090,370.78,4.92,0,4.32,7.47,4.32,1.52,0.01,6.09,0,-2.81,0,359.76,0.26,4.14,7.96,372.13,0.57,-730.36,0.16,-3.5099999999999905
Sep 2090,475.11,5.76,0,5.04,8.75,5.05,0.91,0.01,7.81,0,-3.29,0,461.54,0.31,4.63,5.69,472.16,1.1,-736.55,0.53,-6.18999999999994
Oct 2090,408.02,4.91,0,6.75,1.81,1.11,0.25,0.01,6.71,0,-2.8,0,396.4,0.26,1.03,1.54,399.23,1.07,-738.61,-0.03,-2.06000000000006
Nov 2090,34.03,0.46,0,0.69,0.21,0.2,0.1,0.01,0.56,0,-0.26,0,33.01,0.02,0.19,0.0,33.23,0.98,-736.49,-0.0900000000000001,2.12
Dec 2090,34.65,0.48,0,0.71,0.21,0.19,0.1,0.01,0.57,0,-0.27,0,33.6,0.03,0.19,0.0,33.82,0.88,-736.28,-0.1,0.21000000000003602
Jan 2091,36.02,0.49,0,0.73,0.21,0.19,0.1,0.01,0.59,0,-0.28,0,34.93,0.03,0.19,0.0,35.15,0.79,-736.07,-0.09,0.209999999999923
Feb 2091,83.36,1.04,0,1.58,0.21,0.22,0.1,0.01,1.37,0,-0.59,0,80.95,0.06,0.19,0.0,81.2,0.7,-735.84,-0.0900000000000001,0.230000000000018
Mar 2091,338.3,4.07,0,6.55,0.21,0.59,0.1,0.01,5.56,0,-2.32,0,328.68,0.22,0.19,0.0,329.08,0.59,-735.15,-0.11,0.690000000000055
Apr 2091,159.99,1.98,0,2.83,0.62,0.44,0.14,0.01,2.63,0,-1.13,0,155.38,0.11,0.4,0.24,156.12,0.1,-731.99,-0.49,3.1599999999999704
May 2091,139.41,1.8,0,2.09,2.73,2.09,1.64,0.0,2.29,0,-1.03,0,135.32,0.1,2.25,7.42,145.08,0.0,-730.86,-0.1,1.13
Jun 2091,927.26,11.06,0,13.47,7.88,4.56,0.82,0.01,15.24,0,-6.32,0,900.95,0.59,4.15,8.36,914.05,0.02,-738.64,0.02,-7.77999999999997
Jul 2091,778.95,9.39,0,9.96,10.1,5.82,1.03,0.01,12.8,0,-5.36,0,756.76,0.5,5.3,8.42,770.98,0.0,-738.89,-0.02,-0.25
Aug 2091,700.3,8.45,0,8.97,9.09,5.24,0.94,0.01,11.51,0,-4.82,0,680.34,0.45,4.78,7.25,692.82,0.0,-740.89,0.0,-2.0
Sep 2091,506.76,6.11,0,5.76,8.3,4.79,0.86,0.01,8.33,0,-3.49,0,492.32,0.32,4.37,5.68,502.7,0.01,-742.38,0.01,-1.4900000000000102
Oct 2091,455.41,5.47,0,7.91,0.9,0.51,0.16,0.01,7.49,0,-3.12,0,442.45,0.29,0.54,1.08,444.37,0.0,-744.07,-0.01,-1.6900000000000501
Nov 2091,183.09,2.23,0,3.29,0.21,0.11,0.1,0.01,3.01,0,-1.28,0,177.84,0.12,0.19,0.0,178.15,0.0,-740.93,0.0,3.1400000000001
Dec 2091,155.63,1.89,0,2.77,0.21,0.11,0.1,0.01,2.56,0,-1.08,0,151.18,0.1,0.19,0.0,151.47,0.0,-739.28,0.0,1.64999999999998
Jan 2092,74.07,0.95,0,1.33,0.21,0.11,0.1,0.01,1.22,0,-0.54,0,71.9,0.05,0.19,0.0,72.14,0.0,-737.89,0.0,1.38999999999999
Feb 2092,143.63,1.84,0,2.68,0.21,0.11,0.1,0.01,2.36,0,-1.05,0,139.43,0.1,0.19,0.0,139.72,0.0,-737.3,0.0,0.5900000000000319
Mar 2092,209.89,2.54,0,3.76,0.21,0.11,0.1,0.01,3.45,0,-1.45,0,203.9,0.13,0.19,0.0,204.22,0.0,-736.07,0.0,1.2299999999998998
Apr 2092,157.27,1.95,0,2.72,0.55,0.3,0.13,0.01,2.58,0,-1.11,0,152.73,0.1,0.36,0.19,153.39,0.0,-734.15,0.0,1.92000000000007
May 2092,333.93,4.14,0,3.84,6.28,3.84,1.29,0.01,5.49,0,-2.36,0,324.3,0.22,3.66,7.24,335.42,0.0,-732.99,0.0,1.15999999999997
Jun 2092,516.5,6.18,0,5.6,9.44,5.67,1.37,0.01,8.49,0,-3.53,0,501.83,0.33,5.19,8.9,516.26,0.06,-738.39,0.06,-5.399999999999981
Jul 2092,658.33,7.96,0,7.09,11.76,6.77,1.19,0.01,10.82,0,-4.55,0,639.54,0.42,6.15,8.52,654.63,0.0,-743.69,-0.06,-5.30000000000007
Aug 2092,921.4,11.08,0,13.87,6.93,3.98,0.73,0.01,15.14,0,-6.32,0,895.18,0.59,3.66,7.3,906.72,0.02,-747.11,0.02,-3.41999999999996
Sep 2092,458.36,5.54,0,4.89,8.43,4.92,0.97,0.01,7.53,0,-3.16,0,445.29,0.29,4.49,5.86,455.93,0.03,-746.3,0.01,0.810000000000059
Oct 2092,178.78,2.18,0,2.38,2.17,1.24,0.28,0.01,2.94,0,-1.25,0,173.66,0.12,1.2,0.93,175.91,0.0,-748.74,-0.03,-2.4400000000000497
Nov 2092,173.99,2.13,0,3.13,0.21,0.11,0.1,0.01,2.86,0,-1.21,0,169.0,0.11,0.19,0.0,169.3,0.0,-748.25,0.0,0.49000000000000893
Dec 2092,63.13,0.79,0,1.1,0.21,0.11,0.1,0.01,1.04,0,-0.45,0,61.3,0.04,0.19,0.0,61.53,0.0,-746.69,0.0,1.5599999999999499
Jan 2093,194.75,2.4,0,3.54,0.21,0.11,0.1,0.01,3.2,0,-1.37,0,189.15,0.13,0.19,0.0,189.46,0.0,-746.19,0.0,0.5
Feb 2093,118.23,1.45,0,2.1,0.21,0.11,0.1,0.01,1.94,0,-0.83,0,114.83,0.08,0.19,0.0,115.1,0.0,-744.44,0.0,1.75
Mar 2093,128.45,1.57,0,2.29,0.21,0.11,0.1,0.01,2.11,0,-0.9,0,124.76,0.08,0.19,0.0,125.03,0.0,-743.41,0.0,1.03000000000009
Apr 2093,133.44,1.67,0,2.41,0.27,0.14,0.1,0.01,2.19,0,-0.95,0,129.58,0.09,0.22,0.03,129.91,0.0,-742.28,0.0,1.13
May 2093,390.88,4.78,0,4.34,7.25,4.34,1.17,0.01,6.42,0,-2.73,0,379.68,0.25,4.06,7.06,391.05,0.0,-741.16,0.0,1.12
Jun 2093,388.15,4.65,0,4.4,7.07,4.41,1.55,0.01,6.38,0,-2.66,0,377.11,0.25,4.21,8.87,390.44,0.01,-745.68,0.01,-4.51999999999998
Jul 2093,1071.59,12.77,0,16.06,7.84,4.51,0.82,0.01,17.61,0,-7.29,0,1041.21,0.68,4.13,8.45,1054.47,0.0,-752.38,-0.01,-6.70000000000005
Aug 2093,812.6,9.89,0,11.38,8.36,4.73,0.86,0.01,13.36,0,-5.64,0,789.36,0.52,4.33,7.5,801.71,0.0,-751.31,0.0,1.07000000000005
Sep 2093,471.57,5.64,0,5.09,8.48,5.0,0.88,0.01,7.75,0,-3.22,0,458.17,0.3,4.47,5.49,468.43,0.14,-751.95,0.14,-0.6400000000000999
Oct 2093,238.36,3.03,0,2.59,4.61,2.59,0.52,0.01,3.92,0,-1.73,0,231.41,0.16,2.41,2.22,236.21,0.03,-753.78,-0.11,-1.82999999999993
Nov 2093,269.87,3.29,0,4.95,0.21,0.17,0.1,0.01,4.44,0,-1.88,0,262.14,0.17,0.19,0.0,262.5,0.13,-754.32,0.1,-0.5400000000000771
Dec 2093,64.71,0.81,0,1.2,0.21,0.18,0.1,0.01,1.06,0,-0.46,0,62.84,0.04,0.19,0.0,63.06,0.07,-751.85,-0.06,2.47000000000003
Jan 2094,34.37,0.53,0,0.7,0.21,0.11,0.1,0.01,0.56,0,-0.3,0,33.27,0.03,0.19,0.0,33.49,0.0,-751.33,-0.07,0.519999999999982
Feb 2094,169.14,2.27,0,3.16,0.39,0.11,0.1,0.01,2.78,0,-1.3,0,164.09,0.12,0.19,0.0,164.39,0.0,-751.15,0.0,0.180000000000064
Mar 2094,52.0,1.91,0,2.99,0.21,0.29,0.1,0.01,0.85,0,-1.09,0,49.23,0.1,0.19,0.0,49.52,0.18,-749.75,0.18,1.39999999999998
Apr 2094,92.48,2.59,0,2.12,2.64,0.83,0.21,0.01,1.52,0,-1.48,0,88.37,0.14,0.83,0.6,89.94,0.0,-750.07,-0.18,-0.32000000000004997
May 2094,307.8,4.57,0,3.66,6.94,3.66,1.33,0.01,5.06,0,-2.61,0,298.17,0.24,3.55,7.25,309.21,1.18,-750.84,1.18,-0.7699999999999821
Jun 2094,73.82,1.43,0,1.7,2.17,1.7,2.2,0.0,1.21,0,-0.82,0,71.18,0.08,2.16,9.73,83.15,2.24,-756.96,1.06,-6.12
Jul 2094,184.43,2.64,0,2.7,4.0,2.7,2.03,0.0,3.03,0,-1.51,0,178.76,0.14,2.97,9.34,191.21,2.74,-768.5,0.5,-11.54
Aug 2094,674.86,8.22,0,7.92,10.55,5.99,1.06,0.01,11.09,0,-4.69,0,655.55,0.44,5.54,7.8,669.32,3.1,-778.33,0.36,-9.83000000000004
Sep 2094,404.54,4.85,0,4.41,7.45,4.49,1.08,0.01,6.65,0,-2.77,0,393.03,0.26,4.17,6.03,403.49,3.17,-780.78,0.0699999999999998,-2.4499999999999305
Oct 2094,162.22,2.02,0,1.82,3.1,1.85,0.45,0.01,2.67,0,-1.15,0,157.53,0.11,1.77,1.64,161.05,3.02,-784.0,-0.15,-3.22000000000003
Nov 2094,149.01,2.08,0,2.79,0.47,0.11,0.1,0.01,2.45,0,-1.19,0,144.48,0.11,0.21,0.0,144.8,2.95,-784.57,-0.0699999999999998,-0.57000000000005
Dec 2094,58.34,0.79,0,1.13,0.21,0.15,0.1,0.01,0.96,0,-0.45,0,56.59,0.04,0.2,0.0,56.84,3.18,-783.39,0.23,1.1800000000000601
Jan 2095,239.51,2.93,0,4.39,0.21,0.15,0.1,0.01,3.94,0,-1.67,0,232.65,0.16,0.21,0.0,233.01,3.12,-782.97,-0.0600000000000001,0.41999999999995896
Feb 2095,113.19,1.4,0,2.11,0.21,0.19,0.1,0.01,1.86,0,-0.8,0,109.93,0.07,0.21,0.0,110.21,3.06,-780.79,-0.0600000000000001,2.18000000000006
Mar 2095,295.12,3.55,0,5.38,0.21,0.2,0.1,0.01,4.85,0,-2.03,0,286.72,0.19,0.22,0.0,287.13,2.94,-779.81,-0.12,0.9800000000000179
Apr 2095,770.83,9.25,0,16.71,0.21,2.88,0.1,0.01,12.67,0,-5.28,0,748.91,0.49,0.24,0.0,749.64,2.82,-777.07,-0.12,2.7399999999999
May 2095,335.22,4.28,0,3.84,6.5,3.84,1.24,0.01,5.51,0,-2.44,0,325.43,0.23,3.65,6.93,336.24,0.0,-769.77,-2.82,7.30000000000007
Jun 2095,237.52,2.87,0,3.1,4.46,3.21,1.8,0.0,3.9,0,-1.64,0,230.75,0.15,3.16,8.92,242.98,0.23,-774.87,0.23,-5.10000000000002
Jul 2095,476.99,5.9,0,5.29,8.95,5.29,1.43,0.01,7.84,0,-3.37,0,463.25,0.31,4.94,8.46,476.97,0.12,-783.31,-0.11,-8.43999999999994
Aug 2095,804.3,9.88,0,11.22,8.54,4.76,0.86,0.01,13.22,0,-5.64,0,781.19,0.52,4.35,7.49,793.56,0.27,-788.72,0.15,-5.41000000000008
Sep 2095,220.83,2.95,0,2.78,4.48,2.78,1.33,0.0,3.63,0,-1.68,0,214.25,0.16,2.77,5.83,223.0,0.54,-789.48,0.27,-0.7599999999999909
Oct 2095,914.96,11.15,0,16.6,0.43,0.11,0.1,0.01,15.04,0,-6.36,0,888.77,0.59,0.2,2.18,891.74,0.81,-794.7,0.27,-5.220000000000031
Nov 2095,212.43,2.62,0,3.91,0.21,0.14,0.1,0.01,3.49,0,-1.49,0,206.32,0.14,0.19,0.0,206.65,1.02,-788.29,0.21,6.41000000000008
Dec 2095,175.25,2.53,0,3.29,0.65,0.11,0.1,0.01,2.88,0,-1.44,0,169.84,0.13,0.19,0.0,170.17,0.98,-786.38,-0.04,1.90999999999997
Jan 2096,260.08,3.26,0,4.78,0.28,0.11,0.1,0.01,4.27,0,-1.86,0,252.54,0.17,0.2,0.0,252.91,1.41,-785.02,0.43,1.36000000000001
Feb 2096,273.72,3.37,0,5.02,0.21,0.11,0.1,0.01,4.5,0,-1.92,0,265.85,0.18,0.2,0.0,266.23,1.47,-782.69,0.0600000000000001,2.3299999999999303
Mar 2096,557.54,6.68,0,10.12,0.21,0.18,0.1,0.01,9.16,0,-3.81,0,541.69,0.35,0.2,0.0,542.24,1.46,-780.2,-0.01,2.49000000000001
Apr 2096,790.45,9.53,0,15.71,0.21,1.45,0.1,0.01,12.99,0,-5.44,0,767.93,0.51,0.21,0.03,768.67,1.37,-774.94,-0.0899999999999999,5.259999999999991
May 2096,307.11,4.11,0,3.57,6.23,3.57,1.21,0.01,5.05,0,-2.34,0,297.95,0.22,3.41,6.46,308.04,0.0,-767.5,-1.37,7.44000000000005
Jun 2096,82.39,1.43,0,1.72,2.16,1.72,2.04,0.0,1.35,0,-0.81,0,79.61,0.08,2.06,8.78,90.52,0.45,-772.46,0.45,-4.96000000000004
Jul 2096,1019.23,12.75,0,15.27,8.63,4.56,0.83,0.01,16.75,0,-7.28,0,989.73,0.68,4.2,8.36,1002.96,0.88,-782.73,0.43,-10.27
Aug 2096,1173.82,14.48,0,19.09,5.98,3.09,0.59,0.01,19.29,0,-8.27,0,1140.05,0.77,2.9,7.27,1150.99,1.57,-782.42,0.69,0.31000000000005895
Sep 2096,339.72,4.55,0,3.84,6.91,3.84,1.1,0.01,5.58,0,-2.6,0,329.58,0.24,3.65,5.6,339.08,2.14,-779.25,0.57,3.16999999999996
Oct 2096,163.35,2.03,0,2.54,1.35,0.81,0.2,0.01,2.68,0,-1.16,0,158.64,0.11,0.81,0.54,160.09,2.65,-782.96,0.51,-3.71000000000004
Nov 2096,244.34,2.97,0,4.47,0.21,0.18,0.1,0.01,4.02,0,-1.69,0,237.36,0.16,0.2,0.0,237.72,2.57,-782.16,-0.0800000000000001,0.800000000000068
Dec 2096,199.91,2.44,0,3.67,0.21,0.18,0.1,0.01,3.29,0,-1.39,0,194.18,0.13,0.2,0.0,194.51,2.48,-779.92,-0.0899999999999999,2.24000000000001
Jan 2097,96.94,1.22,0,1.82,0.21,0.18,0.1,0.01,1.59,0,-0.69,0,94.13,0.06,0.2,0.0,94.39,2.4,-778.11,-0.0800000000000001,1.8099999999999499
Feb 2097,42.21,0.55,0,0.84,0.21,0.21,0.1,0.01,0.69,0,-0.31,0,40.97,0.03,0.21,0.0,41.2,2.3,-777.3,-0.1,0.810000000000059
Mar 2097,51.88,0.66,0,2.38,0.21,1.58,0.1,0.01,0.85,0,-0.38,0,50.37,0.04,0.22,0.0,50.62,2.18,-777.0,-0.12,0.299999999999955
Apr 2097,66.82,0.89,0,1.76,0.57,0.98,0.13,0.01,1.1,0,-0.51,0,64.83,0.05,0.38,0.17,65.43,0.67,-776.61,-1.51,0.38999999999998597
May 2097,84.06,1.15,0,1.59,1.75,1.59,1.73,0.0,1.38,0,-0.66,0,81.52,0.06,1.85,7.42,90.86,0.0,-776.31,-0.67,0.300000000000068
Jun 2097,399.56,4.79,0,4.55,7.31,4.59,1.6,0.01,6.57,0,-2.73,0,388.21,0.25,4.35,9.32,402.13,0.04,-784.74,0.04,-8.43000000000006
Jul 2097,491.89,5.96,0,5.46,9.05,5.46,1.52,0.01,8.08,0,-3.4,0,477.84,0.32,5.11,9.17,492.44,0.0,-791.81,-0.04,-7.069999999999941
Aug 2097,1025.06,12.55,0,16.03,6.66,3.64,0.68,0.01,16.85,0,-7.17,0,995.65,0.67,3.35,7.41,1007.08,0.0,-797.82,0.0,-6.0100000000001
Sep 2097,922.59,11.8,0,15.59,4.12,1.8,0.37,0.01,15.16,0,-6.74,0,895.63,0.63,1.71,5.56,903.52,0.34,-796.21,0.34,1.61000000000001
Oct 2097,86.41,1.17,0,1.15,1.77,1.15,0.56,0.0,1.42,0,-0.67,0,83.82,0.06,1.17,1.8,86.86,1.32,-793.71,0.98,2.5
Nov 2097,490.47,5.92,0,8.92,0.21,0.13,0.1,0.01,8.06,0,-3.38,0,476.49,0.31,0.2,0.0,477.0,1.32,-795.31,0.0,-1.59999999999991
Dec 2097,175.95,2.19,0,3.25,0.21,0.14,0.1,0.01,2.89,0,-1.25,0,170.87,0.12,0.19,0.0,171.18,1.28,-790.72,-0.04,4.58999999999992
Jan 2098,78.19,1.1,0,1.5,0.27,0.11,0.1,0.01,1.29,0,-0.63,0,75.8,0.06,0.19,0.0,76.05,1.24,-789.15,-0.04,1.57000000000005
Feb 2098,250.93,3.09,0,4.61,0.21,0.12,0.1,0.01,4.12,0,-1.77,0,243.71,0.16,0.2,0.0,244.08,1.3,-788.58,0.0600000000000001,0.569999999999936
Mar 2098,305.6,3.91,0,5.76,0.29,0.11,0.1,0.01,5.02,0,-2.23,0,296.67,0.21,0.2,0.0,297.08,1.28,-786.31,-0.02,2.2700000000001
Apr 2098,225.51,2.82,0,5.34,0.57,1.63,0.13,0.01,3.71,0,-1.61,0,218.98,0.15,0.4,0.26,219.79,1.34,-783.6,0.0600000000000001,2.70999999999992
May 2098,414.89,5.89,0,4.62,8.94,4.62,1.13,0.01,6.82,0,-3.36,0,402.17,0.31,4.3,7.04,413.82,0.0,-781.88,-1.34,1.7200000000000302
Jun 2098,592.06,10.72,0,6.59,16.27,6.59,1.23,0.01,9.73,0,-6.12,0,571.61,0.57,6.05,8.76,586.99,1.15,-786.58,1.15,-4.70000000000005
Jul 2098,672.34,8.04,0,7.3,11.59,6.7,1.17,0.01,11.05,0,-4.59,0,653.25,0.43,6.25,8.53,668.46,5.99,-792.95,4.84,-6.37
Aug 2098,696.67,8.96,0,8.61,10.62,5.63,1.0,0.01,11.45,0,-5.12,0,676.26,0.48,5.28,7.6,689.61,5.8,-796.18,-0.19,-3.2299999999999
Sep 2098,503.89,6.57,0,5.6,9.35,4.98,0.9,0.01,8.28,0,-3.75,0,489.03,0.35,4.69,5.84,499.9,6.5,-798.43,0.7,-2.25
Oct 2098,236.4,2.9,0,3.33,2.53,1.45,0.32,0.01,3.89,0,-1.66,0,229.61,0.15,1.48,1.25,232.5,7.07,-800.62,0.57,-2.19000000000005
Nov 2098,132.39,1.66,0,2.45,0.21,0.14,0.1,0.01,2.18,0,-0.95,0,128.56,0.09,0.23,0.0,128.88,6.96,-799.95,-0.11,0.669999999999959
Dec 2098,81.85,1.04,0,1.54,0.21,0.18,0.1,0.01,1.35,0,-0.59,0,79.46,0.06,0.23,0.0,79.75,6.89,-798.81,-0.0700000000000003,1.1400000000001
Jan 2099,66.59,0.87,0,1.27,0.21,0.15,0.1,0.01,1.09,0,-0.5,0,64.62,0.05,0.23,0.0,64.9,6.78,-798.14,-0.10999999999999902,0.669999999999959
Feb 2099,208.04,2.52,0,3.8,0.21,0.18,0.1,0.01,3.42,0,-1.44,0,202.11,0.13,0.25,0.0,202.49,6.69,-797.63,-0.0899999999999999,0.509999999999991
Mar 2099,185.79,2.26,0,8.04,0.21,4.83,0.1,0.01,3.05,0,-1.29,0,180.48,0.12,0.29,0.0,180.89,6.55,-795.73,-0.140000000000001,1.89999999999998
Apr 2099,24.46,0.37,0,1.34,1.75,2.52,0.24,0.01,0.4,0,-0.21,0,23.69,0.02,1.02,0.64,25.37,1.72,-794.05,-4.83,1.6800000000000601
May 2099,156.36,2.01,0,2.24,3.05,2.24,1.59,0.0,2.57,0,-1.15,0,151.78,0.11,2.37,7.32,161.58,0.15,-794.73,-1.57,-0.6800000000000639
Jun 2099,276.41,3.33,0,3.5,5.16,3.61,1.85,0.0,4.54,0,-1.9,0,268.54,0.18,3.52,9.68,281.91,0.19,-802.22,0.04,-7.490000000000009
Jul 2099,1131.01,13.48,0,17.46,7.24,4.25,0.76,0.01,18.59,0,-7.69,0,1098.94,0.72,3.83,8.27,1111.75,0.08,-811.11,-0.11,-8.88999999999999
Aug 2099,887.4,11.01,0,13.22,7.59,4.1,0.75,0.01,14.59,0,-6.29,0,861.8,0.58,3.76,7.25,873.4,0.0,-809.24,-0.08,1.87
Sep 2099,540.69,6.61,0,6.59,8.01,4.56,0.83,0.01,8.89,0,-3.78,0,525.18,0.35,4.18,5.75,535.47,0.47,-808.93,0.47,0.31000000000005895
Oct 2099,751.66,8.93,0,13.62,0.21,0.27,0.1,0.01,12.35,0,-5.1,0,730.37,0.47,0.19,2.27,733.3,0.56,-810.38,0.0900000000000001,-1.4500000000000501
Nov 2099,87.31,1.04,0,1.64,0.21,0.28,0.1,0.01,1.44,0,-0.59,0,84.84,0.06,0.19,0.0,85.08,0.39,-805.47,-0.17,4.90999999999997
Dec 2099,73.66,0.88,0,1.4,0.21,0.28,0.1,0.01,1.21,0,-0.5,0,71.57,0.05,0.18,0.0,71.8,0.21,-804.72,-0.18,0.75
