date,Precipitation,Runoff,SW_In,SW_Out,SW_Diversions,SW_Returns,GW_Diversions,GW_Returns,Recharge,GW_In,SW_to_GW,GW_Out,ET_Land_Surface,ET_SW,ET_Human_Use,ET_GW,ET_Total,Cumulative_Storage_Change_Human_Use,Cumulative_Storage_Change_GW,Monthly_Storage_Change_Human_Use,Monthly_Storage_Change_GW
Jan 2016,230.03,2.74,66.64,8.06,52.29,0.21,0.71,-1.3,6.08,0,-0.99,0,221.21,10.23,3.17,0.0,234.61,360.86,-250.08,0.0,0.0
Feb 2016,236.25,2.6,53.24,28.66,24.19,4.4,0.71,-1.3,6.24,0,-0.8,0,227.4,8.18,3.77,0.0,239.36,411.78,-247.0,50.92,3.0800000000000094
Mar 2016,96.68,0.96,78.6,108.43,0.08,39.83,0.78,-1.28,2.55,0,-1.16,0,93.17,12.05,8.46,0.21,113.89,429.81,-243.56,18.03,3.44
Apr 2016,102.21,1.08,140.1,87.61,36.92,2.76,3.27,-0.66,2.7,0,-2.04,0,98.43,21.44,13.82,11.77,145.46,383.65,-244.44,-46.16,-0.8799999999999949
May 2016,1.95,0.01,147.3,99.2,33.86,6.11,5.16,0.18,0.05,0,-2.1,0,1.88,22.47,20.22,28.99,73.56,407.92,-259.49,24.27,-15.05
Jun 2016,169.45,1.78,74.62,128.1,13.71,75.72,5.59,0.32,4.48,0,-1.05,0,163.2,11.36,21.51,33.55,229.62,420.43,-295.51,12.51,-36.02
Jul 2016,756.09,8.65,63.76,138.12,8.47,83.02,5.03,0.14,19.97,0,-0.94,0,727.47,9.78,18.84,33.72,789.81,342.17,-330.9,-78.26,-35.39
Aug 2016,1263.81,14.47,94.73,113.59,12.06,29.62,3.75,-0.29,33.39,0,-1.44,0,1215.96,14.61,12.41,28.25,1271.21,253.67,-350.47,-88.5,-19.570000000000103
Sep 2016,2605.24,32.62,99.44,81.39,57.16,20.38,1.41,-1.03,68.82,0,-1.61,0,2503.79,15.5,7.07,21.38,2547.74,227.76,-350.82,-25.91,-0.349999999999966
Oct 2016,1979.2,24.0,95.73,28.38,78.22,0.23,0.74,-1.3,52.28,0,-1.53,0,1902.92,14.89,4.48,7.44,1929.72,259.9,-307.42,32.14,43.4
Nov 2016,292.43,3.21,88.19,0.52,78.87,0.21,0.71,-1.3,7.73,0,-1.31,0,281.49,13.54,3.13,0.0,298.17,335.45,-266.15,75.55,41.27
Dec 2016,306.54,3.26,78.3,0.54,70.36,0.21,0.71,-1.29,8.1,0,-1.17,0,295.19,12.03,2.82,0.0,310.04,412.99,-261.75,77.54,4.39999999999998
Jan 2017,615.31,7.45,83.88,10.26,69.64,0.21,0.72,-1.29,16.25,0,-1.27,0,591.6,12.92,3.28,0.0,607.8,482.33,-256.83,69.34,4.9200000000000195
Feb 2017,217.57,2.35,58.64,28.38,24.69,0.21,0.72,-1.29,5.75,0,-0.88,0,209.48,9.01,5.12,0.0,223.61,550.47,-243.85,68.14,12.98
Mar 2017,1080.17,12.3,140.88,112.76,46.42,25.58,0.72,-1.29,28.53,0,-2.14,0,1039.34,21.71,9.5,0.14,1070.69,571.83,-240.98,21.36,2.87
Apr 2017,889.5,9.13,181.74,90.53,76.36,1.24,2.05,-1.03,23.5,0,-2.73,0,856.87,27.95,12.67,6.2,903.69,585.19,-216.74,13.36,24.24
May 2017,43.82,0.38,150.72,99.33,36.46,5.52,4.73,0.05,1.16,0,-2.16,0,42.28,23.01,21.15,25.34,111.78,650.72,-205.25,65.53,11.49
Jun 2017,586.91,6.58,148.93,129.17,12.74,7.03,4.87,0.1,15.5,0,-2.17,0,564.82,22.8,23.92,32.48,644.02,665.18,-236.27,14.4599999999999,-31.02
Jul 2017,786.95,8.88,95.63,137.18,8.12,54.06,4.89,0.11,20.79,0,-1.41,0,757.28,14.66,22.7,32.49,827.13,651.74,-260.2,-13.4399999999999,-23.93
Aug 2017,1514.39,17.42,143.95,113.22,57.04,28.89,3.36,-0.39,40.01,0,-2.18,0,1456.97,22.18,16.03,27.56,1522.73,587.89,-278.09,-63.85,-17.89
Sep 2017,709.97,8.0,120.47,62.31,71.67,22.21,3.69,-0.3,18.76,0,-1.78,0,683.22,18.48,14.05,21.83,737.58,603.78,-271.58,15.89,6.509999999999991
Oct 2017,125.25,1.04,82.91,13.47,61.86,2.86,3.07,-0.62,3.31,0,-1.21,0,120.9,12.69,10.37,10.13,154.09,643.17,-280.42,39.39,-8.84000000000003
Nov 2017,249.84,2.97,75.4,0.46,67.66,0.22,0.72,-1.28,6.6,0,-1.12,0,240.27,11.58,5.06,0.0,256.91,695.49,-292.14,52.32000000000011,-11.72
Dec 2017,12.08,0.1,49.33,0.07,43.43,0.22,0.72,-1.27,0.32,0,0.22,0,11.66,5.93,3.63,0.0,21.21,759.86,-288.65,64.37,3.4900000000000095
Jan 2018,62.31,0.64,40.32,7.24,28.35,0.22,0.72,-1.27,1.65,0,-0.6,0,60.02,6.18,4.4,0.0,70.61,801.44,-290.11,41.58,-1.46000000000004
Feb 2018,126.58,1.29,54.45,27.87,24.09,3.76,0.72,-1.27,3.34,0,-0.81,0,121.94,8.36,6.71,0.0,137.01,827.16,-291.05,25.7199999999999,-0.939999999999998
Mar 2018,176.93,1.85,113.52,108.2,17.96,26.52,0.79,-1.26,4.67,0,-1.67,0,170.41,17.41,12.02,0.21,200.05,842.77,-290.51,15.61,0.54000000000002
Apr 2018,146.23,1.38,191.45,86.84,82.27,2.8,3.29,-0.63,3.86,0,-2.79,0,140.99,29.31,19.32,12.25,201.86,824.24,-289.77,-18.53,0.7400000000000091
May 2018,36.59,0.3,180.49,98.81,63.01,6.0,5.08,0.18,0.97,0,-2.59,0,35.32,27.55,27.57,28.64,119.09,888.31,-304.86,64.0699999999999,-15.09
Jun 2018,511.06,5.3,189.06,127.56,46.56,5.94,5.07,0.16,13.5,0,-2.76,0,492.26,28.93,28.75,32.94,582.88,922.66,-340.04,34.35,-35.18
Jul 2018,546.82,6.07,89.08,135.58,9.03,61.79,5.37,0.28,14.45,0,-1.29,0,526.31,13.62,28.49,33.75,602.17,939.44,-367.14,16.7800000000001,-27.1
Aug 2018,1616.57,18.07,152.74,112.17,66.26,28.85,3.37,-0.4,42.7,0,-2.32,0,1555.8,23.54,19.56,28.31,1627.22,863.29,-392.84,-76.15000000000009,-25.7
Sep 2018,893.55,9.7,91.73,59.94,47.72,18.95,3.51,-0.36,23.6,0,-1.38,0,860.25,14.11,16.82,22.04,913.22,884.91,-384.53,21.62,8.31
Oct 2018,4.12,0.05,32.24,13.86,17.13,3.16,3.25,-0.53,0.11,0,-0.45,0,3.96,4.9,12.77,10.66,32.29,900.71,-388.21,15.8000000000001,-3.6800000000000095
Nov 2018,34.35,0.26,48.87,0.07,43.15,0.22,0.73,-1.27,0.91,0,0.18,0,33.19,5.95,6.69,0.0,45.82,905.7,-403.0,4.990000000000009,-14.79
Dec 2018,121.84,1.16,54.98,0.07,49.07,0.22,0.73,-1.27,3.22,0,-0.27,0,117.45,7.49,5.06,0.0,130.01,943.93,-403.91,38.2299999999999,-0.910000000000025
Jan 2019,13.81,0.13,33.81,7.12,22.35,0.22,0.73,-1.26,0.36,0,-0.5,0,13.32,5.18,5.3,0.0,23.81,989.71,-402.95,45.78000000000011,0.9600000000000359
Feb 2019,17.8,0.22,49.43,27.55,24.03,8.77,0.73,-1.26,0.47,0,-0.73,0,17.11,7.57,8.54,0.01,33.23,1008.53,-405.07,18.819999999999897,-2.12
Mar 2019,62.45,0.63,86.97,107.76,1.56,33.78,2.39,-0.96,1.65,0,-1.28,0,60.17,13.33,15.24,4.06,92.79,1017.24,-407.33,8.71000000000004,-2.25999999999999
Apr 2019,89.41,0.88,94.55,88.06,16.68,22.4,3.25,-0.65,2.36,0,-1.38,0,86.17,14.47,20.92,11.21,132.77,973.13,-414.36,-44.11,-7.03000000000003
May 2019,14.39,0.11,111.24,99.75,29.55,33.33,5.13,0.19,0.38,0,-1.58,0,13.9,16.95,28.74,28.78,88.37,950.38,-428.48,-22.75,-14.12
Jun 2019,402.08,4.21,48.77,129.19,13.32,96.28,5.33,0.25,10.62,0,-0.7,0,387.25,7.44,29.8,34.05,458.54,922.8,-463.39,-27.58,-34.91
Jul 2019,937.15,10.36,72.26,137.75,7.81,72.98,4.76,0.06,24.76,0,-1.08,0,902.04,11.11,25.17,33.01,971.33,815.13,-492.6,-107.67,-29.21
Aug 2019,1063.13,12.02,93.58,110.93,11.98,30.31,4.13,-0.14,28.08,0,-1.41,0,1023.03,14.4,19.1,28.94,1085.47,729.48,-506.63,-85.65,-14.03
Sep 2019,697.96,7.77,63.13,59.21,21.86,18.92,3.94,-0.22,18.44,0,-0.94,0,671.74,9.7,16.09,23.55,721.08,696.33,-513.17,-33.15,-6.539999999999959
Oct 2019,113.63,1.24,24.97,14.53,11.92,3.69,3.55,-0.41,3.0,0,-0.35,0,109.38,3.8,11.97,13.66,138.81,687.34,-523.38,-8.990000000000009,-10.21
Nov 2019,141.06,1.75,32.06,0.51,29.1,0.25,0.77,-1.27,3.73,0,-0.48,0,135.58,4.93,5.7,0.1,146.31,687.56,-538.35,0.219999999999914,-14.97
Dec 2019,8.95,0.07,28.94,0.08,25.55,0.22,0.73,-1.28,0.24,0,0.13,0,8.64,3.48,4.02,0.0,16.14,712.76,-537.24,25.2,1.11000000000001
Jan 2020,35.53,0.28,28.8,7.23,18.07,0.22,0.73,-1.28,0.94,0,-0.43,0,34.31,4.42,4.82,0.0,43.55,736.07,-538.88,23.3100000000001,-1.63999999999999
Feb 2020,10.05,0.1,22.33,27.89,24.01,32.57,0.73,-1.28,0.27,0,-0.33,0,9.68,3.42,6.71,0.0,19.82,751.11,-540.38,15.04,-1.5
Mar 2020,4.61,0.05,28.44,108.65,0.81,84.91,1.43,-1.13,0.12,0,-0.42,0,4.44,4.36,13.56,2.36,24.71,737.85,-542.45,-13.26,-2.07000000000005
Apr 2020,5.23,0.04,58.52,88.29,20.32,58.13,4.4,-0.06,0.14,0,-0.82,0,5.05,8.89,19.11,23.47,56.53,642.75,-547.67,-95.1,-5.21999999999991
May 2020,183.45,1.71,114.99,100.34,29.05,28.59,4.86,0.08,4.85,0,-1.65,0,176.89,17.56,22.12,28.3,244.87,590.3,-576.28,-52.45,-28.61
Jun 2020,413.95,4.54,56.86,129.61,13.21,89.29,5.23,0.21,10.94,0,-0.81,0,398.47,8.68,23.47,33.36,463.98,573.43,-606.18,-16.87,-29.9
Jul 2020,1351.01,15.66,86.26,141.13,6.77,57.97,4.15,-0.14,35.69,0,-1.32,0,1299.66,13.31,19.4,32.9,1365.27,478.92,-634.45,-94.5099999999999,-28.2700000000001
Aug 2020,1187.43,13.6,68.05,112.96,6.31,47.09,3.94,-0.22,31.37,0,-1.05,0,1142.47,10.51,15.04,28.85,1196.86,412.61,-637.28,-66.31,-2.8299999999999303
Sep 2020,2538.79,28.28,160.24,70.72,111.8,16.33,1.62,-1.01,67.07,0,-2.52,0,2443.44,24.85,8.94,21.62,2498.85,360.96,-639.96,-51.65,-2.68000000000006
Oct 2020,932.43,10.62,77.95,19.29,59.57,1.13,1.63,-1.06,24.63,0,-1.2,0,897.18,12.05,6.88,6.62,922.73,450.12,-599.68,89.16,40.2800000000001
Nov 2020,168.69,1.62,55.41,0.08,49.6,0.22,0.74,-1.29,4.46,0,-0.68,0,162.61,8.26,3.88,0.0,174.76,504.37,-585.56,54.25,14.12
Dec 2020,1673.21,22.08,99.02,11.01,96.53,0.23,0.74,-1.28,44.2,0,-1.55,0,1606.93,15.33,3.35,0.0,1625.61,551.89,-583.81,47.52,1.75
Jan 2021,451.15,5.45,72.82,9.2,59.19,0.23,0.74,-1.28,11.92,0,-1.1,0,433.78,11.2,4.05,0.0,449.04,646.86,-543.18,94.97,40.63
Feb 2021,138.35,1.39,46.5,28.04,24.09,10.7,0.74,-1.28,3.65,0,-0.69,0,133.31,7.14,5.43,0.0,145.88,703.8,-534.37,56.9399999999999,8.809999999999949
Mar 2021,239.99,2.45,97.57,108.71,4.22,26.44,0.74,-1.28,6.34,0,-1.45,0,231.21,14.97,9.6,0.0,255.78,713.78,-533.43,9.980000000000018,0.940000000000055
Apr 2021,205.12,2.11,98.18,88.83,14.53,16.68,1.71,-1.06,5.42,0,-1.45,0,197.6,15.06,14.18,4.15,230.98,683.97,-530.55,-29.8099999999999,2.88
May 2021,799.28,8.19,222.41,101.56,102.46,4.26,3.87,-0.27,21.11,0,-3.28,0,769.98,34.11,21.08,26.61,851.77,670.4,-533.5,-13.5700000000001,-2.95000000000005
Jun 2021,38.77,0.41,189.85,125.77,45.19,6.96,5.81,0.41,1.02,0,-2.72,0,37.34,28.97,27.26,33.54,127.11,751.67,-546.42,81.27,-12.92
Jul 2021,933.39,10.6,107.0,137.58,7.78,42.6,4.72,0.05,24.66,0,-1.59,0,898.14,16.43,24.25,32.72,971.53,768.06,-587.06,16.39,-40.64
Aug 2021,1894.78,21.26,181.19,113.8,91.59,28.12,3.02,-0.52,50.05,0,-2.76,0,1823.47,27.94,17.02,27.92,1896.35,713.66,-601.37,-54.4,-14.3100000000001
Sep 2021,566.2,6.18,70.35,61.18,27.71,22.1,4.07,-0.18,14.96,0,-1.04,0,545.07,10.79,16.76,22.95,595.56,763.65,-585.54,49.99,15.83
Oct 2021,437.2,5.37,55.42,16.47,38.39,1.76,2.16,-0.89,11.55,0,-0.83,0,420.28,8.52,9.76,7.13,445.69,756.73,-598.82,-6.919999999999959,-13.2800000000001
Nov 2021,1385.0,16.97,170.91,5.92,158.45,0.23,0.74,-1.27,36.59,0,-2.59,0,1331.45,26.33,5.82,0.0,1363.59,786.66,-598.28,29.9299999999999,0.5400000000000771
Dec 2021,16.24,0.14,49.82,0.08,43.89,0.23,0.74,-1.27,0.43,0,0.21,0,15.67,6.0,4.02,0.0,25.7,941.07,-566.3,154.41,31.98
Jan 2022,519.27,5.79,109.06,8.23,91.72,0.23,0.74,-1.26,13.72,0,-1.63,0,499.76,16.77,5.44,0.0,521.97,982.72,-567.66,41.65,-1.36000000000001
Feb 2022,325.51,3.78,68.06,28.6,34.03,0.23,0.74,-1.26,8.6,0,-1.02,0,313.13,10.46,7.04,0.0,330.63,1070.78,-557.59,88.0599999999999,10.069999999999899
Mar 2022,510.34,5.32,135.54,108.9,39.41,26.25,0.8,-1.25,13.48,0,-2.02,0,491.55,20.82,14.33,0.23,526.92,1099.55,-552.01,28.77,5.580000000000041
Apr 2022,358.7,3.78,171.07,87.99,65.04,1.89,2.7,-0.84,9.48,0,-2.52,0,345.45,26.23,20.56,8.02,400.26,1100.43,-542.83,0.880000000000109,9.179999999999948
May 2022,71.77,0.74,206.81,98.61,86.14,5.81,4.95,0.14,1.9,0,-2.98,0,69.14,31.59,30.76,27.66,159.14,1146.56,-547.44,46.129999999999896,-4.610000000000009
Jun 2022,300.25,3.54,217.74,126.46,71.16,6.47,5.42,0.3,7.93,0,-3.15,0,288.79,33.28,34.19,33.68,389.94,1200.95,-581.0,54.39000000000011,-33.5599999999999
Jul 2022,897.95,10.2,133.21,136.04,11.14,22.24,4.7,0.06,23.72,0,-1.97,0,864.04,20.43,30.64,32.04,947.15,1236.56,-615.02,35.6099999999999,-34.02
Aug 2022,1449.69,15.98,170.27,109.89,82.0,29.27,3.61,-0.31,38.3,0,-2.57,0,1395.41,26.21,23.77,28.33,1473.72,1199.46,-629.94,-37.0999999999999,-14.9200000000001
Sep 2022,1245.89,15.39,70.16,64.2,31.54,19.94,2.88,-0.5,32.91,0,-1.08,0,1197.59,10.84,19.28,21.78,1249.48,1232.33,-626.47,32.8699999999999,3.47000000000003
Oct 2022,213.62,2.4,41.27,14.65,27.04,3.73,3.53,-0.38,5.64,0,-0.59,0,205.58,6.3,16.51,14.64,243.02,1228.04,-619.8,-4.28999999999996,6.67000000000007
Nov 2022,187.63,2.04,72.43,0.08,64.9,0.23,0.75,-1.25,4.96,0,-0.62,0,180.63,10.34,7.8,0.0,198.77,1238.74,-633.29,10.7,-13.49
Dec 2022,22.98,0.25,40.96,0.08,36.2,0.23,0.75,-1.25,0.61,0,0.1,0,22.12,5.07,5.07,0.0,32.25,1297.62,-630.96,58.879999999999896,2.3299999999999303
Jan 2023,385.54,4.34,91.86,7.65,76.04,0.23,0.75,-1.25,10.18,0,-1.37,0,371.02,14.12,6.39,0.0,391.52,1330.52,-632.25,32.9000000000001,-1.2899999999999598
Feb 2023,295.88,3.47,64.23,28.33,30.69,0.23,0.75,-1.25,7.82,0,-0.96,0,284.59,9.87,8.39,0.0,302.86,1401.94,-625.44,71.4200000000001,6.80999999999995
Mar 2023,133.48,1.35,63.5,108.58,0.09,52.63,0.84,-1.23,3.53,0,-0.94,0,128.61,9.74,17.01,0.26,155.62,1426.0,-620.59,24.0599999999999,4.85000000000002
Apr 2023,101.06,0.83,87.38,88.05,15.97,27.91,3.05,-0.75,2.67,0,-1.28,0,97.55,13.39,24.46,8.63,144.03,1358.53,-620.34,-67.47,0.25
May 2023,19.18,0.19,138.62,99.39,29.52,9.26,5.13,0.2,0.51,0,-1.98,0,18.48,21.14,34.47,28.61,102.7,1325.93,-631.38,-32.5999999999999,-11.04
Jun 2023,82.18,0.95,39.29,128.05,14.62,107.84,6.11,0.53,2.17,0,-0.52,0,79.06,5.93,40.05,37.22,162.25,1316.65,-666.39,-9.279999999999971,-35.01
Jul 2023,872.32,9.97,72.72,136.94,8.17,72.5,4.92,0.14,23.04,0,-1.08,0,839.3,11.17,31.49,33.76,915.72,1188.97,-707.54,-127.68,-41.15
Aug 2023,1139.73,13.01,93.92,110.39,13.66,30.17,4.08,-0.14,30.11,0,-1.42,0,1096.61,14.46,23.81,29.38,1164.26,1097.93,-724.12,-91.04,-16.58
Sep 2023,1088.12,12.05,90.91,60.16,48.31,18.15,3.31,-0.42,28.74,0,-1.38,0,1047.33,14.02,18.68,22.48,1102.51,1061.84,-729.04,-36.0900000000001,-4.91999999999996
Oct 2023,332.15,3.82,41.98,15.36,28.25,3.62,3.43,-0.41,8.77,0,-0.61,0,319.55,6.43,15.5,15.1,356.58,1077.04,-727.9,15.2,1.13999999999999
Nov 2023,118.92,1.22,58.27,0.08,51.97,0.23,0.75,-1.26,3.14,0,-0.3,0,114.56,7.97,6.45,0.0,128.97,1090.01,-738.68,12.97,-10.78
Dec 2023,171.98,1.91,51.06,0.08,46.08,0.23,0.75,-1.26,4.54,0,-0.71,0,165.52,7.76,5.16,0.0,178.44,1137.32,-737.85,47.309999999999896,0.829999999999927
Jan 2024,79.97,0.85,33.61,7.37,22.66,0.23,0.75,-1.26,2.11,0,-0.5,0,77.01,5.16,5.68,0.0,87.86,1180.01,-736.03,42.6900000000001,1.82000000000005
Feb 2024,194.4,2.09,42.73,28.23,24.14,13.49,0.76,-1.26,5.14,0,-0.64,0,187.17,6.57,8.34,0.0,202.08,1198.76,-736.43,18.75,-0.39999999999997704
Mar 2024,45.02,0.43,55.72,108.45,0.18,60.2,0.94,-1.22,1.19,0,-0.82,0,43.4,8.54,16.03,0.49,68.46,1203.1,-733.95,4.33999999999992,2.4799999999999
Apr 2024,90.65,0.75,152.26,87.1,47.6,2.78,3.34,-0.62,2.39,0,-2.22,0,87.51,23.3,23.18,11.66,145.65,1129.2,-736.23,-73.8999999999999,-2.27999999999997
May 2024,155.01,1.57,131.73,99.95,29.01,13.89,4.85,0.09,4.09,0,-1.89,0,149.34,20.11,30.6,27.63,227.69,1154.8,-751.68,25.5999999999999,-15.4499999999999
Jun 2024,448.07,4.79,101.85,128.49,13.07,49.02,5.2,0.21,11.84,0,-1.48,0,431.44,15.57,32.61,33.1,512.72,1144.08,-781.85,-10.72,-30.1700000000001
Jul 2024,1487.61,17.36,131.2,139.18,11.62,20.47,3.81,-0.23,39.3,0,-1.99,0,1430.96,20.21,26.71,31.19,1509.07,1080.51,-809.59,-63.569999999999894,-27.74
Aug 2024,1114.75,12.35,149.91,109.32,62.31,30.17,4.09,-0.16,29.45,0,-2.24,0,1072.96,23.03,22.91,28.76,1147.66,1048.99,-807.5,-31.52,2.09000000000003
Sep 2024,778.52,9.01,54.55,60.89,15.18,20.07,3.7,-0.28,20.57,0,-0.82,0,748.94,8.4,19.1,22.5,798.94,1062.47,-813.3,13.48,-5.79999999999995
Oct 2024,263.56,2.91,43.14,14.92,28.67,3.51,3.4,-0.44,6.96,0,-0.63,0,253.69,6.6,14.73,13.98,289.01,1042.44,-820.03,-20.03,-6.730000000000019
Nov 2024,342.7,4.09,64.37,0.87,58.9,0.24,0.77,-1.26,9.05,0,-0.97,0,329.56,9.9,7.43,0.03,346.92,1056.71,-831.53,14.27,-11.5
Dec 2024,76.91,0.81,39.08,0.08,34.91,0.24,0.76,-1.26,2.03,0,-0.2,0,74.06,5.34,4.79,0.0,84.19,1109.97,-825.51,53.26,6.019999999999981
Jan 2025,83.95,0.89,48.99,7.17,36.16,0.24,0.76,-1.26,2.22,0,-0.72,0,80.84,7.52,5.67,0.0,94.03,1141.88,-825.69,31.9100000000001,-0.180000000000064
Feb 2025,139.92,1.59,41.49,28.13,24.12,14.92,0.76,-1.26,3.7,0,-0.62,0,134.63,6.37,8.28,0.0,149.29,1174.15,-826.21,32.27,-0.519999999999982
Mar 2025,42.62,0.48,51.96,108.56,0.14,63.46,0.91,-1.23,1.13,0,-0.76,0,41.01,7.96,15.54,0.4,64.91,1177.09,-825.16,2.9399999999998303,1.05000000000007
Apr 2025,197.48,2.01,77.1,88.71,15.8,36.08,2.88,-0.8,5.22,0,-1.14,0,190.25,11.83,20.78,8.14,231.0,1100.36,-827.33,-76.73,-2.17000000000007
May 2025,292.71,3.04,54.9,101.62,28.55,79.82,4.57,-0.01,7.73,0,-0.79,0,281.94,8.38,28.17,26.79,345.27,1062.99,-835.08,-37.3699999999999,-7.75
Jun 2025,567.11,6.08,55.49,129.78,12.91,88.8,5.08,0.16,14.98,0,-0.81,0,546.05,8.5,30.3,33.48,618.33,988.12,-859.5,-74.87,-24.42
Jul 2025,1187.23,13.36,77.55,138.82,6.92,65.6,4.32,-0.09,31.36,0,-1.18,0,1142.5,11.96,25.1,31.86,1211.43,886.85,-883.73,-101.27,-24.23
Aug 2025,643.2,7.18,54.88,109.15,7.74,62.44,4.74,0.05,16.99,0,-0.81,0,619.03,8.41,20.88,28.8,677.12,807.48,-889.82,-79.37,-6.09000000000003
Sep 2025,1361.82,15.48,94.39,63.86,51.43,18.56,2.84,-0.58,35.97,0,-1.46,0,1310.37,14.59,14.23,21.64,1360.83,736.59,-907.13,-70.89,-17.3099999999999
Oct 2025,0.04,0.0,19.55,14.01,6.21,3.36,3.42,-0.49,0.0,0,-0.27,0,0.04,2.96,11.94,11.38,26.32,758.67,-897.68,22.0799999999999,9.45000000000005
Nov 2025,40.14,0.42,51.78,0.08,45.75,0.24,0.76,-1.27,1.06,0,0.02,0,38.66,6.58,6.28,0.0,51.51,753.48,-913.24,-5.18999999999994,-15.5600000000001
Dec 2025,213.97,2.48,53.13,0.44,48.04,0.24,0.77,-1.27,5.65,0,-0.79,0,205.84,8.17,3.92,0.0,217.92,794.75,-914.19,41.27,-0.950000000000045
Jan 2026,142.8,1.62,46.56,7.59,34.37,0.24,0.77,-1.27,3.77,0,-0.69,0,137.41,7.15,4.57,0.0,149.13,840.67,-911.37,45.92,2.82000000000005
Feb 2026,316.28,3.65,50.24,28.96,24.26,6.3,0.77,-1.27,8.36,0,-0.76,0,304.28,7.74,5.98,0.0,317.99,872.27,-910.33,31.6,1.0399999999999598
Mar 2026,58.02,0.5,74.57,108.22,0.09,43.57,0.85,-1.25,1.53,0,-1.1,0,55.99,11.43,12.51,0.23,80.16,886.29,-904.77,14.02,5.56000000000006
Apr 2026,163.77,1.67,118.32,88.06,18.4,2.86,3.34,-0.62,4.33,0,-1.73,0,157.78,18.12,19.7,12.61,208.2,832.4,-906.66,-53.89,-1.88999999999999
May 2026,96.62,1.09,92.07,100.48,29.36,49.4,5.02,0.14,2.55,0,-1.31,0,92.98,14.03,26.37,28.6,161.97,832.2,-920.63,-0.199999999999932,-13.97
Jun 2026,134.94,1.41,29.99,128.47,13.94,115.14,5.77,0.39,3.56,0,-0.4,0,129.97,4.52,28.19,34.37,197.04,790.67,-952.86,-41.5300000000001,-32.23
Jul 2026,1002.87,11.61,60.27,139.05,7.5,83.05,4.57,-0.0,26.49,0,-0.91,0,964.77,9.28,22.17,32.18,1028.4,666.67,-989.45,-124.0,-36.59
Aug 2026,1081.36,12.52,49.1,112.3,6.69,64.21,4.15,-0.14,28.57,0,-0.76,0,1040.28,7.59,17.47,29.28,1094.62,573.52,-1000.63,-93.15,-11.1799999999999
Sep 2026,1217.51,14.21,59.9,64.18,20.15,18.57,3.08,-0.51,32.16,0,-0.94,0,1171.14,9.28,12.59,22.34,1215.35,502.84,-1006.4,-70.68,-5.769999999999981
Oct 2026,106.98,1.52,15.41,15.08,4.19,4.47,3.23,-0.56,2.83,0,-0.21,0,102.64,2.34,9.73,11.2,125.91,495.41,-1001.1,-7.42999999999995,5.29999999999995
Nov 2026,149.98,1.56,69.95,0.08,62.24,0.24,0.77,-1.29,3.96,0,-0.67,0,144.45,10.1,5.07,0.0,159.62,489.19,-1013.48,-6.22000000000003,-12.38
Dec 2026,1604.58,21.87,70.02,11.6,70.76,0.24,0.77,-1.28,42.39,0,-1.12,0,1540.32,10.88,3.81,0.0,1555.02,548.18,-1012.24,58.99,1.24000000000001
Jan 2027,199.31,2.37,52.43,7.99,39.79,0.24,0.77,-1.28,5.26,0,-0.78,0,191.67,8.06,4.15,0.0,203.87,616.94,-973.02,68.7600000000001,39.22
Feb 2027,150.15,1.59,47.8,28.17,24.11,9.51,0.77,-1.28,3.97,0,-0.71,0,144.6,7.34,5.13,0.0,157.07,654.38,-970.59,37.4399999999999,2.4299999999999504
Mar 2027,44.95,0.51,42.77,108.68,0.71,72.03,1.36,-1.15,1.19,0,-0.63,0,43.25,6.56,12.5,2.14,64.45,665.9,-969.39,11.52,1.2000000000000501
Apr 2027,522.85,4.98,145.81,89.03,45.51,3.95,3.68,-0.36,13.81,0,-2.15,0,504.06,22.35,16.95,22.5,565.87,584.59,-973.48,-81.3099999999999,-4.09000000000003
May 2027,1723.55,19.67,218.06,107.75,102.46,2.75,2.64,-0.66,45.53,0,-3.29,0,1658.35,33.56,18.37,27.02,1737.3,613.23,-988.36,28.64,-14.88
Jun 2027,611.59,6.68,68.53,130.32,12.64,77.23,4.93,0.1,16.16,0,-1.0,0,588.75,10.5,24.22,32.68,656.15,697.86,-976.43,84.63,11.930000000000101
Jul 2027,923.12,10.36,67.68,138.38,7.7,77.43,4.73,0.03,24.39,0,-1.02,0,888.37,10.41,21.51,32.24,952.53,613.89,-998.8,-83.97,-22.37
Aug 2027,884.26,9.77,81.22,80.34,11.17,11.78,4.5,-0.05,23.36,0,-1.21,0,851.13,12.48,16.18,29.43,909.22,527.35,-1012.37,-86.54,-13.5700000000001
Sep 2027,781.39,8.9,53.68,45.85,13.64,4.36,3.87,-0.26,20.64,0,-0.81,0,751.85,8.26,13.33,23.69,797.13,515.11,-1024.21,-12.24,-11.84
Oct 2027,4.84,0.04,15.14,14.09,4.65,5.64,3.51,-0.48,0.13,0,-0.2,0,4.67,2.28,10.3,11.85,29.11,515.19,-1032.2,0.0800000000000409,-7.990000000000009
Nov 2027,23.23,0.17,54.9,0.08,48.37,0.24,0.78,-1.29,0.61,0,0.24,0,22.45,6.61,4.47,0.0,33.53,507.89,-1048.11,-7.30000000000007,-15.9099999999999
Dec 2027,228.69,2.77,47.48,0.85,43.06,0.24,0.78,-1.28,6.04,0,-0.71,0,219.88,7.3,3.75,0.0,230.93,553.61,-1049.32,45.72,-1.2100000000000402
Jan 2028,542.36,6.36,94.68,9.32,78.83,0.24,0.78,-1.28,14.33,0,-1.42,0,521.67,14.56,4.12,0.0,540.36,594.74,-1046.05,41.13,3.2699999999999796
Feb 2028,246.08,2.71,56.11,28.57,24.18,1.71,0.78,-1.28,6.5,0,-0.84,0,236.87,8.63,6.28,0.0,251.78,671.26,-1035.2,76.52,10.8499999999999
Mar 2028,403.19,4.24,87.94,109.61,0.09,29.73,0.87,-1.26,10.65,0,-1.32,0,388.3,13.52,10.86,0.34,413.03,689.5,-1031.6,18.24,3.60000000000014
Apr 2028,172.59,1.54,135.35,87.74,32.6,2.2,3.0,-0.79,4.56,0,-1.99,0,166.49,20.74,15.43,8.66,211.32,651.14,-1024.74,-38.36,6.8599999999999
May 2028,82.43,0.69,142.0,99.52,29.28,5.75,4.96,0.1,2.18,0,-2.04,0,79.56,21.68,22.77,27.34,151.34,669.9,-1034.62,18.76,-9.87999999999988
Jun 2028,253.57,2.83,76.56,110.41,21.5,63.1,5.56,0.31,6.7,0,-1.09,0,244.03,11.67,25.56,33.89,315.15,675.52,-1066.68,5.62,-32.0600000000002
Jul 2028,1746.61,20.39,91.95,84.08,19.42,3.96,3.5,-0.35,46.14,0,-1.44,0,1680.07,14.24,16.58,31.17,1742.06,613.61,-1100.21,-61.91,-33.53
Aug 2028,2175.86,24.22,160.11,77.79,87.19,2.93,2.81,-0.61,57.48,0,-2.48,0,2094.15,24.76,13.67,28.12,2160.69,616.34,-1090.52,2.7300000000000204,9.690000000000051
Sep 2028,973.89,10.88,78.4,46.01,36.12,3.75,3.44,-0.4,25.73,0,-1.19,0,937.28,12.08,13.93,22.07,985.37,690.36,-1067.06,74.02,23.46
Oct 2028,296.14,3.43,46.33,16.24,30.61,3.51,2.94,-0.66,7.82,0,-0.68,0,284.89,7.11,10.97,10.48,313.44,712.64,-1068.43,22.28,-1.37000000000012
Nov 2028,555.22,6.63,105.69,1.82,96.08,0.25,0.78,-1.27,14.67,0,-1.58,0,533.92,16.25,5.82,0.0,555.99,732.36,-1075.37,19.72,-6.93999999999983
Dec 2028,12.45,0.11,42.9,0.09,37.81,0.25,0.78,-1.27,0.33,0,0.18,0,12.01,5.18,4.33,0.0,21.51,824.44,-1064.34,92.08,11.03
Jan 2029,635.15,7.65,113.79,9.3,96.6,0.25,0.78,-1.27,16.78,0,-1.71,0,610.72,17.5,5.01,0.0,633.23,859.73,-1065.89,35.29,-1.55000000000018
Feb 2029,318.48,3.65,63.62,28.69,30.0,0.25,0.78,-1.27,8.41,0,-0.95,0,306.41,9.78,6.49,0.0,322.69,953.12,-1052.87,93.39,13.0200000000002
Mar 2029,378.39,4.13,84.98,109.42,0.07,32.17,0.85,-1.25,10.0,0,-1.27,0,364.26,13.06,13.37,0.24,390.93,978.42,-1047.46,25.3,5.40999999999985
Apr 2029,166.62,1.8,93.61,88.49,16.09,22.14,3.03,-0.76,4.4,0,-1.37,0,160.42,14.34,19.58,9.2,203.54,935.06,-1041.08,-43.36,6.380000000000111
May 2029,114.08,1.01,202.48,98.74,82.4,5.67,4.9,0.09,3.01,0,-2.92,0,110.06,30.94,26.7,27.19,194.89,913.22,-1051.04,-21.8399999999999,-9.96000000000004
Jun 2029,152.26,1.55,88.38,127.6,14.0,63.88,5.84,0.4,4.02,0,-1.25,0,146.69,13.46,32.07,34.87,227.09,968.05,-1082.94,54.82999999999989,-31.9000000000001
Jul 2029,1065.64,11.71,79.7,138.0,7.36,65.01,4.59,-0.01,28.15,0,-1.21,0,1025.78,12.28,25.87,32.49,1096.42,891.53,-1120.47,-76.52,-37.53
Aug 2029,1221.56,13.63,113.14,111.04,30.02,30.01,4.04,-0.19,32.27,0,-1.71,0,1175.66,17.42,20.26,29.34,1242.68,812.61,-1130.63,-78.92,-10.1600000000001
Sep 2029,1734.9,20.42,90.06,65.38,49.43,16.88,2.38,-0.72,45.83,0,-1.42,0,1668.65,13.97,14.39,21.8,1718.8,796.59,-1133.64,-16.02,-3.0099999999999905
Oct 2029,57.94,0.51,33.81,14.13,17.15,1.65,2.19,-0.92,1.53,0,-0.5,0,55.91,5.18,9.82,4.9,75.8,817.86,-1114.12,21.27,19.5200000000002
Nov 2029,109.35,1.2,50.02,0.09,44.65,0.25,0.79,-1.27,2.89,0,-0.46,0,105.27,7.19,6.26,0.0,118.72,826.65,-1121.09,8.78999999999996,-6.97000000000003
Dec 2029,857.97,11.19,76.34,4.37,72.79,0.25,0.79,-1.27,22.66,0,-1.17,0,824.12,11.78,4.37,0.0,840.27,866.85,-1120.72,40.2,0.36999999999989097
Jan 2030,195.17,2.49,43.52,8.06,32.16,0.25,0.79,-1.27,5.16,0,-0.65,0,187.52,6.69,4.59,0.0,198.8,937.08,-1101.28,70.23,19.4400000000001
Feb 2030,224.63,2.51,57.76,28.3,24.2,0.25,0.79,-1.27,5.93,0,-0.86,0,216.18,8.88,6.6,0.0,231.66,966.46,-1098.83,29.38,2.45000000000005
Mar 2030,53.06,0.57,51.08,108.61,0.13,64.18,0.92,-1.24,1.4,0,-0.75,0,51.09,7.83,13.8,0.37,73.1,985.88,-1095.81,19.42,3.0199999999999796
Apr 2030,38.44,0.32,42.05,88.62,6.42,58.5,3.06,-0.78,1.02,0,-0.62,0,37.11,6.44,18.98,7.93,70.46,910.18,-1097.69,-75.7,-1.88000000000011
May 2030,63.61,0.58,38.06,50.6,23.65,40.85,4.96,0.11,1.68,0,-0.52,0,61.35,5.76,25.25,27.19,119.55,842.97,-1109.06,-67.2099999999999,-11.3699999999999
Jun 2030,287.31,3.17,32.12,10.93,26.53,6.6,5.56,0.32,7.59,0,-0.44,0,276.55,4.87,25.18,34.33,340.92,805.36,-1139.94,-37.61,-30.8800000000001
Jul 2030,2385.82,26.0,142.44,41.71,109.97,3.08,2.96,-0.56,63.03,0,-2.24,0,2296.79,22.09,18.62,30.88,2368.38,805.36,-1172.36,0.0,-32.4199999999998
Aug 2030,938.54,10.59,51.51,70.52,21.09,36.68,4.3,-0.1,24.79,0,-0.79,0,903.16,7.94,19.76,28.28,959.14,897.15,-1145.98,91.79,26.3799999999999
Sep 2030,3067.34,37.28,101.8,65.31,66.58,7.05,1.31,-1.07,81.03,0,-1.69,0,2949.03,15.93,13.73,21.71,3000.39,866.21,-1154.66,-30.9399999999999,-8.68000000000006
Oct 2030,11.82,0.11,12.95,15.08,3.81,7.62,3.11,-0.6,0.31,0,-0.18,0,11.41,1.96,13.05,9.62,36.03,914.38,-1099.4,48.17,55.26
Nov 2030,290.91,3.37,69.89,0.5,63.31,0.25,0.79,-1.27,7.68,0,-1.04,0,279.86,10.74,7.0,0.0,297.6,901.23,-1112.59,-13.15,-13.1899999999998
Dec 2030,10.54,0.09,34.19,0.09,30.17,0.25,0.79,-1.26,0.28,0,0.15,0,10.18,4.11,4.8,0.0,19.09,959.35,-1108.01,58.12,4.57999999999993
Jan 2031,118.7,1.38,49.58,7.41,36.93,0.25,0.79,-1.26,3.14,0,-0.74,0,114.18,7.61,5.2,0.0,127.0,986.53,-1109.63,27.1799999999999,-1.62000000000012
Feb 2031,46.32,0.56,31.59,27.93,24.15,24.31,0.9,-1.24,1.22,0,-0.47,0,44.53,4.85,9.74,0.28,59.4,1020.06,-1109.29,33.53,0.340000000000146
Mar 2031,11.04,0.1,42.4,108.22,1.69,73.28,2.59,-0.94,0.29,0,-0.62,0,10.66,6.5,16.5,4.42,38.08,1012.32,-1110.96,-7.7399999999999,-1.67000000000007
Apr 2031,58.34,0.41,37.41,88.68,6.75,62.77,4.31,-0.11,1.54,0,-0.52,0,56.38,5.68,22.42,22.44,106.91,927.75,-1119.24,-84.57000000000009,-8.279999999999971
May 2031,93.82,1.02,41.04,23.25,26.11,12.96,5.14,0.18,2.48,0,-0.56,0,90.32,6.22,26.08,29.46,152.08,853.73,-1145.07,-74.02,-25.8299999999999
Jun 2031,231.73,2.53,20.26,1.41,24.55,5.96,5.76,0.16,6.12,0,-0.26,0,223.08,3.04,25.95,35.33,287.41,845.77,-1177.58,-7.960000000000041,-32.51
Jul 2031,1679.24,19.46,82.17,31.44,62.92,4.17,3.67,-0.29,44.36,0,-1.29,0,1615.42,12.74,20.57,31.89,1680.61,844.02,-1212.66,-1.75,-35.0800000000002
Aug 2031,1673.61,18.71,107.63,44.74,70.26,3.64,3.35,-0.42,44.21,0,-1.67,0,1610.69,16.65,18.51,28.19,1674.03,886.16,-1205.44,42.14,7.22000000000003
Sep 2031,795.58,10.06,13.37,44.15,8.28,30.86,3.61,-0.29,21.02,0,-0.22,0,764.51,2.08,17.65,22.32,806.55,938.05,-1194.86,51.89,10.580000000000199
Oct 2031,2961.38,36.78,115.28,30.24,105.96,0.25,0.8,-1.27,78.23,0,-1.88,0,2846.37,17.99,10.0,7.81,2882.17,901.72,-1200.27,-36.3299999999999,-5.41000000000008
Nov 2031,923.25,11.62,99.37,3.59,93.84,0.25,0.8,-1.26,24.39,0,-1.51,0,887.25,15.32,7.48,0.0,910.05,999.49,-1133.8,97.77,66.47
Dec 2031,210.22,2.34,55.93,0.13,50.64,0.25,0.8,-1.26,5.55,0,-0.84,0,202.32,8.59,4.99,0.0,215.9,1087.66,-1112.98,88.1700000000001,20.819999999999897
Jan 2032,98.81,0.99,38.65,7.33,27.2,0.25,0.8,-1.26,2.61,0,-0.58,0,95.21,5.94,5.47,0.0,106.62,1135.12,-1110.32,47.4599999999998,2.66000000000008
Feb 2032,28.28,0.28,29.31,27.85,24.03,26.34,0.8,-1.26,0.75,0,-0.43,0,27.25,4.5,8.08,0.0,39.82,1158.66,-1110.34,23.5400000000002,-0.0199999999999818
Mar 2032,235.57,2.68,53.76,109.27,0.17,60.45,0.97,-1.23,6.22,0,-0.81,0,226.67,8.27,15.82,0.55,251.31,1150.32,-1112.08,-8.34000000000015,-1.7400000000000102
Apr 2032,2.42,0.02,49.78,88.4,14.88,60.34,4.59,-0.01,0.06,0,-0.69,0,2.34,7.55,26.84,24.5,61.23,1076.41,-1109.41,-73.90999999999991,2.6699999999998503
May 2032,117.76,1.34,31.41,101.42,8.21,81.2,5.01,0.14,3.11,0,-0.42,0,113.31,4.75,29.41,28.54,176.01,1008.7,-1139.14,-67.71,-29.73
Jun 2032,77.06,0.88,6.81,24.65,13.7,31.57,6.04,0.34,2.04,0,-0.06,0,74.14,0.98,30.3,35.85,141.26,911.17,-1169.86,-97.5300000000001,-30.7199999999998
Jul 2032,1389.94,15.96,59.51,27.44,44.43,4.69,4.1,-0.16,36.72,0,-0.94,0,1337.27,9.23,21.69,32.16,1400.34,868.71,-1209.43,-42.4599999999999,-39.570000000000206
Aug 2032,1917.08,22.39,84.57,35.72,62.79,3.34,3.05,-0.5,50.64,0,-1.35,0,1844.05,13.14,17.79,28.35,1903.33,891.0,-1210.07,22.29,-0.6399999999998729
Sep 2032,1124.34,13.85,47.78,41.92,16.47,3.41,3.06,-0.48,29.7,0,-0.75,0,1080.78,7.4,15.96,21.42,1125.56,936.22,-1192.67,45.22,17.3999999999999
Oct 2032,161.48,1.7,27.56,15.51,13.5,3.57,2.95,-0.64,4.27,0,-0.4,0,155.51,4.22,13.0,9.79,182.52,936.85,-1188.66,0.629999999999995,4.009999999999991
Nov 2032,238.92,2.82,55.96,0.47,50.8,0.26,0.8,-1.27,6.31,0,-0.84,0,229.79,8.6,8.07,0.0,246.45,937.37,-1198.18,0.519999999999982,-9.519999999999982
Dec 2032,2047.14,25.86,140.28,9.26,137.62,0.26,0.8,-1.26,54.08,0,-2.18,0,1967.2,21.7,5.19,0.0,1994.1,981.91,-1194.77,44.54,3.41000000000008
Jan 2033,228.79,2.76,55.97,7.82,43.4,0.26,0.8,-1.26,6.04,0,-0.84,0,219.99,8.6,6.18,0.0,234.77,1116.15,-1144.94,134.24,49.82999999999989
Feb 2033,333.78,3.83,66.86,28.56,33.11,0.26,0.8,-1.26,8.82,0,-1.0,0,321.13,10.28,7.34,0.0,338.76,1155.18,-1141.79,39.03,3.15000000000009
Mar 2033,100.51,1.0,66.57,108.51,0.01,50.18,0.8,-1.26,2.66,0,-0.98,0,96.86,10.21,13.63,0.0,120.71,1182.75,-1136.04,27.5699999999999,5.75
Apr 2033,206.01,2.0,145.59,87.69,41.38,1.66,2.67,-0.91,5.44,0,-2.14,0,198.57,22.32,19.29,5.59,245.77,1121.01,-1136.43,-61.74,-0.3900000000001
May 2033,1284.09,15.31,196.43,104.26,83.81,3.58,3.23,-0.43,33.92,0,-2.93,0,1234.87,30.18,28.47,27.53,1321.04,1145.01,-1142.3,24.0,-5.869999999999889
Jun 2033,274.65,3.07,81.28,128.23,13.5,68.61,5.5,0.3,7.26,0,-1.16,0,264.32,12.39,34.17,33.32,344.21,1200.43,-1142.5,55.42000000000011,-0.200000000000045
Jul 2033,693.13,7.99,67.91,136.49,8.16,78.15,4.96,0.13,18.31,0,-1.0,0,666.83,10.41,28.84,31.42,737.49,1116.35,-1174.92,-84.0800000000002,-32.4200000000001
Aug 2033,1534.49,17.23,125.68,111.64,42.78,28.98,3.52,-0.36,40.54,0,-1.92,0,1476.72,19.39,21.63,28.18,1545.93,1022.35,-1193.85,-93.9999999999999,-18.9299999999998
Sep 2033,753.64,8.8,72.5,65.91,30.72,25.38,3.77,-0.27,19.91,0,-1.08,0,724.94,11.14,18.87,22.43,777.37,1018.4,-1187.31,-3.95000000000005,6.539999999999959
Oct 2033,420.39,5.06,35.49,16.17,23.35,3.89,3.53,-0.35,11.11,0,-0.52,0,404.22,5.44,15.42,17.17,442.25,1008.91,-1194.95,-9.490000000000009,-7.6400000000001
Nov 2033,91.39,1.08,42.58,0.14,38.08,0.3,0.96,-1.25,2.41,0,-0.41,0,87.9,6.15,8.11,0.35,102.51,1016.84,-1205.42,7.930000000000059,-10.47
Dec 2033,25.71,0.31,40.73,0.09,36.02,0.26,0.81,-1.26,0.68,0,0.04,0,24.73,5.13,5.65,0.0,35.51,1048.72,-1205.97,31.88,-0.549999999999955
Jan 2034,215.0,2.52,63.64,7.63,49.96,0.26,0.81,-1.26,5.68,0,-0.95,0,206.8,9.77,4.8,0.0,221.37,1080.9,-1207.32,32.1800000000001,-1.34999999999991
Feb 2034,306.49,3.37,74.17,28.27,39.24,0.26,0.81,-1.26,8.1,0,-1.11,0,295.02,11.4,8.29,0.0,314.71,1127.87,-1204.65,46.9699999999998,2.6699999999998503
Mar 2034,90.84,0.88,56.24,108.61,0.09,59.37,0.9,-1.24,2.4,0,-0.83,0,87.56,8.63,15.01,0.26,111.46,1160.64,-1199.73,32.7700000000002,4.92000000000007
Apr 2034,3.41,0.03,38.27,88.58,17.58,73.15,3.69,-0.49,0.09,0,-0.54,0,3.28,5.83,23.93,14.14,47.19,1088.49,-1200.57,-72.15000000000009,-0.8399999999999179
May 2034,44.84,0.43,65.9,100.55,8.33,51.64,5.09,0.16,1.18,0,-0.92,0,43.22,10.02,29.07,28.13,110.44,1013.17,-1219.34,-75.32000000000009,-18.77
Jun 2034,621.16,6.75,78.23,76.94,26.67,29.47,5.01,0.12,16.41,0,-1.15,0,598.01,11.98,27.89,33.24,671.12,945.73,-1252.15,-67.4399999999999,-32.8100000000002
Jul 2034,1375.0,16.02,71.13,56.84,24.97,4.55,3.98,-0.19,36.32,0,-1.1,0,1322.65,11.0,21.64,30.97,1386.26,919.92,-1275.0,-25.8100000000001,-22.8499999999999
Aug 2034,1343.02,15.37,79.23,50.92,36.83,4.16,3.71,-0.29,35.48,0,-1.23,0,1292.16,12.25,18.53,27.88,1350.82,922.86,-1274.92,2.94000000000005,0.0799999999999272
Sep 2034,964.49,10.86,56.66,44.01,19.42,3.79,3.47,-0.38,25.48,0,-0.87,0,928.15,8.75,16.68,22.14,975.71,941.01,-1272.56,18.15,2.36000000000013
Oct 2034,178.65,2.0,28.31,15.63,14.88,4.12,3.37,-0.51,4.72,0,-0.41,0,171.94,4.33,13.88,12.19,202.34,943.81,-1273.94,2.79999999999995,-1.38000000000011
Nov 2034,289.48,3.33,58.41,0.65,53.24,0.26,0.81,-1.27,7.65,0,-0.88,0,278.51,8.98,7.13,0.0,294.62,944.55,-1285.69,0.7400000000000091,-11.75
Dec 2034,131.19,1.57,38.18,0.19,34.53,0.26,0.81,-1.26,3.47,0,-0.57,0,126.16,5.87,5.05,0.0,137.08,992.48,-1281.0,47.930000000000106,4.69000000000005
Jan 2035,226.51,2.55,49.44,7.84,37.56,0.26,0.81,-1.26,5.98,0,-0.74,0,217.97,7.6,6.13,0.0,231.71,1023.77,-1280.18,31.29,0.8199999999999359
Feb 2035,110.06,1.22,46.63,27.95,24.09,10.66,0.82,-1.26,2.91,0,-0.69,0,105.93,7.16,8.83,0.01,121.94,1057.0,-1277.01,33.23,3.1700000000000697
Mar 2035,104.9,0.99,63.02,108.21,1.54,54.48,2.45,-0.97,2.77,0,-0.93,0,101.14,9.67,15.62,4.05,130.48,1063.68,-1276.88,6.680000000000059,0.129999999999882
Apr 2035,151.64,1.43,68.71,88.62,15.66,43.67,2.95,-0.82,4.01,0,-1.02,0,146.21,10.54,19.55,7.55,183.85,998.54,-1282.51,-65.1400000000001,-5.62999999999988
May 2035,17.75,0.11,33.04,62.23,12.08,45.69,5.41,0.26,0.47,0,-0.44,0,17.17,4.98,30.57,30.72,83.44,954.75,-1290.84,-43.79,-8.329999999999929
Jun 2035,608.52,6.98,52.06,30.87,26.74,5.79,4.95,0.11,16.08,0,-0.76,0,585.47,7.97,24.96,32.78,651.18,895.71,-1326.68,-59.04,-35.8400000000001
Jul 2035,920.17,10.39,50.01,31.06,27.88,5.49,4.73,0.04,24.31,0,-0.76,0,885.47,7.7,22.93,31.97,948.07,896.54,-1348.97,0.829999999999927,-22.29
Aug 2035,851.58,9.6,37.51,24.76,22.27,5.13,4.47,-0.05,22.5,0,-0.57,0,819.48,5.79,20.0,28.58,873.85,900.7,-1362.08,4.16000000000008,-13.1099999999999
Sep 2035,1712.96,20.15,74.14,33.39,52.96,2.41,2.37,-0.73,45.25,0,-1.19,0,1647.56,11.53,14.77,21.33,1695.19,902.35,-1373.26,1.64999999999998,-11.180000000000101
Oct 2035,350.65,3.82,38.0,16.24,23.49,3.19,2.76,-0.72,9.26,0,-0.57,0,337.56,5.84,12.82,9.63,365.86,941.23,-1353.62,38.88,19.640000000000104
Nov 2035,17.74,0.18,32.59,0.09,28.83,0.26,0.82,-1.26,0.47,0,0.08,0,17.1,4.02,6.92,0.0,28.04,952.19,-1358.04,10.96,-4.42000000000007
Dec 2035,18.88,0.19,24.0,0.09,21.32,0.26,0.82,-1.26,0.5,0,0.04,0,18.19,3.01,4.97,0.0,26.18,975.92,-1359.57,23.7299999999999,-1.5299999999999698
Jan 2036,307.65,3.32,84.46,7.58,68.75,0.26,0.82,-1.26,8.13,0,-1.26,0,296.2,12.98,5.54,0.0,314.72,994.08,-1361.12,18.160000000000103,-1.5499999999999499
Feb 2036,179.08,1.87,51.4,28.08,24.12,6.06,0.82,-1.26,4.73,0,-0.77,0,172.48,7.9,7.27,0.0,187.65,1059.11,-1356.33,65.0299999999999,4.78999999999996
Mar 2036,176.75,1.84,71.54,108.72,0.15,45.41,0.97,-1.23,4.67,0,-1.06,0,170.24,10.98,14.81,0.46,196.5,1071.99,-1354.44,12.8800000000001,1.88999999999987
Apr 2036,645.54,6.34,176.12,88.73,72.1,2.79,3.19,-0.63,17.05,0,-2.61,0,622.14,27.03,22.79,16.07,688.03,1014.12,-1353.51,-57.87,0.9300000000000641
May 2036,221.82,2.43,103.27,100.75,29.12,38.46,4.91,0.1,5.86,0,-1.48,0,213.53,15.76,30.13,28.76,288.19,1064.46,-1358.95,50.34,-5.44000000000005
Jun 2036,47.77,0.48,30.09,128.1,9.72,111.39,5.81,0.4,1.26,0,-0.39,0,46.02,4.52,31.34,33.08,114.96,1029.81,-1388.15,-34.6500000000001,-29.2
Jul 2036,1515.81,16.9,104.58,116.25,41.21,50.53,3.88,-0.26,40.04,0,-1.61,0,1458.87,16.15,23.83,31.02,1529.87,902.22,-1425.77,-127.59,-37.6199999999999
Aug 2036,1051.05,11.98,90.55,74.87,19.92,4.83,4.23,-0.13,27.77,0,-1.36,0,1011.3,13.93,19.11,28.95,1073.3,873.22,-1422.49,-29.0,3.27999999999997
Sep 2036,1319.88,15.15,81.36,47.39,40.83,3.03,2.88,-0.58,34.87,0,-1.26,0,1269.86,12.59,14.62,21.24,1318.31,873.56,-1429.4,0.33999999999991803,-6.91000000000008
Oct 2036,916.84,9.92,93.57,17.96,74.98,2.45,2.36,-0.85,24.22,0,-1.43,0,882.7,14.43,11.8,11.05,919.99,900.19,-1420.5,26.6300000000001,8.90000000000009
Nov 2036,100.29,1.1,57.83,0.09,51.47,0.26,0.82,-1.26,2.65,0,-0.32,0,96.53,7.95,6.91,0.0,111.39,964.13,-1411.96,63.9399999999999,8.53999999999996
Dec 2036,74.51,0.74,50.27,0.09,44.68,0.26,0.82,-1.26,1.97,0,-0.09,0,71.8,6.58,5.13,0.0,83.51,1010.51,-1411.72,46.38,0.24000000000000898
Jan 2037,115.13,1.17,65.26,7.04,50.61,0.26,0.82,-1.26,3.04,0,-0.97,0,110.91,10.01,5.55,0.0,126.48,1051.88,-1411.92,41.3700000000001,-0.200000000000045
Feb 2037,143.02,1.62,53.06,28.0,24.12,4.8,0.82,-1.26,3.78,0,-0.79,0,137.63,8.15,8.7,0.0,154.47,1098.76,-1411.93,46.879999999999896,-0.009999999999990909
Mar 2037,122.5,1.11,89.37,108.15,0.21,30.26,1.04,-1.22,3.24,0,-1.32,0,118.15,13.71,15.55,0.62,148.02,1111.46,-1411.02,12.7,0.9100000000000821
Apr 2037,36.58,0.33,108.52,87.65,17.51,11.33,3.68,-0.5,0.97,0,-1.57,0,35.29,16.59,23.73,14.06,89.68,1068.12,-1411.98,-43.3400000000001,-0.9600000000000359
May 2037,1652.01,20.09,207.56,106.45,95.46,3.08,2.8,-0.56,43.64,0,-3.12,0,1588.28,31.92,26.73,28.04,1674.97,1054.76,-1430.83,-13.3599999999999,-18.8499999999999
Jun 2037,98.39,1.13,65.26,127.85,13.66,84.13,5.67,0.36,2.6,0,-0.91,0,94.66,9.92,32.21,32.48,169.27,1123.78,-1421.71,69.02,9.11999999999989
Jul 2037,1969.75,22.9,131.68,141.49,29.77,35.0,3.22,-0.45,52.03,0,-2.04,0,1894.82,20.36,24.47,30.22,1969.86,1026.42,-1457.82,-97.3599999999999,-36.1099999999999
Aug 2037,1588.99,17.47,133.41,111.74,49.8,29.21,3.55,-0.37,41.98,0,-2.04,0,1529.54,20.59,21.07,28.55,1599.75,1000.39,-1441.71,-26.0300000000001,16.1099999999999
Sep 2037,585.07,6.96,65.05,47.23,23.29,7.52,3.87,-0.24,15.46,0,-0.96,0,562.65,9.97,17.4,21.27,611.29,1003.83,-1434.25,3.44000000000005,7.460000000000041
Oct 2037,598.21,7.85,34.14,17.81,22.02,2.58,2.68,-0.68,15.8,0,-0.52,0,574.56,5.26,13.09,12.03,604.94,1006.32,-1445.13,2.49000000000001,-10.8800000000001
Nov 2037,238.14,2.82,77.64,0.17,69.79,0.27,0.82,-1.26,6.29,0,-1.15,0,229.03,11.92,7.2,0.0,248.15,1016.03,-1445.24,9.709999999999921,-0.1099999999999
Dec 2037,2204.39,28.73,134.48,10.57,134.18,0.27,0.82,-1.26,58.23,0,-2.1,0,2117.43,20.82,4.8,0.0,2143.05,1080.43,-1442.18,64.4000000000001,3.05999999999995
Jan 2038,192.97,2.06,84.46,7.04,68.04,0.27,0.82,-1.26,5.1,0,-1.25,0,185.81,12.96,6.36,0.0,205.13,1211.63,-1388.14,131.2,54.04
Feb 2038,322.47,3.62,80.79,28.18,45.29,0.27,0.82,-1.25,8.52,0,-1.21,0,310.34,12.41,8.76,0.0,331.5,1275.12,-1386.37,63.4899999999998,1.77000000000021
Mar 2038,522.63,5.6,128.52,108.95,33.58,26.24,0.86,-1.25,13.81,0,-1.92,0,503.22,19.75,15.83,0.16,538.96,1313.47,-1381.14,38.3500000000001,5.22999999999979
Apr 2038,163.29,1.72,91.46,88.39,15.29,23.18,2.75,-0.88,4.31,0,-1.35,0,157.25,14.02,21.46,6.08,198.82,1307.09,-1371.52,-6.380000000000111,9.62000000000012
May 2038,189.09,1.84,66.72,100.92,28.99,70.57,4.91,0.09,5.0,0,-0.95,0,182.25,10.17,32.79,27.95,253.17,1281.37,-1378.26,-25.72,-6.740000000000009
Jun 2038,542.89,6.09,128.86,128.57,12.81,24.27,5.03,0.14,14.34,0,-1.88,0,522.46,19.72,32.71,32.41,607.31,1211.81,-1406.98,-69.55999999999989,-28.72
Jul 2038,1794.85,20.19,158.07,139.25,36.64,19.6,3.42,-0.4,47.41,0,-2.42,0,1727.25,24.38,26.5,29.97,1808.11,1172.51,-1431.82,-39.3,-24.8399999999999
Aug 2038,1845.38,20.79,139.73,112.24,57.08,28.24,3.16,-0.48,48.75,0,-2.15,0,1775.84,21.59,22.68,27.92,1848.02,1166.86,-1420.6,-5.650000000000089,11.22
Sep 2038,1450.04,17.46,96.4,67.15,54.99,21.68,2.52,-0.66,38.31,0,-1.49,0,1394.27,14.9,17.15,20.09,1446.41,1176.67,-1405.56,9.810000000000171,15.04
Oct 2038,989.84,11.08,137.39,16.93,113.57,1.12,1.7,-1.04,26.15,0,-2.08,0,952.61,21.16,12.23,6.55,992.54,1196.01,-1392.02,19.339999999999897,13.54
Nov 2038,610.04,7.33,127.31,1.01,116.23,0.27,0.83,-1.25,16.12,0,-1.9,0,586.6,19.56,8.05,0.0,614.22,1298.98,-1377.24,102.97,14.78
Dec 2038,222.34,2.71,62.57,0.13,56.74,0.27,0.83,-1.25,5.87,0,-0.93,0,213.75,9.61,5.61,0.0,228.97,1408.97,-1365.11,109.99,12.1300000000001
Jan 2039,526.43,6.13,106.72,7.95,90.36,0.27,0.83,-1.25,13.91,0,-1.6,0,506.39,16.41,6.17,0.0,528.97,1461.91,-1362.25,52.940000000000104,2.8599999999999
Feb 2039,266.79,3.12,68.59,28.09,34.37,0.27,0.83,-1.25,7.05,0,-1.02,0,256.62,10.54,10.18,0.0,277.34,1547.9,-1352.02,85.99,10.23
Mar 2039,495.07,5.11,148.83,108.24,51.39,26.33,0.9,-1.23,13.08,0,-2.22,0,476.88,22.86,18.2,0.3,518.24,1573.9,-1348.07,26.0,3.95000000000005
Apr 2039,260.53,2.45,231.96,86.36,118.58,2.66,3.26,-0.65,6.88,0,-3.4,0,251.2,35.53,28.0,11.88,326.61,1582.89,-1339.64,8.990000000000009,8.42999999999984
May 2039,316.12,3.72,190.71,99.64,73.92,5.52,4.77,0.07,8.35,0,-2.76,0,304.04,29.16,38.55,28.68,400.44,1674.72,-1351.95,91.8299999999999,-12.3099999999999
Jun 2039,1156.98,13.43,230.42,128.57,87.96,4.62,4.05,-0.15,30.56,0,-3.41,0,1112.98,35.35,37.05,31.46,1216.84,1709.26,-1379.74,34.54,-27.79
Jul 2039,1658.72,19.35,256.25,135.75,124.15,19.85,3.53,-0.32,43.82,0,-3.83,0,1595.54,39.38,33.35,30.0,1698.26,1759.76,-1388.25,50.5,-8.509999999999991
Aug 2039,1655.29,18.62,266.46,107.5,169.29,28.68,3.37,-0.39,43.73,0,-3.99,0,1592.94,40.96,29.33,27.92,1691.15,1834.56,-1382.1,74.8,6.150000000000089
Sep 2039,1890.59,23.01,259.92,68.72,180.24,2.09,2.08,-0.77,49.94,0,-3.91,0,1817.64,39.98,23.23,20.82,1901.66,1949.59,-1374.03,115.03,8.06999999999994
Oct 2039,605.96,6.68,249.11,108.6,115.38,2.71,2.89,-0.61,16.01,0,-3.67,0,583.27,38.19,23.46,12.69,657.61,2107.35,-1351.66,157.76,22.3699999999999
Nov 2039,504.07,5.95,130.69,81.62,37.16,0.27,0.83,-1.22,13.32,0,-1.95,0,484.81,20.07,13.94,0.0,518.82,2200.07,-1355.51,92.72000000000031,-3.84999999999991
Dec 2039,205.23,1.98,76.28,61.69,6.27,0.27,0.83,-1.22,5.42,0,-1.13,0,197.82,11.71,8.05,0.0,217.59,2225.07,-1346.2,25.0,9.309999999999949
Jan 2040,567.71,6.68,117.28,100.06,7.9,0.27,0.83,-1.22,15.0,0,-1.75,0,546.04,18.03,9.68,0.0,573.75,2225.07,-1343.97,0.0,2.23000000000002
Feb 2040,56.3,0.51,58.17,49.04,2.42,0.84,0.83,-1.22,1.49,0,-0.86,0,54.3,8.92,12.96,0.0,76.18,2225.07,-1332.78,0.0,11.1900000000001
Mar 2040,55.73,0.57,83.74,108.01,0.15,35.45,0.99,-1.2,1.47,0,-1.23,0,53.69,12.83,24.58,0.42,91.52,2215.75,-1334.21,-9.32000000000016,-1.4300000000000601
Apr 2040,28.22,0.28,218.07,112.51,78.88,3.22,3.65,-0.49,0.75,0,-3.17,0,27.19,33.36,37.78,13.55,111.87,2158.06,-1336.57,-57.690000000000104,-2.3599999999999
May 2040,350.86,3.8,213.26,141.97,51.2,5.63,4.9,0.12,9.27,0,-3.1,0,337.78,32.62,50.35,30.01,450.76,2200.07,-1356.67,42.010000000000204,-20.1000000000001
Jun 2040,391.73,4.17,226.97,154.63,51.46,6.36,5.44,0.3,10.35,0,-3.29,0,377.21,34.71,50.23,33.95,496.11,2200.07,-1385.3,0.0,-28.6299999999999
Jul 2040,929.45,10.57,162.0,133.69,36.83,20.4,4.69,0.06,24.55,0,-2.39,0,894.33,24.85,43.5,31.52,994.2,2200.07,-1417.34,0.0,-32.04
Aug 2040,1582.81,17.84,144.63,107.38,38.73,3.74,3.44,-0.36,41.81,0,-2.2,0,1523.16,22.3,34.39,27.71,1607.55,2177.63,-1431.33,-22.4400000000001,-13.99
Sep 2040,1195.46,14.32,83.66,67.67,23.73,5.05,2.99,-0.48,31.58,0,-1.28,0,1149.56,12.91,28.35,21.08,1211.91,2182.03,-1423.22,4.40000000000009,8.1099999999999
Oct 2040,15.0,0.12,37.84,14.65,22.26,4.16,3.92,-0.25,0.4,0,-0.53,0,14.49,5.75,26.33,14.81,61.37,2175.83,-1417.48,-6.200000000000269,5.740000000000009
Nov 2040,516.16,5.92,113.91,36.8,67.61,0.39,1.0,-1.19,13.64,0,-1.7,0,496.6,17.51,16.11,0.58,530.8,2171.76,-1436.59,-4.06999999999971,-19.109999999999896
Dec 2040,23.18,0.23,44.25,30.77,7.85,0.27,0.84,-1.22,0.61,0,-0.65,0,22.34,6.78,9.64,0.0,38.76,2225.07,-1427.43,53.309999999999896,9.15999999999985
Jan 2041,921.13,11.1,143.11,125.25,9.37,0.27,0.84,-1.22,24.33,0,-2.15,0,885.69,22.02,11.16,0.0,918.87,2225.07,-1429.53,0.0,-2.09999999999991
Feb 2041,304.86,3.35,90.63,68.97,12.72,0.27,0.84,-1.22,8.05,0,-1.35,0,293.45,13.92,14.51,0.0,321.88,2225.07,-1409.41,0.0,20.119999999999898
Mar 2041,320.04,3.49,78.62,108.42,0.14,37.36,0.98,-1.2,8.45,0,-1.18,0,308.1,12.08,24.94,0.5,345.62,2225.07,-1404.77,0.0,4.640000000000099
Apr 2041,55.55,0.55,76.69,88.11,16.29,37.78,3.22,-0.67,1.47,0,-1.12,0,53.53,11.74,34.5,9.51,109.28,2165.09,-1400.17,-59.98,4.59999999999991
May 2041,108.31,0.98,212.89,98.4,91.85,5.84,5.06,0.17,2.86,0,-3.07,0,104.47,32.53,46.17,28.12,211.29,2113.0,-1413.23,-52.0900000000001,-13.0599999999999
Jun 2041,567.48,6.44,223.12,126.11,78.45,5.9,5.06,0.18,14.99,0,-3.25,0,546.05,34.15,47.63,33.0,660.83,2157.73,-1446.45,44.73,-33.22
Jul 2041,1741.82,19.8,260.71,194.03,54.32,4.01,3.63,-0.29,46.01,0,-3.9,0,1676.01,40.08,41.69,31.42,1789.2,2187.54,-1472.59,29.8099999999999,-26.1399999999999
Aug 2041,1486.74,17.24,191.87,150.72,35.78,4.01,3.6,-0.29,39.27,0,-2.88,0,1430.22,29.5,35.65,28.38,1523.75,2200.07,-1465.82,12.5300000000002,6.769999999999981
Sep 2041,1322.94,14.86,124.18,96.2,28.67,3.08,2.96,-0.52,34.95,0,-1.89,0,1273.13,19.15,29.07,21.58,1342.92,2200.07,-1461.69,0.0,4.12999999999988
Oct 2041,1428.98,15.85,166.91,140.35,20.38,1.15,1.69,-1.0,37.75,0,-2.54,0,1375.38,25.73,21.92,10.42,1433.44,2200.07,-1453.7,0.0,7.990000000000009
Nov 2041,312.45,3.5,155.75,101.54,36.4,0.28,0.84,-1.22,8.25,0,-2.3,0,300.7,23.89,13.19,0.0,337.78,2200.07,-1431.6,0.0,22.1000000000001
Dec 2041,56.23,0.6,73.38,56.5,7.58,0.28,0.84,-1.22,1.49,0,-1.08,0,54.15,11.25,9.37,0.0,74.77,2225.07,-1427.71,25.0,3.88999999999987
Jan 2042,39.05,0.47,55.3,40.24,8.14,0.28,0.84,-1.22,1.03,0,-0.81,0,37.55,8.48,9.94,0.0,55.96,2225.07,-1429.37,0.0,-1.65999999999985
Feb 2042,35.66,0.33,72.49,51.17,11.88,0.28,0.84,-1.22,0.94,0,-1.06,0,34.38,11.11,13.67,0.0,59.16,2225.07,-1431.22,0.0,-1.8500000000001398
Mar 2042,21.43,0.17,105.24,107.61,0.35,17.13,1.2,-1.16,0.57,0,-1.54,0,20.69,16.12,26.41,0.97,64.19,2225.07,-1433.41,0.0,-2.19000000000005
Apr 2042,500.73,5.41,226.98,150.0,55.16,4.21,3.84,-0.24,13.23,0,-3.32,0,482.09,34.76,39.2,23.68,579.74,2184.24,-1437.71,-40.8300000000004,-4.29999999999995
May 2042,249.98,2.38,218.25,148.58,47.38,5.53,4.85,0.09,6.6,0,-3.17,0,240.99,33.38,46.6,27.91,348.87,2200.07,-1455.57,15.8300000000004,-17.859999999999896
Jun 2042,100.69,1.16,215.98,141.9,52.3,6.94,5.85,0.44,2.66,0,-3.11,0,96.87,32.98,50.77,33.92,214.54,2200.07,-1484.8,0.0,-29.23
Jul 2042,2436.31,26.41,285.11,235.09,39.88,3.05,2.98,-0.53,64.36,0,-4.33,0,2345.53,43.94,40.34,30.8,2460.61,2200.07,-1524.57,0.0,-39.77
Aug 2042,1333.07,15.08,177.88,137.03,35.43,4.17,3.77,-0.25,35.22,0,-2.67,0,1282.77,27.35,35.27,27.75,1373.15,2200.07,-1498.85,0.0,25.72
Sep 2042,1039.54,11.58,98.12,70.08,29.59,3.59,3.36,-0.4,27.46,0,-1.49,0,1000.5,15.11,29.76,21.64,1067.01,2200.07,-1498.07,0.0,0.779999999999973
Oct 2042,735.25,9.27,57.65,36.9,24.96,2.94,2.87,-0.56,19.42,0,-0.87,0,706.56,8.87,25.44,14.99,755.86,2200.07,-1497.49,0.0,0.579999999999927
Nov 2042,91.48,0.91,62.25,18.59,36.21,0.28,0.85,-1.22,2.42,0,-0.92,0,88.16,9.55,13.0,0.0,110.71,2200.07,-1497.35,0.0,0.14000000000010002
Dec 2042,916.04,11.81,71.07,65.25,8.02,0.28,0.85,-1.22,24.2,0,-1.1,0,880.04,10.98,9.82,0.0,900.83,2225.07,-1497.92,25.0,-0.5700000000001639
Jan 2043,19.38,0.16,40.64,25.32,10.13,0.28,0.85,-1.22,0.51,0,-0.6,0,18.7,6.23,11.93,0.0,36.86,2225.07,-1476.89,0.0,21.03
Feb 2043,410.28,4.48,99.84,76.59,14.16,0.29,0.87,-1.22,10.84,0,-1.49,0,394.96,15.34,15.96,0.06,426.33,2225.07,-1479.05,0.0,-2.15999999999985
Mar 2043,12.59,0.12,67.45,107.85,1.68,51.3,2.63,-0.9,0.33,0,-0.99,0,12.14,10.33,27.2,4.37,54.04,2225.07,-1471.85,0.0,7.20000000000005
Apr 2043,223.1,2.24,172.55,86.97,68.26,4.33,3.96,-0.21,5.89,0,-2.51,0,214.96,26.39,35.52,20.69,297.56,2151.78,-1480.41,-73.29,-8.560000000000171
May 2043,2.07,0.01,131.04,99.47,29.51,16.03,5.22,0.23,0.05,0,-1.87,0,2.0,19.98,47.5,28.38,97.85,2184.36,-1501.88,32.5799999999999,-21.47
Jun 2043,495.98,5.56,100.58,127.73,13.38,48.9,5.22,0.23,13.1,0,-1.46,0,477.31,15.38,48.39,33.3,574.39,2155.34,-1537.07,-29.02,-35.18999999999979
Jul 2043,872.14,9.96,116.2,134.49,8.01,32.45,4.94,0.14,23.04,0,-1.72,0,839.14,17.82,43.85,32.99,933.8,2076.43,-1563.72,-78.9100000000003,-26.6500000000001
Aug 2043,1403.66,15.6,165.75,107.17,79.78,28.61,3.87,-0.23,37.08,0,-2.5,0,1350.97,25.5,34.85,29.23,1440.56,2012.95,-1580.2,-63.4799999999998,-16.48
Sep 2043,607.41,7.16,39.57,67.45,6.18,32.37,3.99,-0.17,16.05,0,-0.59,0,584.2,6.08,29.47,22.25,642.0,2033.38,-1578.95,20.430000000000103,1.25
Oct 2043,1111.9,14.15,51.65,17.39,43.32,2.11,2.2,-0.77,29.37,0,-0.81,0,1068.38,8.01,21.92,13.74,1112.04,1981.88,-1589.91,-51.5,-10.96
Nov 2043,225.73,2.8,63.58,0.1,58.15,0.28,0.85,-1.23,5.96,0,-0.38,0,216.97,8.79,12.25,0.0,238.01,2004.15,-1578.06,22.27,11.850000000000101
Dec 2043,353.36,4.14,67.85,0.1,63.06,0.28,0.85,-1.23,9.33,0,-0.6,0,339.88,9.71,7.9,0.0,357.5,2051.85,-1574.56,47.6999999999998,3.5
Jan 2044,189.99,2.35,40.75,7.38,30.34,0.28,0.85,-1.22,5.02,0,-0.61,0,182.62,6.27,9.74,0.0,198.62,2108.81,-1567.9,56.96,6.65999999999985
Feb 2044,210.66,2.29,60.3,27.64,26.88,0.28,0.85,-1.22,5.56,0,-0.9,0,202.8,9.27,13.27,0.0,225.33,2131.21,-1565.58,22.4000000000001,2.32000000000016
Mar 2044,539.22,5.47,133.58,107.92,38.62,26.03,0.86,-1.22,14.24,0,-2.0,0,519.51,20.53,20.93,0.01,560.97,2146.61,-1562.99,15.4000000000001,2.58999999999992
Apr 2044,187.78,2.01,61.2,88.57,15.81,49.65,2.94,-0.78,4.96,0,-0.91,0,180.81,9.39,32.7,7.72,230.61,2140.36,-1552.83,-6.25,10.1600000000001
May 2044,227.18,2.14,81.87,100.48,28.81,56.6,4.82,0.07,6.0,0,-1.18,0,219.04,12.5,43.87,27.12,302.53,2077.54,-1560.22,-62.8200000000002,-7.3900000000001
Jun 2044,190.52,2.18,57.45,127.93,13.74,89.98,5.66,0.37,5.03,0,-0.8,0,183.31,8.73,46.84,33.17,272.05,2010.64,-1587.26,-66.89999999999989,-27.04
Jul 2044,1192.27,13.39,69.46,136.17,6.97,69.95,4.43,-0.05,31.5,0,-1.07,0,1147.39,10.72,39.76,32.14,1230.02,1892.85,-1621.49,-117.79,-34.23
Aug 2044,2148.69,25.03,140.39,110.48,61.71,26.3,2.87,-0.55,56.76,0,-2.18,0,2066.9,21.72,30.05,28.28,2146.95,1794.58,-1627.69,-98.27,-6.20000000000005
Sep 2044,1086.37,11.65,112.35,67.5,68.14,27.25,3.37,-0.43,28.7,0,-1.7,0,1046.02,17.31,26.25,21.84,1111.41,1803.34,-1604.8,8.759999999999991,22.8900000000001
Oct 2044,1577.3,18.13,97.01,17.86,85.13,1.38,1.77,-0.96,41.67,0,-1.53,0,1517.51,15.04,20.34,13.57,1566.46,1821.78,-1603.44,18.4400000000001,1.3599999999999
Nov 2044,262.47,2.95,89.26,0.1,80.74,0.28,0.86,-1.23,6.93,0,-0.33,0,252.58,11.99,11.97,0.01,276.55,1887.93,-1579.61,66.1500000000001,23.8300000000002
Dec 2044,112.99,1.6,44.25,0.1,40.19,0.28,0.86,-1.23,2.98,0,-0.25,0,108.41,6.09,8.45,0.0,122.95,1958.51,-1575.11,70.5799999999999,4.5
Jan 2045,348.49,4.22,92.99,7.02,77.57,0.28,0.86,-1.23,9.21,0,-1.38,0,335.07,14.28,9.4,0.0,358.75,1992.05,-1574.45,33.54,0.6599999999998539
Feb 2045,525.71,5.7,110.8,27.45,73.96,0.28,0.86,-1.23,13.89,0,-1.66,0,506.12,17.04,12.56,0.0,535.72,2062.03,-1568.72,69.9800000000002,5.730000000000019
Mar 2045,208.93,2.15,81.81,108.29,0.01,35.68,0.86,-1.22,5.52,0,-1.21,0,201.26,12.56,20.42,0.0,234.24,2125.23,-1558.58,63.1999999999998,10.1400000000001
Apr 2045,72.17,0.6,61.85,88.34,15.45,49.91,2.94,-0.81,1.91,0,-0.91,0,69.66,9.48,30.59,6.51,116.24,2071.21,-1556.36,-54.02,2.22000000000003
May 2045,19.02,0.19,168.75,98.95,52.79,6.13,5.26,0.23,0.5,0,-2.42,0,18.32,25.75,45.49,28.89,118.46,2009.91,-1565.62,-61.3,-9.259999999999991
Jun 2045,194.66,2.21,108.07,127.17,14.45,46.28,6.04,0.49,5.14,0,-1.54,0,187.31,16.47,51.58,37.01,292.37,2016.1,-1601.46,6.18999999999983,-35.8400000000001
Jul 2045,1038.05,11.15,92.92,135.25,7.69,51.77,4.87,0.09,27.42,0,-1.4,0,999.48,14.3,42.41,33.82,1090.01,1938.25,-1640.41,-77.84999999999991,-38.95
Aug 2045,1004.36,11.68,92.74,108.05,13.76,30.27,4.55,0.01,26.53,0,-1.39,0,966.15,14.25,35.37,31.0,1046.77,1856.55,-1653.0,-81.7,-12.5899999999999
Sep 2045,526.15,6.25,59.88,67.28,19.85,29.29,4.36,-0.07,13.9,0,-0.87,0,506.0,9.17,29.75,24.23,569.15,1809.22,-1663.4,-47.32999999999989,-10.4000000000001
Oct 2045,16.93,0.16,34.22,14.72,20.33,5.39,4.12,-0.18,0.45,0,-0.47,0,16.32,5.19,23.53,16.32,61.36,1774.45,-1679.03,-34.77,-15.6299999999999
Nov 2045,4.03,0.03,29.51,0.43,26.07,0.61,1.94,-1.15,0.11,0,0.15,0,3.89,3.52,16.24,2.19,25.84,1770.15,-1699.67,-4.29999999999995,-20.640000000000104
Dec 2045,10.61,0.09,31.82,0.1,28.14,0.29,0.87,-1.24,0.28,0,0.15,0,10.24,3.81,8.48,0.0,22.53,1782.46,-1704.7,12.3099999999999,-5.029999999999969
Jan 2046,240.31,2.86,51.68,7.48,40.17,0.29,0.87,-1.24,6.35,0,-0.77,0,231.1,7.95,9.55,0.0,248.59,1803.94,-1706.37,21.48,-1.66999999999985
Feb 2046,63.63,0.53,57.29,27.43,24.09,1.64,0.92,-1.23,1.68,0,-0.85,0,61.43,8.79,14.07,0.13,84.41,1836.38,-1702.9,32.4400000000001,3.4699999999998
Mar 2046,4.96,0.05,48.85,108.12,1.71,67.7,2.67,-0.91,0.13,0,-0.72,0,4.78,7.48,24.07,4.47,40.81,1846.9,-1704.34,10.52,-1.43999999999983
Apr 2046,4.82,0.04,45.66,88.48,20.51,69.59,4.64,0.01,0.13,0,-0.63,0,4.65,6.92,35.69,24.36,71.62,1760.42,-1712.97,-86.48,-8.630000000000111
May 2046,6.46,0.06,25.88,100.95,30.35,108.92,5.65,0.35,0.17,0,-0.33,0,6.23,3.88,45.17,32.79,88.06,1680.28,-1742.46,-80.1400000000001,-29.49
Jun 2046,606.41,6.68,45.56,129.41,13.23,96.72,5.19,0.19,16.02,0,-0.67,0,583.71,6.98,40.55,34.37,665.62,1561.85,-1780.7,-118.43,-38.24
Jul 2046,1267.78,13.63,105.64,136.66,7.06,39.13,4.56,-0.04,33.49,0,-1.61,0,1220.66,16.28,35.46,33.65,1306.05,1442.82,-1804.73,-119.03,-24.03
Aug 2046,1946.45,22.34,122.77,111.84,43.66,27.47,3.18,-0.47,51.42,0,-1.91,0,1872.69,19.0,26.59,28.91,1947.18,1379.9,-1811.1,-62.9199999999998,-6.369999999999889
Sep 2046,1705.17,20.16,83.28,71.94,45.57,25.69,2.5,-0.68,45.04,0,-1.32,0,1639.97,12.93,21.19,21.97,1696.07,1373.16,-1794.15,-6.740000000000009,16.9499999999998
Oct 2046,491.54,5.46,62.42,16.0,46.63,3.4,3.07,-0.6,12.98,0,-0.93,0,473.1,9.59,17.88,12.66,513.23,1375.04,-1775.59,1.87999999999988,18.5600000000002
Nov 2046,214.58,2.67,48.0,0.27,44.03,0.29,0.87,-1.25,5.67,0,-0.72,0,206.24,7.38,12.21,0.0,225.82,1404.06,-1779.86,29.02,-4.26999999999998
Dec 2046,107.58,1.04,49.09,0.1,43.97,0.29,0.87,-1.25,2.84,0,-0.09,0,103.69,6.44,6.48,0.0,116.61,1437.71,-1777.03,33.6500000000001,2.8299999999999303
Jan 2047,46.59,0.48,33.07,7.24,22.01,0.29,0.87,-1.25,1.23,0,-0.49,0,44.89,5.08,7.4,0.0,57.36,1477.04,-1776.41,39.3299999999999,0.619999999999891
Feb 2047,19.51,0.17,40.0,27.63,24.1,17.11,0.95,-1.23,0.52,0,-0.59,0,18.83,6.13,12.53,0.2,37.7,1493.48,-1777.78,16.4400000000001,-1.36999999999989
Mar 2047,38.26,0.37,75.82,107.8,1.77,43.89,2.71,-0.91,1.01,0,-1.11,0,36.89,11.62,21.79,4.78,75.07,1490.12,-1780.25,-3.36000000000013,-2.47000000000003
Apr 2047,3.77,0.03,71.32,88.09,20.75,47.35,4.78,0.04,0.1,0,-1.0,0,3.65,10.85,33.16,25.59,73.25,1429.83,-1788.74,-60.29,-8.490000000000009
May 2047,57.98,0.47,21.55,101.12,29.73,111.79,5.36,0.23,1.53,0,-0.27,0,55.98,3.23,37.8,30.2,127.21,1374.82,-1819.97,-55.01,-31.23
Jun 2047,636.94,6.93,29.77,130.06,13.1,110.59,5.17,0.16,16.83,0,-0.44,0,613.18,4.57,36.03,34.37,688.15,1260.1,-1854.05,-114.72,-34.0799999999999
Jul 2047,913.96,10.37,28.68,137.71,8.08,110.72,5.01,0.12,24.14,0,-0.44,0,879.45,4.44,31.56,33.86,949.31,1131.58,-1877.04,-128.52,-22.99
Aug 2047,1510.64,17.01,91.84,111.96,13.06,28.95,3.74,-0.31,39.91,0,-1.42,0,1453.72,14.2,22.79,29.23,1519.95,1002.26,-1892.09,-129.32,-15.05
Sep 2047,1804.08,20.95,107.06,73.58,65.23,25.71,2.41,-0.74,47.66,0,-1.68,0,1735.48,16.59,16.96,21.84,1790.86,967.63,-1886.9,-34.63,5.18999999999983
Oct 2047,614.52,6.96,63.68,17.16,46.8,2.17,2.18,-0.92,16.23,0,-0.97,0,591.32,9.82,12.35,7.36,620.85,993.36,-1865.91,25.73,20.99
Nov 2047,236.47,2.83,53.31,0.46,48.58,0.29,0.87,-1.26,6.25,0,-0.8,0,227.39,8.2,7.42,0.0,243.0,1028.73,-1861.1,35.37,4.81000000000017
Dec 2047,503.52,6.35,74.55,1.58,69.26,0.29,0.87,-1.26,13.3,0,-1.12,0,483.87,11.47,5.42,0.0,500.76,1071.74,-1857.79,43.01,3.30999999999995
Jan 2048,882.87,10.91,107.77,10.11,93.9,0.29,0.88,-1.26,23.32,0,-1.63,0,848.63,16.6,6.58,0.0,871.82,1137.43,-1847.75,65.69000000000011,10.04
Feb 2048,401.59,4.72,69.58,28.76,36.17,0.29,0.88,-1.26,10.61,0,-1.05,0,386.26,10.71,8.69,0.0,405.66,1226.6,-1828.2,89.16999999999979,19.55
Mar 2048,860.99,9.79,125.74,110.39,33.46,25.78,0.95,-1.24,22.74,0,-1.9,0,828.46,19.36,16.82,0.53,865.17,1255.92,-1820.77,29.3200000000002,7.430000000000059
Apr 2048,851.73,8.44,163.86,89.24,63.6,3.28,3.25,-0.51,22.5,0,-2.44,0,820.79,25.17,24.55,21.77,892.29,1248.96,-1802.65,-6.960000000000041,18.119999999999898
May 2048,220.79,2.14,139.2,99.94,28.97,6.84,4.93,0.08,5.83,0,-2.01,0,212.81,21.27,33.48,28.13,295.69,1288.49,-1808.12,39.53,-5.4699999999998
Jun 2048,712.08,7.7,170.89,128.24,32.47,5.8,5.05,0.12,18.81,0,-2.51,0,685.57,26.18,35.9,34.1,781.75,1282.0,-1837.28,-6.490000000000009,-29.1600000000001
Jul 2048,1431.95,16.32,105.26,138.26,6.55,37.85,4.21,-0.14,37.83,0,-1.61,0,1377.8,16.24,31.68,32.87,1458.59,1277.71,-1860.01,-4.28999999999996,-22.73
Aug 2048,1314.1,14.84,117.17,110.21,35.06,29.52,3.96,-0.23,34.71,0,-1.78,0,1264.54,18.05,25.35,28.95,1336.89,1219.07,-1861.01,-58.64000000000011,-1.0
Sep 2048,1469.34,16.91,114.59,71.1,71.25,26.77,2.86,-0.59,38.82,0,-1.76,0,1413.62,17.69,19.76,22.07,1473.14,1203.45,-1861.21,-15.6199999999999,-0.200000000000045
Oct 2048,579.17,6.67,77.55,16.53,60.58,3.65,3.11,-0.56,15.3,0,-1.16,0,557.21,11.91,16.69,14.25,600.07,1231.62,-1849.67,28.1699999999998,11.54
Nov 2048,35.8,0.29,64.86,0.12,57.23,0.31,0.93,-1.25,0.95,0,0.26,0,34.57,7.85,9.27,0.1,51.78,1275.53,-1853.45,43.9100000000001,-3.77999999999997
Dec 2048,621.87,8.01,67.11,2.06,64.03,0.29,0.88,-1.25,16.43,0,-1.02,0,597.43,10.35,5.57,0.0,613.35,1325.37,-1854.52,49.8399999999999,-1.0699999999999399
Jan 2049,552.01,6.55,104.09,8.19,88.3,0.29,0.88,-1.25,14.58,0,-1.56,0,530.88,16.01,7.1,0.0,553.98,1385.66,-1841.25,60.2900000000002,13.27
Feb 2049,259.46,3.06,61.8,28.21,28.37,0.29,0.88,-1.25,6.85,0,-0.92,0,249.55,9.5,10.03,0.0,269.07,1468.7,-1830.36,83.04,10.8900000000001
Mar 2049,129.3,1.14,107.79,107.78,13.18,26.97,1.33,-1.16,3.42,0,-1.59,0,124.74,16.52,20.05,1.46,162.77,1488.87,-1826.56,20.1699999999998,3.79999999999995
Apr 2049,35.67,0.35,173.34,86.72,68.24,5.25,4.63,-0.01,0.94,0,-2.49,0,34.38,26.47,31.42,24.54,116.8,1457.52,-1828.67,-31.3499999999999,-2.11000000000013
May 2049,7.45,0.06,182.56,98.73,64.93,6.27,5.38,0.25,0.2,0,-2.62,0,7.19,27.87,38.29,29.69,103.04,1493.73,-1859.4,36.21,-30.73
Jun 2049,502.77,5.71,100.05,128.54,13.52,50.15,5.44,0.27,13.28,0,-1.45,0,483.78,15.3,40.18,35.45,574.7,1519.23,-1896.65,25.5,-37.25
Jul 2049,1180.99,13.38,95.48,137.12,7.43,48.95,4.68,0.02,31.2,0,-1.44,0,1136.41,14.7,35.03,34.19,1220.32,1447.58,-1925.43,-71.65000000000009,-28.78
Aug 2049,1488.58,16.63,156.26,109.8,70.67,29.28,3.81,-0.28,39.32,0,-2.36,0,1432.63,24.06,26.81,29.38,1512.89,1375.7,-1934.53,-71.87999999999991,-9.09999999999991
Sep 2049,2131.69,25.79,107.11,74.1,69.37,25.5,2.09,-0.81,56.31,0,-1.7,0,2049.58,16.62,20.22,22.31,2108.74,1394.37,-1931.04,18.6699999999998,3.4900000000000095
Oct 2049,34.45,0.43,34.59,14.89,19.84,4.49,3.57,-0.42,0.91,0,-0.49,0,33.11,5.26,16.9,12.43,67.71,1420.92,-1901.63,26.5500000000002,29.4099999999999
Nov 2049,78.35,0.89,39.45,0.1,35.34,0.3,0.88,-1.25,2.07,0,-0.21,0,75.39,5.4,9.6,0.0,90.4,1423.36,-1917.63,2.4399999999998303,-16.0
Dec 2049,95.01,0.95,43.88,0.1,39.31,0.3,0.88,-1.25,2.51,0,-0.14,0,91.54,5.85,6.49,0.0,103.89,1450.93,-1917.9,27.5700000000002,-0.26999999999998203
Jan 2050,172.49,2.23,35.76,7.82,25.5,0.3,0.89,-1.25,4.56,0,-0.54,0,165.71,5.5,6.08,0.0,177.29,1485.58,-1917.66,34.6499999999999,0.24000000000000898
Feb 2050,23.23,0.18,41.69,27.63,24.01,15.55,0.89,-1.25,0.61,0,-0.61,0,22.44,6.39,9.67,0.0,38.5,1506.83,-1915.77,21.25,1.8900000000001
Mar 2050,7.48,0.07,30.46,108.48,2.51,84.67,2.63,-0.8,0.2,0,-0.44,0,7.21,4.65,24.73,7.72,44.31,1507.76,-1917.91,0.9300000000000641,-2.1400000000001
Apr 2050,17.72,0.15,34.78,88.66,20.53,79.05,4.67,0.0,0.47,0,-0.47,0,17.11,5.26,30.52,24.66,77.56,1404.3,-1929.3,-103.46,-11.3899999999999
May 2050,85.9,0.81,33.94,101.07,29.72,100.72,5.36,0.23,2.27,0,-0.46,0,82.82,5.13,36.07,30.49,154.52,1319.92,-1958.64,-84.37999999999991,-29.3400000000001
Jun 2050,382.16,4.2,31.74,129.27,13.88,111.59,5.74,0.35,10.1,0,-0.44,0,367.87,4.82,36.99,36.45,446.13,1217.98,-1992.44,-101.94,-33.8
Jul 2050,1526.14,17.35,87.45,139.63,6.31,53.31,4.1,-0.19,40.32,0,-1.36,0,1468.48,13.53,28.24,32.84,1543.08,1088.67,-2024.63,-129.31,-32.1900000000001
Aug 2050,1423.74,15.84,100.93,111.48,20.78,29.53,3.87,-0.28,37.61,0,-1.55,0,1370.29,15.59,22.43,29.09,1437.4,1017.72,-2022.79,-70.95,1.84000000000015
Sep 2050,1195.26,14.08,54.04,62.29,16.52,18.23,3.27,-0.45,31.57,0,-0.85,0,1149.61,8.38,17.96,22.81,1198.76,990.69,-2019.97,-27.03,2.81999999999994
Oct 2050,982.38,11.44,71.11,18.68,55.83,1.85,2.24,-0.88,25.95,0,-1.1,0,944.99,11.0,12.09,10.93,979.0,974.74,-2015.78,-15.95,4.19000000000005
Nov 2050,261.37,2.96,64.34,0.38,58.29,0.3,0.89,-1.26,6.9,0,-0.96,0,251.51,9.89,7.8,0.0,269.19,1019.74,-2004.98,45.0,10.8
Dec 2050,14.09,0.12,31.72,0.1,28.07,0.3,0.89,-1.26,0.37,0,0.12,0,13.59,3.85,4.51,0.0,21.95,1072.09,-2001.19,52.349999999999895,3.78999999999996
Jan 2051,123.42,1.42,34.8,7.63,24.07,0.3,0.89,-1.26,3.26,0,-0.52,0,118.73,5.35,6.08,0.0,130.16,1097.5,-2002.85,25.4100000000001,-1.65999999999985
Feb 2051,75.53,0.99,31.32,28.14,24.09,24.27,0.89,-1.26,2.0,0,-0.47,0,72.54,4.81,9.25,0.01,86.61,1117.34,-2002.26,19.839999999999897,0.5899999999999179
Mar 2051,98.33,0.94,65.0,108.16,1.66,52.88,2.64,-0.94,2.6,0,-0.96,0,94.79,9.97,17.57,4.49,126.82,1110.06,-2002.89,-7.27999999999997,-0.630000000000109
Apr 2051,3.65,0.03,37.09,88.61,20.43,77.03,4.62,-0.03,0.1,0,-0.5,0,3.53,5.61,25.42,23.95,58.52,1044.84,-2009.33,-65.22,-6.43999999999983
May 2051,5.29,0.04,24.76,101.0,29.8,109.4,5.4,0.24,0.14,0,-0.32,0,5.12,3.71,29.94,29.9,68.67,967.47,-2038.34,-77.3699999999999,-29.01
Jun 2051,48.33,0.48,22.88,128.17,14.75,122.69,6.35,0.54,1.28,0,-0.28,0,46.58,3.41,32.38,37.66,120.03,863.09,-2073.59,-104.38,-35.250000000000206
Jul 2051,854.18,9.59,41.3,138.15,8.33,101.31,5.16,0.14,22.56,0,-0.62,0,822.03,6.36,24.87,34.33,887.58,728.59,-2116.07,-134.5,-42.48
Aug 2051,2267.04,25.57,136.84,116.96,53.95,27.56,2.88,-0.62,59.89,0,-2.15,0,2181.58,21.21,15.88,28.68,2247.35,615.75,-2133.48,-112.84,-17.4099999999999
Sep 2051,1398.68,16.42,54.58,64.34,16.44,17.38,2.92,-0.59,36.95,0,-0.88,0,1345.31,8.49,13.21,22.01,1389.02,629.76,-2107.92,14.01,25.5599999999999
Oct 2051,355.46,4.5,20.95,16.63,9.95,4.03,3.69,-0.35,9.39,0,-0.3,0,341.57,3.2,12.03,16.99,373.79,619.11,-2097.36,-10.65,10.5599999999999
Nov 2051,105.06,1.2,40.69,0.15,36.44,0.35,1.03,-1.27,2.78,0,-0.61,0,101.08,6.25,5.73,0.3,113.36,617.04,-2109.3,-2.07000000000005,-11.9400000000001
Dec 2051,1722.41,22.25,82.74,10.75,83.0,0.3,0.89,-1.28,45.5,0,-1.32,0,1654.66,12.86,3.34,0.0,1670.86,649.7,-2109.73,32.6600000000001,-0.429999999999836
Jan 2052,237.26,2.74,56.41,8.03,43.6,0.3,0.9,-1.28,6.27,0,-0.84,0,228.25,8.67,4.3,0.0,241.22,731.23,-2067.72,81.53,42.010000000000204
Feb 2052,368.2,4.19,63.01,29.09,29.65,0.3,0.9,-1.27,9.73,0,-0.95,0,354.29,9.7,6.34,0.0,370.32,772.4,-2064.47,41.17,3.25
Mar 2052,45.84,0.5,40.34,108.76,0.23,73.75,1.13,-1.23,1.21,0,-0.6,0,44.13,6.19,12.64,0.66,63.62,797.59,-2057.86,25.1900000000001,6.60999999999967
Apr 2052,75.25,0.64,43.98,88.74,19.65,69.84,4.26,-0.18,1.99,0,-0.62,0,72.62,6.69,18.58,21.06,118.95,713.79,-2060.27,-83.8000000000001,-2.40999999999985
May 2052,627.01,7.12,59.44,103.82,12.17,57.67,4.57,-0.06,16.56,0,-0.88,0,603.33,9.12,23.72,30.42,666.59,649.46,-2084.4,-64.3299999999999,-24.1300000000001
Jun 2052,1156.91,13.52,74.91,114.29,9.59,45.85,4.32,-0.13,30.56,0,-1.14,0,1112.83,11.55,21.85,33.48,1179.7,584.86,-2103.77,-64.6,-19.369999999999898
Jul 2052,1485.14,17.48,88.35,64.98,33.25,4.69,4.11,-0.19,39.23,0,-1.36,0,1428.43,13.65,16.95,32.84,1491.87,531.2,-2112.27,-53.66,-8.5
Aug 2052,1942.16,22.09,117.49,74.62,51.98,3.38,3.19,-0.52,51.31,0,-1.84,0,1868.77,18.19,13.57,28.61,1929.15,547.12,-2111.54,15.92,0.7300000000000179
Sep 2052,1809.53,21.57,80.43,53.13,40.33,2.67,2.33,-0.78,47.8,0,-1.29,0,1740.15,12.51,11.26,21.35,1785.27,585.85,-2094.38,38.73,17.1599999999999
Oct 2052,493.6,6.04,37.71,17.97,23.69,3.15,2.7,-0.74,13.04,0,-0.57,0,474.52,5.81,9.76,10.43,500.52,615.35,-2072.32,29.5,22.0599999999999
Nov 2052,349.62,4.11,75.11,1.1,68.0,0.3,0.9,-1.28,9.24,0,-1.12,0,336.28,11.55,5.58,0.0,353.4,629.58,-2073.73,14.23,-1.40999999999985
Dec 2052,227.93,2.66,57.85,0.54,52.25,0.3,0.9,-1.28,6.02,0,-0.86,0,219.25,8.89,3.89,0.0,232.03,693.87,-2067.8,64.29,5.92999999999984
Jan 2053,56.48,0.63,38.01,7.33,26.35,0.3,0.9,-1.27,1.49,0,-0.56,0,54.36,5.83,4.25,0.0,64.45,744.1,-2064.82,50.23,2.9800000000000204
Feb 2053,179.3,1.91,71.14,27.94,35.54,0.3,0.9,-1.27,4.74,0,-1.06,0,172.65,10.92,6.27,0.0,189.84,768.07,-2066.07,23.97,-1.25
Mar 2053,120.12,1.1,85.11,108.3,0.12,34.01,1.02,-1.25,3.17,0,-1.26,0,115.85,13.05,12.06,0.35,141.32,799.21,-2064.56,31.14,1.5100000000002198
Apr 2053,81.56,0.68,100.5,87.9,17.16,17.79,3.62,-0.58,2.15,0,-1.46,0,78.73,15.38,18.91,13.01,126.03,755.54,-2065.27,-43.67000000000011,-0.7100000000000359
May 2053,247.6,2.7,159.18,100.23,45.37,5.74,5.0,0.08,6.54,0,-2.3,0,238.36,24.33,24.96,29.15,316.79,740.19,-2081.79,-15.3499999999999,-16.52
Jun 2053,378.95,4.24,61.64,129.3,9.21,81.15,5.62,0.3,10.01,0,-0.88,0,364.69,9.4,27.69,35.2,436.99,759.78,-2111.62,19.589999999999897,-29.8299999999999
Jul 2053,691.18,7.9,52.94,61.17,21.82,29.49,5.4,0.22,18.26,0,-0.78,0,665.02,8.11,22.88,34.49,730.5,665.46,-2143.02,-94.31999999999991,-31.4000000000001
Aug 2053,860.98,9.33,73.94,59.03,19.48,5.51,4.85,0.02,22.74,0,-1.11,0,828.91,11.37,17.54,30.98,888.8,640.1,-2165.2,-25.36,-22.1799999999998
Sep 2053,1349.44,15.99,68.13,48.28,29.58,3.23,3.03,-0.55,35.65,0,-1.07,0,1297.79,10.55,12.83,22.46,1343.65,641.35,-2179.37,1.25,-14.1700000000001
Oct 2053,1265.32,14.15,92.67,20.81,76.09,2.97,2.58,-0.73,33.43,0,-1.43,0,1217.74,14.33,11.32,17.68,1261.06,658.45,-2170.83,17.1,8.53999999999996
Nov 2053,10.08,0.09,37.7,0.14,33.28,0.34,1.01,-1.27,0.27,0,0.15,0,9.72,4.56,6.31,0.22,20.81,723.57,-2159.83,65.12,11.0
Dec 2053,9.57,0.09,28.94,0.11,25.61,0.31,0.9,-1.27,0.25,0,0.11,0,9.23,3.51,4.48,0.0,17.22,752.47,-2161.91,28.9,-2.07999999999993
Jan 2054,123.4,1.62,32.17,7.93,21.71,0.31,0.91,-1.27,3.26,0,-0.48,0,118.53,4.94,5.43,0.0,128.9,775.48,-2163.73,23.01,-1.82000000000016
Feb 2054,163.98,1.77,52.54,28.16,19.17,0.31,0.91,-1.27,4.33,0,-0.78,0,157.88,8.07,5.41,0.0,171.37,793.63,-2163.13,18.15,0.5999999999999089
Mar 2054,68.94,0.82,43.61,108.89,0.17,70.68,1.08,-1.24,1.82,0,-0.65,0,66.3,6.69,12.29,0.48,85.76,809.26,-2161.76,15.63,1.36999999999989
Apr 2054,26.44,0.22,23.41,68.02,3.38,51.01,3.44,-0.67,0.7,0,-0.34,0,25.52,3.58,17.33,10.64,57.07,728.78,-2163.38,-80.48,-1.61999999999989
May 2054,175.64,1.71,41.88,21.16,22.54,5.89,5.14,0.12,4.64,0,-0.58,0,169.29,6.36,21.67,29.24,226.57,667.93,-2177.77,-60.85,-14.3899999999999
Jun 2054,747.77,8.38,42.81,24.46,26.63,5.84,5.07,0.11,19.75,0,-0.64,0,719.63,6.58,22.15,34.75,783.1,667.93,-2207.98,0.0,-30.21
Jul 2054,1584.5,17.78,82.1,34.12,58.86,4.53,4.08,-0.22,41.86,0,-1.29,0,1524.86,12.72,19.26,33.02,1589.86,671.54,-2228.58,3.6100000000000096,-20.5999999999999
Aug 2054,1307.2,14.55,80.51,44.96,43.43,4.53,4.09,-0.22,34.53,0,-1.24,0,1258.12,12.44,17.95,29.69,1318.2,710.91,-2225.33,39.37,3.25
Sep 2054,2514.45,31.38,74.86,55.56,41.74,1.53,1.66,-0.97,66.42,0,-1.25,0,2416.65,11.73,12.53,21.44,2462.34,736.16,-2226.04,25.25,-0.7100000000000359
Oct 2054,401.27,4.88,21.22,17.26,10.04,4.14,3.4,-0.47,10.6,0,-0.32,0,385.78,3.26,13.22,14.82,417.08,766.48,-2184.94,30.3200000000001,41.0999999999999
Nov 2054,258.73,3.13,49.02,0.84,44.85,0.35,0.97,-1.26,6.83,0,-0.74,0,248.76,7.54,6.9,0.17,263.38,763.03,-2193.35,-3.45000000000005,-8.40999999999985
Dec 2054,207.55,2.23,42.53,0.4,38.77,0.31,0.91,-1.27,5.48,0,-0.64,0,199.84,6.55,4.23,0.0,210.61,802.87,-2189.66,39.84,3.69000000000005
Jan 2055,12.36,0.1,25.29,7.27,14.93,0.31,0.91,-1.27,0.33,0,-0.37,0,11.93,3.88,4.84,0.0,20.65,839.28,-2187.0,36.41,2.65999999999985
Feb 2055,77.79,0.8,35.12,27.99,6.5,3.43,0.91,-1.27,2.06,0,-0.52,0,74.93,5.39,7.39,0.0,87.72,851.25,-2189.23,11.97,-2.23000000000002
Mar 2055,70.54,0.73,47.66,108.72,0.26,67.2,1.18,-1.22,1.86,0,-0.71,0,67.95,7.31,13.26,0.75,89.27,849.09,-2189.88,-2.15999999999997,-0.6500000000000911
Apr 2055,54.19,0.4,50.85,77.82,6.26,39.85,4.18,-0.2,1.43,0,-0.72,0,52.37,7.74,17.35,20.03,97.49,771.29,-2191.87,-77.8000000000001,-1.9899999999997802
May 2055,159.54,1.73,43.74,35.71,10.68,6.95,5.18,0.14,4.21,0,-0.61,0,153.6,6.64,22.92,29.55,212.71,724.73,-2215.56,-46.559999999999896,-23.6900000000001
Jun 2055,51.58,0.51,14.8,1.92,20.03,8.65,6.26,0.37,1.36,0,-0.17,0,49.7,2.18,25.07,36.72,113.67,710.57,-2246.55,-14.16,-30.9900000000002
Jul 2055,788.19,9.03,27.05,8.25,30.23,6.16,5.28,0.19,20.82,0,-0.41,0,758.34,4.16,21.66,34.61,818.78,702.77,-2287.96,-7.80000000000007,-41.4099999999999
Aug 2055,1116.38,12.41,64.49,21.51,51.25,4.83,4.33,-0.15,29.49,0,-0.99,0,1074.48,9.96,17.49,29.49,1131.42,710.28,-2307.25,7.509999999999991,-19.29
Sep 2055,2143.56,23.75,112.87,35.27,87.44,1.83,2.1,-0.89,56.63,0,-1.8,0,2063.18,17.54,12.94,21.28,2114.94,743.68,-2312.71,33.4,-5.460000000000041
Oct 2055,1.99,0.01,9.25,15.05,6.48,13.53,4.31,-0.16,0.05,0,-0.1,0,1.93,1.36,15.9,17.23,36.43,819.34,-2282.16,75.6600000000001,30.5500000000002
Nov 2055,64.73,0.64,34.5,0.19,30.82,0.4,1.2,-1.25,1.71,0,-0.15,0,62.38,4.66,7.84,0.6,75.48,800.87,-2303.92,-18.47,-21.7600000000002
Dec 2055,284.98,3.27,45.71,0.85,42.09,0.31,0.92,-1.27,7.53,0,-0.69,0,274.18,7.04,4.57,0.0,285.79,825.9,-2305.4,25.03,-1.48000000000002
Jan 2056,157.57,1.78,40.77,7.74,29.47,0.31,0.92,-1.27,4.16,0,-0.61,0,151.62,6.27,6.04,0.0,163.93,865.3,-2300.75,39.4,4.65000000000009
Feb 2056,57.47,0.48,33.06,27.85,24.03,22.93,0.92,-1.27,1.52,0,-0.49,0,55.47,5.08,7.85,0.0,68.4,890.61,-2299.38,25.3100000000001,1.36999999999989
Mar 2056,162.55,1.44,58.81,108.73,0.18,56.82,1.1,-1.24,4.29,0,-0.88,0,156.81,9.04,13.35,0.52,179.72,886.05,-2300.54,-4.56000000000006,-1.15999999999985
Apr 2056,8.32,0.06,28.41,88.75,6.43,70.64,3.61,-0.59,0.22,0,-0.41,0,8.04,4.33,19.44,12.15,43.96,818.39,-2299.98,-67.66,0.559999999999945
May 2056,171.49,1.67,44.04,75.73,8.24,44.34,5.18,0.13,4.53,0,-0.62,0,165.29,6.69,25.07,29.53,226.58,738.94,-2316.51,-79.4499999999999,-16.5300000000002
Jun 2056,251.96,2.65,29.1,9.62,24.81,6.69,5.73,0.32,6.66,0,-0.4,0,242.65,4.41,22.91,34.02,303.99,682.83,-2347.18,-56.11,-30.6699999999996
Jul 2056,992.49,11.25,48.78,30.23,28.74,5.71,4.96,0.07,26.22,0,-0.74,0,955.02,7.52,20.72,34.1,1017.36,683.46,-2380.35,0.629999999999995,-33.1700000000001
Aug 2056,2379.34,26.94,144.77,37.44,117.04,2.92,2.86,-0.62,62.85,0,-2.27,0,2289.55,22.43,15.63,29.22,2356.83,690.65,-2393.86,7.18999999999994,-13.5100000000002
Sep 2056,1194.34,13.3,74.26,39.94,40.69,3.39,3.25,-0.5,31.55,0,-1.15,0,1149.48,11.49,15.19,21.93,1198.09,792.61,-2365.98,101.96,27.8800000000001
Oct 2056,5.29,0.04,5.91,15.14,4.62,14.61,3.65,-0.47,0.14,0,-0.07,0,5.11,0.87,13.54,11.77,31.3,818.47,-2361.27,25.86,4.71000000000004
Nov 2056,55.88,0.48,30.79,0.11,27.5,0.31,0.92,-1.27,1.48,0,-0.04,0,53.92,4.01,7.23,0.0,65.16,799.06,-2377.09,-19.410000000000103,-15.820000000000201
Dec 2056,103.03,1.04,44.57,0.11,39.89,0.31,0.92,-1.27,2.72,0,-0.31,0,99.27,6.24,5.23,0.0,110.74,821.21,-2377.84,22.1500000000001,-0.75
Jan 2057,20.15,0.17,30.05,7.22,19.15,0.32,0.92,-1.27,0.53,0,-0.44,0,19.45,4.61,6.81,0.01,30.87,857.75,-2377.62,36.54,0.220000000000255
Feb 2057,221.31,2.33,67.5,27.8,34.01,1.34,2.34,-1.01,5.85,0,-1.01,0,213.13,10.37,9.95,3.4,236.86,871.97,-2379.74,14.22,-2.11999999999989
Mar 2057,109.46,1.1,64.63,108.27,1.7,53.21,2.7,-0.94,2.89,0,-0.96,0,105.47,9.91,15.89,4.72,136.0,898.04,-2381.65,26.0699999999999,-1.91000000000031
Apr 2057,1.06,0.01,29.5,88.75,20.04,83.34,4.46,-0.1,0.03,0,-0.4,0,1.02,4.46,20.88,22.03,48.39,834.28,-2388.07,-63.76,-6.42000000000007
May 2057,91.55,0.96,38.65,77.51,8.91,52.15,5.51,0.25,2.42,0,-0.52,0,88.17,5.85,27.45,31.78,153.25,754.66,-2415.04,-79.62,-26.9699999999998
Jun 2057,396.36,4.36,35.25,15.2,26.26,6.72,5.76,0.32,10.47,0,-0.5,0,381.53,5.36,24.26,36.3,447.45,689.23,-2450.18,-65.4299999999999,-35.1399999999999
Jul 2057,912.92,10.22,41.64,25.58,26.39,5.9,5.12,0.12,24.12,0,-0.63,0,878.59,6.42,21.17,34.37,940.54,689.94,-2481.93,0.7100000000000359,-31.75
Aug 2057,1365.02,15.77,71.83,32.26,49.76,4.42,3.96,-0.25,36.06,0,-1.12,0,1313.19,11.11,17.02,29.45,1370.78,694.27,-2497.82,4.32999999999993,-15.8900000000003
Sep 2057,1705.91,20.04,74.44,43.27,43.47,2.65,2.61,-0.69,45.06,0,-1.19,0,1640.81,11.57,13.87,22.43,1688.68,726.8,-2496.54,32.53,1.2800000000001999
Oct 2057,631.88,7.57,45.84,18.19,32.66,3.8,3.2,-0.53,16.69,0,-0.69,0,607.62,7.06,13.17,15.78,643.62,757.06,-2478.4,30.26,18.139999999999898
Nov 2057,174.45,1.64,82.05,0.12,73.12,0.32,0.95,-1.27,4.61,0,-0.39,0,168.19,11.17,6.6,0.06,186.02,776.48,-2481.9,19.4200000000001,-3.5
Dec 2057,209.18,2.55,45.41,0.6,41.38,0.32,0.93,-1.27,5.53,0,-0.68,0,201.1,6.98,4.44,0.0,212.52,844.9,-2479.97,68.42,1.93000000000029
Jan 2058,393.39,4.88,82.64,8.54,67.83,0.32,0.93,-1.27,10.39,0,-1.24,0,378.12,12.7,5.18,0.0,396.0,883.72,-2477.32,38.8200000000001,2.64999999999964
Feb 2058,317.91,3.66,67.86,28.66,33.76,0.32,0.93,-1.27,8.4,0,-1.02,0,305.85,10.43,7.67,0.0,323.95,948.24,-2470.36,64.52,6.960000000000041
Mar 2058,513.0,5.45,133.73,109.14,37.86,26.38,1.07,-1.24,13.55,0,-2.0,0,494.0,20.55,14.25,0.57,529.37,976.2,-2465.17,27.96,5.19000000000005
Apr 2058,460.93,4.69,180.41,88.22,74.21,2.34,3.07,-0.76,12.18,0,-2.67,0,444.06,27.67,20.8,11.02,503.55,975.76,-2456.5,-0.44000000000005496,8.670000000000071
May 2058,41.96,0.43,195.88,98.7,76.45,5.93,5.16,0.14,1.11,0,-2.82,0,40.42,29.91,29.19,27.52,127.04,1030.66,-2461.83,54.900000000000105,-5.32999999999993
Jun 2058,70.64,0.8,140.66,126.6,14.51,19.1,6.25,0.5,1.87,0,-2.0,0,67.97,21.44,35.73,36.51,161.66,1077.01,-2496.09,46.349999999999895,-34.2600000000002
Jul 2058,1294.22,14.66,105.36,138.48,7.19,40.28,4.6,-0.04,34.19,0,-1.6,0,1245.37,16.23,29.35,34.37,1325.32,1042.43,-2538.49,-34.5799999999999,-42.3999999999996
Aug 2058,1322.63,14.66,115.83,110.84,33.49,29.94,4.18,-0.19,34.94,0,-1.76,0,1273.04,17.85,23.27,30.39,1344.55,984.64,-2544.9,-57.790000000000106,-6.41000000000031
Sep 2058,1397.9,15.8,96.06,67.81,53.94,23.25,3.02,-0.57,36.93,0,-1.49,0,1345.17,14.85,17.12,22.09,1399.23,969.29,-2546.48,-15.35,-1.57999999999993
Oct 2058,1634.55,18.3,141.35,20.5,121.07,1.59,1.97,-0.95,43.18,0,-2.18,0,1573.08,21.84,12.89,15.56,1623.37,986.45,-2536.72,17.1600000000001,9.76000000000022
Nov 2058,1174.55,14.43,146.95,4.09,137.21,0.32,0.94,-1.26,31.03,0,-2.23,0,1129.09,22.64,8.87,0.6,1161.2,1095.96,-2514.2,109.51,22.52
Dec 2058,398.04,4.52,58.81,0.87,54.61,0.32,0.93,-1.25,10.51,0,-0.89,0,383.01,9.06,6.11,0.0,398.18,1226.17,-2488.19,130.21,26.0099999999998
Jan 2059,77.79,0.86,50.94,7.15,37.91,0.32,0.93,-1.25,2.05,0,-0.75,0,74.88,7.82,6.58,0.0,89.28,1276.54,-2480.76,50.3699999999999,7.42999999999984
Feb 2059,46.58,0.4,77.31,27.18,40.14,0.32,0.93,-1.25,1.23,0,-1.14,0,44.94,11.85,9.58,0.0,66.37,1309.73,-2481.64,33.1900000000001,-0.879999999999654
Mar 2059,126.34,1.21,103.41,108.01,8.92,26.64,0.95,-1.25,3.34,0,-1.52,0,121.79,15.86,15.31,0.04,152.99,1342.15,-2483.73,32.4200000000001,-2.09000000000015
Apr 2059,34.82,0.31,101.55,87.77,16.19,16.16,3.33,-0.71,0.92,0,-1.48,0,33.59,15.54,24.4,9.25,82.78,1311.32,-2484.15,-30.8300000000002,-0.42000000000007304
May 2059,533.07,6.35,200.23,100.69,83.41,5.24,4.61,-0.02,14.08,0,-2.92,0,512.63,30.65,33.91,29.3,606.49,1291.0,-2498.01,-20.319999999999897,-13.8600000000001
Jun 2059,1258.27,14.1,186.2,130.13,49.05,4.7,4.21,-0.16,33.24,0,-2.78,0,1210.93,28.61,33.65,33.06,1306.25,1339.89,-2520.77,48.89000000000011,-22.7599999999998
Jul 2059,1005.26,11.47,70.53,137.15,7.88,72.82,4.95,0.09,26.56,0,-1.06,0,967.23,10.85,33.88,34.08,1046.04,1354.96,-2527.74,15.069999999999899,-6.9699999999998
Aug 2059,1112.55,12.91,85.08,110.14,6.77,30.74,4.35,-0.1,29.39,0,-1.29,0,1070.25,13.1,26.45,30.01,1139.8,1260.99,-2541.18,-93.97,-13.4400000000001
Sep 2059,2214.02,27.06,102.86,68.62,65.41,18.46,2.06,-0.84,58.49,0,-1.64,0,2128.47,15.98,18.33,22.32,2185.11,1215.03,-2547.54,-45.96,-6.36000000000013
Oct 2059,425.45,5.04,49.44,15.72,35.4,3.5,3.43,-0.46,11.24,0,-0.73,0,409.17,7.58,16.48,14.9,448.13,1246.55,-2515.9,31.52,31.6399999999999
Nov 2059,394.77,4.68,94.17,0.49,85.7,0.4,1.04,-1.23,10.43,0,-1.41,0,379.66,14.47,9.49,0.34,403.97,1265.87,-2524.18,19.319999999999897,-8.279999999999749
Dec 2059,87.01,0.85,53.72,0.11,47.87,0.32,0.94,-1.25,2.3,0,-0.06,0,83.85,6.97,5.77,0.0,96.6,1343.95,-2517.77,78.0800000000002,6.40999999999985
Jan 2060,370.39,4.68,62.38,8.32,50.4,0.32,0.94,-1.25,9.78,0,-0.94,0,355.93,9.6,6.89,0.0,372.41,1387.91,-2517.72,43.96,0.0500000000001819
Feb 2060,236.26,2.6,66.24,28.0,31.97,0.32,0.94,-1.25,6.24,0,-0.99,0,227.42,10.18,10.29,0.0,247.88,1433.28,-2511.06,45.3699999999999,6.65999999999985
Mar 2060,17.12,0.14,60.38,108.31,0.27,56.42,1.21,-1.2,0.45,0,-0.89,0,16.53,9.25,18.68,0.75,45.21,1456.83,-2508.0,23.55,3.05999999999995
Apr 2060,2.74,0.02,56.57,88.33,20.43,59.98,4.68,-0.01,0.07,0,-0.79,0,2.65,8.6,29.73,23.96,64.94,1384.4,-2511.6,-72.4299999999998,-3.59999999999991
May 2060,396.72,4.17,78.87,101.48,29.01,58.38,4.96,0.07,10.48,0,-1.14,0,382.07,12.06,35.59,30.2,459.92,1319.81,-2540.97,-64.5900000000001,-29.3699999999999
Jun 2060,234.18,2.71,20.48,128.98,14.03,122.63,5.91,0.4,6.19,0,-0.27,0,225.29,3.08,37.21,35.57,301.14,1259.75,-2566.72,-60.059999999999896,-25.75
Jul 2060,457.17,5.17,20.88,136.07,9.68,122.59,5.9,0.39,12.08,0,-0.29,0,439.92,3.17,33.01,35.64,511.73,1119.44,-2601.88,-140.31,-35.1600000000003
Aug 2060,1929.95,22.46,110.97,114.4,31.89,28.32,3.29,-0.46,50.98,0,-1.73,0,1856.5,17.18,21.25,29.39,1924.32,979.03,-2631.23,-140.41,-29.3499999999999
Sep 2060,1614.64,19.09,76.74,64.28,38.18,17.32,2.75,-0.64,42.65,0,-1.22,0,1552.9,11.91,16.86,22.62,1604.3,965.11,-2615.12,-13.92,16.1100000000001
Oct 2060,582.22,6.89,43.21,16.98,30.3,3.18,3.18,-0.55,15.38,0,-0.65,0,559.94,6.65,13.85,14.7,595.15,972.49,-2599.69,7.38,15.429999999999799
Nov 2060,417.04,4.98,70.55,1.25,64.8,0.32,0.94,-1.26,11.02,0,-1.06,0,401.04,10.86,6.93,0.0,418.84,989.49,-2603.39,17.0,-3.69999999999982
Dec 2060,75.28,0.8,37.33,0.11,33.41,0.32,0.94,-1.26,1.99,0,-0.21,0,72.49,5.14,5.09,0.0,82.72,1049.24,-2595.65,59.75,7.739999999999781
Jan 2061,169.97,2.21,37.96,7.98,27.25,0.32,0.94,-1.26,4.49,0,-0.57,0,163.27,5.84,6.06,0.0,175.16,1079.44,-2596.08,30.2,-0.429999999999836
Feb 2061,175.82,2.02,57.04,28.12,24.15,1.11,0.94,-1.26,4.64,0,-0.85,0,169.15,8.76,7.97,0.0,185.88,1102.51,-2594.36,23.0699999999999,1.7199999999998001
Mar 2061,580.19,5.93,117.55,109.28,24.4,26.52,1.26,-1.2,15.33,0,-1.77,0,558.94,18.08,16.66,1.4,595.08,1119.77,-2592.77,17.26,1.59000000000015
Apr 2061,430.62,4.33,107.1,89.05,19.2,11.66,3.99,-0.27,11.38,0,-1.57,0,414.91,16.41,24.38,22.84,478.54,1103.45,-2583.06,-16.3199999999999,9.71000000000004
May 2061,147.16,1.34,61.87,100.87,29.01,75.23,5.08,0.1,3.89,0,-0.88,0,141.93,9.42,30.01,27.69,209.04,1090.88,-2600.36,-12.569999999999899,-17.3000000000002
Jun 2061,280.39,2.95,45.37,128.74,13.9,100.59,5.89,0.37,7.41,0,-0.63,0,270.04,6.9,33.25,35.71,345.89,1019.63,-2630.01,-71.2500000000001,-29.6500000000001
Jul 2061,1484.56,16.91,84.18,140.17,6.7,57.49,4.35,-0.13,39.22,0,-1.3,0,1428.43,13.02,26.62,34.2,1502.26,905.22,-2664.46,-114.41,-34.4499999999998
Aug 2061,1696.03,18.44,112.5,104.61,31.58,20.91,3.69,-0.38,44.8,0,-1.75,0,1632.79,17.4,19.38,29.74,1699.32,832.29,-2665.23,-72.93000000000009,-0.7699999999999821
Sep 2061,472.81,6.3,11.78,45.06,6.77,35.37,4.31,-0.12,12.49,0,-0.16,0,454.02,1.79,16.81,22.94,495.55,827.64,-2655.99,-4.64999999999998,9.24000000000024
Oct 2061,9.35,0.06,21.97,14.0,9.02,4.01,3.93,-0.35,0.25,0,-0.3,0,9.04,3.32,13.23,13.84,39.44,786.66,-2671.03,-40.98,-15.0400000000004
Nov 2061,277.07,3.32,64.15,0.77,58.18,0.38,1.02,-1.26,7.32,0,-0.96,0,266.43,9.86,6.58,0.2,283.07,782.73,-2689.2,-3.92999999999995,-18.1699999999996
Dec 2061,89.68,0.92,43.5,0.11,38.87,0.33,0.95,-1.27,2.37,0,-0.28,0,86.39,6.04,5.23,0.0,97.66,836.22,-2685.32,53.49,3.87999999999965
Jan 2062,551.65,6.55,99.96,8.99,83.96,0.33,0.95,-1.27,14.57,0,-1.5,0,530.53,15.37,5.71,0.0,551.61,871.76,-2685.44,35.54,-0.119999999999891
Feb 2062,228.35,2.51,63.21,28.25,29.02,0.33,0.95,-1.27,6.03,0,-0.94,0,219.81,9.71,7.43,0.0,236.95,951.9,-2674.59,80.14,10.8499999999999
Mar 2062,36.24,0.27,47.08,108.37,1.47,69.02,2.11,-1.0,0.96,0,-0.69,0,35.01,7.21,17.64,4.48,64.34,975.38,-2671.71,23.48,2.8800000000001096
Apr 2062,33.75,0.32,38.71,88.7,20.4,75.4,4.67,-0.04,0.89,0,-0.53,0,32.54,5.87,23.38,24.17,85.95,893.31,-2679.03,-82.07000000000009,-7.32000000000016
May 2062,118.1,1.26,60.62,77.96,18.23,42.68,5.25,0.15,3.12,0,-0.85,0,113.72,9.22,26.72,29.17,178.83,819.64,-2707.55,-73.67,-28.52
Jun 2062,73.59,0.85,25.58,2.04,27.94,7.06,6.36,0.41,1.94,0,-0.32,0,70.8,3.83,26.84,37.6,139.07,773.56,-2739.54,-46.08,-31.9899999999998
Jul 2062,481.04,5.37,18.48,2.21,26.02,6.92,6.0,0.38,12.71,0,-0.25,0,462.96,2.8,24.65,36.79,527.2,773.56,-2781.47,0.0,-41.929999999999794
Aug 2062,1746.81,19.9,105.38,35.02,79.53,3.94,3.64,-0.37,46.14,0,-1.64,0,1680.76,16.31,17.62,30.43,1745.12,773.63,-2811.44,0.07000000000005001,-29.9700000000003
Sep 2062,1466.41,16.97,71.54,42.54,39.19,3.19,3.07,-0.55,38.74,0,-1.13,0,1410.71,11.1,16.19,23.31,1461.31,835.61,-2801.37,61.98,10.0700000000002
Oct 2062,932.18,10.34,72.59,18.59,57.25,2.99,2.8,-0.7,24.63,0,-1.12,0,897.21,11.21,13.37,14.74,936.54,859.04,-2790.69,23.4299999999999,10.6799999999998
Nov 2062,1013.39,12.49,115.09,3.98,107.96,0.35,0.99,-1.26,26.77,0,-1.75,0,974.13,17.74,8.41,0.71,1000.99,903.42,-2785.42,44.38,5.26999999999998
Dec 2062,1571.53,19.9,119.33,6.86,116.09,0.33,0.95,-1.26,41.51,0,-1.85,0,1510.11,18.45,5.73,0.0,1534.29,1004.86,-2763.37,101.44,22.0500000000002
Jan 2063,753.28,9.3,114.04,9.51,98.33,0.33,0.95,-1.26,19.9,0,-1.72,0,724.08,17.55,6.94,0.0,748.57,1117.11,-2725.91,112.25,37.46
Feb 2063,491.42,5.4,102.7,28.44,65.73,0.33,0.95,-1.26,12.98,0,-1.54,0,473.04,15.79,9.59,0.0,498.42,1210.39,-2709.95,93.28000000000021,15.96
Mar 2063,228.28,2.35,79.88,108.71,0.03,37.58,0.97,-1.25,6.03,0,-1.19,0,219.9,12.27,15.14,0.06,247.36,1268.41,-2700.72,58.02,9.230000000000018
Apr 2063,177.01,1.8,65.6,88.75,17.49,47.93,3.7,-0.52,4.68,0,-0.96,0,170.54,10.04,26.05,14.61,221.25,1217.94,-2698.16,-50.47,2.5599999999999503
May 2063,76.52,0.57,202.12,98.56,82.13,5.97,5.23,0.15,2.02,0,-2.91,0,73.93,30.88,32.14,28.18,165.12,1165.67,-2713.28,-52.27,-15.120000000000301
Jun 2063,560.36,6.59,197.03,127.82,54.79,6.27,5.39,0.23,14.8,0,-2.87,0,538.97,30.15,35.68,35.14,639.93,1214.79,-2747.43,49.1199999999999,-34.1499999999996
Jul 2063,1167.05,13.32,133.72,137.07,13.34,21.92,4.84,0.04,30.83,0,-2.0,0,1122.9,20.55,32.95,34.98,1211.38,1232.8,-2775.79,18.01,-28.3600000000001
Aug 2063,1700.82,18.65,157.63,110.84,72.43,28.9,3.74,-0.35,44.93,0,-2.41,0,1637.24,24.31,25.41,30.25,1717.21,1196.06,-2786.74,-36.74,-10.9499999999998
Sep 2063,1350.26,16.02,87.85,71.4,47.42,27.18,3.03,-0.55,35.67,0,-1.36,0,1298.57,13.57,19.65,21.93,1353.72,1218.26,-2778.55,22.2,8.1899999999996
Oct 2063,1095.44,11.21,139.2,17.0,116.86,2.78,2.63,-0.78,28.94,0,-2.11,0,1055.29,21.45,15.54,14.06,1106.34,1222.44,-2769.75,4.18000000000006,8.80000000000018
Nov 2063,63.86,0.64,62.08,0.14,55.04,0.35,1.03,-1.25,1.69,0,0.06,0,61.53,7.84,9.4,0.15,78.92,1324.39,-2760.4,101.95,9.34999999999991
Dec 2063,13.57,0.11,54.07,0.11,47.67,0.33,0.96,-1.25,0.36,0,0.26,0,13.1,6.48,6.67,0.0,26.25,1371.95,-2761.08,47.559999999999896,-0.6799999999998361
Jan 2064,329.26,3.95,70.61,7.88,57.22,0.33,0.96,-1.25,8.7,0,-1.06,0,316.61,10.85,7.19,0.0,334.66,1414.82,-2762.67,42.8699999999999,-1.59000000000015
Feb 2064,108.48,1.2,65.81,27.6,30.62,0.33,0.96,-1.25,2.87,0,-0.97,0,104.41,10.1,10.81,0.0,125.32,1466.72,-2757.24,51.900000000000105,5.430000000000289
Mar 2064,5.54,0.06,68.2,107.86,1.68,50.73,2.75,-0.92,0.15,0,-1.0,0,5.34,10.45,20.51,4.39,40.69,1488.4,-2757.56,21.6800000000001,-0.320000000000164
Apr 2064,16.62,0.14,114.67,87.54,20.22,8.8,4.6,-0.05,0.44,0,-1.64,0,16.04,17.49,29.49,23.09,86.11,1422.51,-2766.47,-65.8900000000001,-8.90999999999985
May 2064,403.92,4.67,131.16,100.94,29.36,12.62,5.05,0.12,10.67,0,-1.9,0,388.59,20.06,37.92,31.59,478.15,1409.1,-2795.41,-13.4100000000001,-28.9400000000001
Jun 2064,48.98,0.5,46.56,127.78,15.25,102.37,6.67,0.65,1.29,0,-0.62,0,47.19,7.03,44.41,40.31,138.94,1392.86,-2823.16,-16.24,-27.75
Jul 2064,799.1,9.06,59.98,136.64,8.96,84.87,5.54,0.27,21.11,0,-0.89,0,768.93,9.2,35.6,36.69,850.42,1267.35,-2868.82,-125.51,-45.660000000000295
Aug 2064,1341.91,15.15,102.29,110.82,22.5,30.09,4.29,-0.15,35.45,0,-1.56,0,1291.31,15.77,26.19,31.52,1364.79,1161.11,-2890.56,-106.24,-21.7399999999998
Sep 2064,1741.05,20.65,78.71,65.27,41.45,18.33,2.79,-0.62,45.99,0,-1.25,0,1674.4,12.23,19.56,23.97,1730.16,1131.77,-2892.63,-29.3399999999999,-2.07000000000016
Oct 2064,0.04,0.0,17.06,14.05,6.48,5.81,4.34,-0.15,0.0,0,-0.22,0,0.04,2.56,17.5,17.2,37.3,1138.74,-2875.28,6.97000000000003,17.3499999999999
Nov 2064,64.53,0.63,35.67,0.25,31.88,0.47,1.4,-1.23,1.7,0,-0.1,0,62.2,4.74,9.67,0.91,77.52,1126.4,-2897.18,-12.3399999999999,-21.8999999999996
Dec 2064,705.77,8.46,88.99,2.14,83.29,0.33,0.96,-1.26,18.64,0,-1.35,0,678.67,13.71,6.81,0.0,699.19,1150.76,-2899.11,24.3599999999999,-1.93000000000029
Jan 2065,338.1,4.07,54.88,8.29,43.38,0.34,0.97,-1.26,8.93,0,-0.83,0,325.1,8.45,8.01,0.0,341.56,1229.13,-2884.04,78.37000000000009,15.070000000000201
Feb 2065,300.04,3.42,68.01,28.34,33.98,0.34,0.97,-1.25,7.93,0,-1.02,0,288.7,10.46,9.92,0.0,309.08,1266.38,-2878.16,37.25,5.880000000000111
Mar 2065,91.62,0.92,52.73,108.33,1.66,63.66,2.72,-0.93,2.42,0,-0.78,0,88.28,8.09,19.22,4.53,120.12,1292.33,-2873.48,25.9499999999998,4.67999999999984
Apr 2065,192.6,1.74,100.94,88.19,19.45,18.92,4.23,-0.2,5.09,0,-1.46,0,185.77,15.43,25.43,21.48,248.12,1214.76,-2880.02,-77.56999999999991,-6.539999999999959
May 2065,259.09,2.72,176.46,99.71,60.74,5.69,5.02,0.08,6.84,0,-2.56,0,249.53,26.98,32.32,28.67,337.49,1194.29,-2902.31,-20.47,-22.29
Jun 2065,347.18,3.61,101.41,128.01,13.85,50.87,5.87,0.36,9.17,0,-1.46,0,334.4,15.49,37.14,36.17,423.19,1221.96,-2931.63,27.6700000000001,-29.3200000000002
Jul 2065,876.63,10.03,68.54,137.1,8.58,76.62,5.35,0.21,23.16,0,-1.02,0,843.44,10.53,32.88,35.82,922.68,1153.31,-2965.6,-68.6500000000001,-33.9699999999998
Aug 2065,889.29,9.7,84.59,109.2,7.73,34.39,4.98,0.06,23.49,0,-1.26,0,856.1,13.0,26.03,31.89,927.02,1057.53,-2984.42,-95.78,-18.8200000000002
Sep 2065,214.81,1.9,38.82,55.6,7.81,28.06,5.05,0.07,5.67,0,-0.55,0,207.24,5.91,21.55,24.77,259.46,1009.76,-2999.0,-47.77,-14.5799999999999
Oct 2065,1839.45,21.26,102.82,22.73,88.6,1.58,1.89,-0.95,48.59,0,-1.63,0,1769.59,15.96,13.11,17.48,1816.15,972.94,-3023.62,-36.8199999999999,-24.6199999999999
Nov 2065,452.12,5.2,76.53,1.11,70.41,0.42,1.08,-1.24,11.94,0,-1.15,0,434.98,11.78,8.45,0.38,455.58,1049.69,-2996.98,76.75,26.6399999999999
Dec 2065,343.28,3.62,58.36,0.54,53.67,0.34,0.97,-1.26,9.07,0,-0.88,0,330.6,8.99,5.4,0.0,344.98,1113.56,-2988.89,63.8699999999999,8.09000000000015
Jan 2066,48.25,0.49,31.94,7.31,21.03,0.34,0.97,-1.26,1.27,0,-0.47,0,46.48,4.9,6.27,0.0,57.65,1163.72,-2982.93,50.1600000000001,5.960000000000041
Feb 2066,321.14,3.69,62.81,28.58,29.54,0.34,0.97,-1.26,8.48,0,-0.94,0,308.97,9.66,8.72,0.0,327.35,1180.36,-2984.36,16.6399999999999,-1.43000000000029
Mar 2066,17.88,0.15,44.21,108.51,0.48,70.76,1.43,-1.17,0.47,0,-0.65,0,17.25,6.78,17.62,1.37,43.02,1203.08,-2979.05,22.72,5.30999999999995
Apr 2066,20.98,0.24,34.06,88.75,20.4,79.54,4.68,-0.03,0.55,0,-0.46,0,20.18,5.15,26.49,23.95,75.78,1117.78,-2983.2,-85.3,-4.14999999999964
May 2066,29.11,0.28,38.61,100.88,29.91,97.22,5.55,0.26,0.77,0,-0.52,0,28.06,5.84,32.18,30.75,96.82,1036.87,-3011.78,-80.9100000000001,-28.5800000000004
Jun 2066,22.29,0.19,24.17,128.06,10.57,117.57,6.4,0.54,0.59,0,-0.3,0,21.51,3.61,33.29,37.03,95.44,942.68,-3047.58,-94.1899999999999,-35.799999999999706
Jul 2066,552.34,6.0,31.04,86.59,9.59,63.43,5.91,0.37,14.59,0,-0.45,0,531.74,4.74,27.09,36.59,600.16,808.24,-3090.18,-134.44,-42.5999999999999
Aug 2066,725.37,7.83,40.45,32.25,16.51,6.09,5.32,0.16,19.16,0,-0.6,0,698.37,6.22,20.27,33.05,757.91,732.85,-3118.16,-75.39,-27.98
Sep 2066,1034.49,12.01,51.41,30.6,29.85,4.18,3.83,-0.31,27.33,0,-0.8,0,995.15,7.95,15.81,24.84,1043.75,728.15,-3137.81,-4.70000000000005,-19.6500000000001
Oct 2066,189.57,1.88,23.96,14.7,11.6,3.78,3.77,-0.41,5.01,0,-0.34,0,182.68,3.66,12.71,14.14,213.19,742.16,-3140.27,14.01,-2.46000000000004
Nov 2066,362.25,4.44,46.33,1.62,43.19,0.48,1.16,-1.24,9.57,0,-0.7,0,348.24,7.14,6.99,0.58,362.96,741.46,-3153.93,-0.699999999999932,-13.6599999999999
Dec 2066,672.46,8.37,56.71,3.34,54.19,0.34,0.98,-1.27,17.76,0,-0.88,0,646.33,8.76,4.85,0.0,659.94,779.58,-3148.05,38.12,5.879999999999651
Jan 2067,205.81,2.47,35.18,8.2,24.9,0.34,0.98,-1.27,5.44,0,-0.53,0,197.9,5.42,5.38,0.0,208.7,830.83,-3133.41,51.25,14.6400000000003
Feb 2067,200.4,2.13,57.74,28.21,23.99,0.34,0.98,-1.27,5.29,0,-0.86,0,192.97,8.87,6.37,0.0,208.21,852.26,-3130.75,21.429999999999897,2.65999999999985
Mar 2067,59.56,0.63,48.1,108.7,0.22,66.86,1.2,-1.23,1.57,0,-0.71,0,57.36,7.38,13.19,0.63,78.55,871.79,-3128.57,19.53,2.17999999999984
Apr 2067,149.61,1.68,44.17,89.27,20.0,69.52,4.45,-0.13,3.95,0,-0.62,0,143.97,6.72,20.98,23.42,195.1,794.39,-3130.76,-77.4,-2.19000000000005
May 2067,26.56,0.18,32.62,100.92,8.76,81.37,5.5,0.22,0.7,0,-0.43,0,25.68,4.92,25.64,30.06,86.3,728.46,-3155.43,-65.9299999999999,-24.6699999999996
Jun 2067,346.35,3.83,24.64,21.89,24.28,21.1,5.88,0.35,9.15,0,-0.34,0,333.37,3.73,24.79,36.44,398.33,635.49,-3190.5,-92.97,-35.0700000000002
Jul 2067,821.52,9.53,30.85,18.02,24.45,6.37,5.47,0.23,21.7,0,-0.46,0,790.29,4.75,21.11,36.31,852.46,619.42,-3223.66,-16.0700000000001,-33.1599999999999
Aug 2067,2240.41,25.31,148.07,34.97,121.17,3.37,3.24,-0.52,59.18,0,-2.31,0,2155.91,22.92,15.44,30.93,2225.2,621.62,-3243.97,2.20000000000005,-20.3099999999999
Sep 2067,1109.28,12.59,69.68,40.0,36.31,3.73,3.53,-0.43,29.3,0,-1.08,0,1067.39,10.77,15.1,22.88,1116.14,727.76,-3221.79,106.14,22.1799999999998
Oct 2067,1428.46,17.71,59.9,23.18,47.93,1.85,2.05,-0.9,37.74,0,-0.96,0,1373.01,9.32,11.39,14.86,1408.58,749.19,-3220.4,21.430000000000103,1.38999999999987
Nov 2067,34.62,0.27,45.62,0.13,40.39,0.35,1.01,-1.27,0.91,0,0.15,0,33.44,5.58,6.65,0.05,45.72,786.83,-3201.44,37.64,18.96
Dec 2067,165.8,1.98,43.45,0.37,39.37,0.34,0.98,-1.27,4.38,0,-0.65,0,159.44,6.68,5.06,0.0,171.18,822.5,-3202.7,35.67,-1.25999999999976
Jan 2068,91.43,0.94,56.11,7.15,42.46,0.34,0.98,-1.27,2.42,0,-0.83,0,88.07,8.61,5.43,0.0,102.11,858.72,-3201.22,36.22,1.48000000000002
Feb 2068,6.09,0.06,28.9,27.81,24.01,26.88,0.98,-1.27,0.16,0,-0.43,0,5.87,4.43,6.99,0.0,17.29,897.66,-3201.89,38.9399999999999,-0.670000000000073
Mar 2068,320.04,3.31,84.09,109.13,0.2,33.6,1.19,-1.23,8.45,0,-1.26,0,308.28,12.92,13.73,0.7,335.63,890.06,-3204.41,-7.600000000000019,-2.51999999999998
Apr 2068,148.85,1.47,61.89,88.82,19.8,53.81,4.39,-0.16,3.93,0,-0.88,0,143.44,9.44,21.68,22.49,197.05,845.35,-3200.34,-44.709999999999894,4.06999999999971
May 2068,12.85,0.09,43.11,100.75,16.03,79.52,5.58,0.25,0.34,0,-0.58,0,12.42,6.52,28.01,30.74,77.69,794.21,-3224.32,-51.14,-23.98
Jun 2068,243.93,2.78,35.0,69.25,22.68,58.98,6.07,0.42,6.44,0,-0.48,0,234.71,5.3,28.13,36.95,305.09,708.05,-3260.64,-86.1600000000001,-36.3199999999997
Jul 2068,904.75,10.21,54.6,39.7,23.7,6.16,5.34,0.18,23.9,0,-0.82,0,870.64,8.4,21.25,35.89,936.19,649.27,-3297.28,-58.78,-36.6400000000003
Aug 2068,821.18,9.06,50.97,35.48,23.26,5.78,5.08,0.08,21.69,0,-0.77,0,790.43,7.84,18.49,32.05,848.8,650.72,-3315.26,1.4500000000000501,-17.98
Sep 2068,570.22,6.71,32.13,23.45,16.02,5.08,4.52,-0.09,15.06,0,-0.47,0,548.44,4.93,16.26,25.14,594.77,654.71,-3331.39,3.9900000000000095,-16.1299999999997
Oct 2068,766.8,8.49,58.78,17.98,44.48,3.35,3.25,-0.56,20.26,0,-0.9,0,738.05,9.07,12.1,16.56,775.78,654.0,-3346.55,-0.7100000000000359,-15.1600000000003
Nov 2068,537.35,6.27,81.5,1.97,74.88,0.4,1.06,-1.26,14.19,0,-1.23,0,516.88,12.55,6.37,0.32,536.12,686.84,-3347.56,32.84,-1.00999999999976
Dec 2068,20.94,0.21,30.93,0.12,27.45,0.35,0.99,-1.27,0.55,0,0.05,0,20.18,3.87,4.6,0.0,28.65,757.28,-3337.24,70.4399999999999,10.3200000000002
Jan 2069,593.96,7.26,74.71,9.89,62.06,0.35,0.99,-1.27,15.69,0,-1.13,0,571.0,11.51,5.1,0.0,587.62,782.04,-3338.9,24.76,-1.66000000000031
Feb 2069,182.59,1.9,53.12,28.17,24.12,4.64,0.99,-1.27,4.82,0,-0.79,0,175.86,8.17,6.04,0.0,190.07,840.91,-3326.61,58.87,12.29
Mar 2069,129.93,1.25,54.51,108.78,0.3,60.89,1.29,-1.21,3.43,0,-0.81,0,125.25,8.37,13.63,0.91,148.16,856.61,-3324.84,15.7,1.76999999999998
Apr 2069,4.05,0.03,28.6,88.76,20.26,84.33,4.65,-0.07,0.11,0,-0.38,0,3.91,4.32,21.15,23.13,52.51,784.9,-3325.63,-71.71,-0.7899999999999641
May 2069,3.73,0.02,24.67,56.65,9.58,44.93,5.63,0.27,0.1,0,-0.31,0,3.61,3.7,26.22,31.12,64.65,704.39,-3353.75,-80.51,-28.1199999999999
Jun 2069,148.98,1.55,11.47,1.41,16.49,6.42,6.42,0.24,3.94,0,-0.12,0,143.49,1.68,24.2,38.79,208.15,648.2,-3390.46,-56.1899999999999,-36.71
Jul 2069,1034.53,11.21,64.44,26.51,46.11,5.92,5.21,0.11,27.33,0,-0.98,0,995.99,9.93,20.9,35.92,1062.74,640.24,-3431.61,-7.960000000000041,-41.1500000000001
Aug 2069,1006.09,11.28,48.8,34.27,24.48,5.44,4.82,-0.0,26.58,0,-0.75,0,968.23,7.54,18.8,32.02,1026.59,664.63,-3446.28,24.39,-14.6700000000001
Sep 2069,602.67,7.18,17.71,22.31,7.12,6.99,4.52,-0.09,15.92,0,-0.27,0,579.57,2.72,17.17,25.54,624.99,669.69,-3457.29,5.06000000000006,-11.009999999999799
Oct 2069,1099.45,11.15,119.33,17.45,99.68,3.23,2.97,-0.68,29.04,0,-1.82,0,1059.26,18.4,12.11,17.36,1107.14,657.26,-3471.79,-12.430000000000101,-14.5
Nov 2069,146.17,1.54,39.7,0.2,35.97,0.42,1.13,-1.26,3.86,0,-0.6,0,140.77,6.11,6.92,0.31,154.1,745.24,-3465.58,87.98,6.210000000000041
Dec 2069,290.58,3.39,43.14,1.03,39.86,0.35,0.99,-1.27,7.68,0,-0.66,0,279.51,6.65,4.68,0.0,290.85,776.25,-3465.0,31.01,0.579999999999927
Jan 2070,42.79,0.47,31.72,7.35,20.79,0.35,0.99,-1.27,1.13,0,-0.47,0,41.19,4.87,5.24,0.0,51.31,813.34,-3460.25,37.09,4.75
Feb 2070,426.62,4.95,65.65,29.37,32.47,0.35,0.99,-1.27,11.27,0,-0.99,0,410.4,10.11,7.34,0.0,427.84,830.81,-3461.86,17.4699999999999,-1.61000000000013
Mar 2070,485.43,4.9,101.38,109.48,9.18,26.45,1.05,-1.26,12.82,0,-1.52,0,467.7,15.6,12.22,0.23,495.75,857.86,-3453.85,27.0500000000001,8.01000000000022
Apr 2070,53.74,0.4,44.22,88.61,16.71,66.83,3.58,-0.64,1.42,0,-0.64,0,51.93,6.77,19.19,11.22,89.1,830.68,-3445.09,-27.1800000000001,8.75999999999976
May 2070,199.44,2.06,51.73,101.44,9.23,64.03,5.33,0.16,5.27,0,-0.73,0,192.12,7.87,26.61,30.66,257.26,765.59,-3459.75,-65.08999999999989,-14.6599999999999
Jun 2070,279.9,3.11,41.77,53.1,25.67,39.65,6.08,0.41,7.39,0,-0.58,0,269.39,6.34,27.26,37.33,340.32,689.35,-3491.04,-76.24,-31.29
Jul 2070,1012.03,11.58,46.58,32.89,24.74,5.93,5.16,0.12,26.73,0,-0.71,0,973.71,7.19,20.93,35.64,1037.47,653.77,-3527.23,-35.58,-36.1900000000001
Aug 2070,1743.66,19.8,98.81,40.48,68.33,3.95,3.69,-0.38,46.06,0,-1.55,0,1677.8,15.3,16.28,30.36,1739.75,656.68,-3541.89,2.9099999999999704,-14.6599999999999
Sep 2070,822.17,9.77,27.35,41.99,10.52,19.2,3.99,-0.27,21.72,0,-0.43,0,790.68,4.24,15.77,23.58,834.26,708.84,-3531.79,52.1600000000001,10.0999999999999
Oct 2070,1216.78,14.31,77.66,21.13,62.91,2.88,2.7,-0.7,32.14,0,-1.2,0,1170.33,12.01,12.36,17.88,1212.58,688.65,-3538.33,-20.1900000000001,-6.539999999999959
Nov 2070,338.22,4.02,61.92,1.1,56.62,0.38,1.04,-1.27,8.93,0,-0.93,0,325.27,9.53,6.62,0.14,341.55,739.73,-3528.67,51.08,9.65999999999985
Dec 2070,16.86,0.13,30.76,0.12,27.27,0.35,1.0,-1.27,0.45,0,0.12,0,16.29,3.72,4.47,0.0,24.48,791.66,-3523.12,51.92999999999989,5.55000000000018
Jan 2071,68.35,0.76,35.56,7.42,24.32,0.35,1.0,-1.27,1.81,0,-0.53,0,65.78,5.46,5.13,0.0,76.37,816.37,-3524.82,24.71,-1.70000000000027
Feb 2071,447.3,5.11,76.35,29.23,42.0,0.37,1.02,-1.27,11.82,0,-1.15,0,430.37,11.75,8.2,0.1,450.42,837.49,-3525.82,21.12,-1.0
Mar 2071,600.53,5.98,117.73,109.29,25.37,27.3,2.35,-1.03,15.86,0,-1.77,0,578.69,18.12,14.35,4.26,615.42,873.21,-3517.54,35.72,8.2800000000002
Apr 2071,55.13,0.44,32.26,88.82,16.83,77.41,3.61,-0.62,1.46,0,-0.47,0,53.23,4.93,19.67,11.67,89.51,860.31,-3511.09,-12.9000000000001,6.44999999999982
May 2071,27.47,0.25,59.59,100.58,8.86,57.82,5.57,0.24,0.73,0,-0.83,0,26.49,9.05,27.47,30.57,93.58,784.28,-3526.0,-76.03,-14.9099999999999
Jun 2071,525.55,5.89,51.41,37.65,25.39,12.85,5.63,0.26,13.88,0,-0.74,0,505.78,7.86,25.35,36.29,575.28,713.18,-3561.99,-71.1,-35.989999999999796
Jul 2071,687.9,8.12,49.0,29.48,27.48,6.63,5.67,0.29,18.17,0,-0.72,0,661.61,7.5,22.92,36.28,728.31,705.74,-3590.51,-7.43999999999994,-28.5200000000004
Aug 2071,1712.21,19.9,89.96,42.28,59.12,4.06,3.74,-0.35,45.23,0,-1.41,0,1647.08,13.94,17.28,30.63,1708.92,709.05,-3614.72,3.30999999999995,-24.2099999999996
Sep 2071,1709.39,20.64,71.04,47.41,37.18,2.82,2.74,-0.66,45.16,0,-1.14,0,1643.59,11.05,14.52,23.1,1692.26,750.92,-3605.61,41.87,9.109999999999669
Oct 2071,429.36,5.1,38.31,17.09,25.26,4.25,3.53,-0.46,11.34,0,-0.57,0,412.92,5.88,13.52,15.27,447.6,774.16,-3588.09,23.24,17.52
Nov 2071,815.93,8.84,153.08,1.63,139.39,0.36,1.01,-1.27,21.55,0,-2.3,0,785.53,23.55,6.51,0.03,815.62,785.64,-3596.58,11.48,-8.48999999999978
Dec 2071,277.91,3.41,35.55,1.1,33.28,0.36,1.01,-1.27,7.34,0,-0.54,0,267.16,5.48,5.02,0.0,277.66,920.44,-3579.64,134.8,16.9400000000001
Jan 2072,208.05,2.43,57.47,7.77,44.51,0.36,1.01,-1.27,5.5,0,-0.86,0,200.12,8.83,5.51,0.0,214.46,950.61,-3575.11,30.17,4.529999999999751
Feb 2072,438.55,4.93,93.82,28.71,57.38,0.36,1.01,-1.26,11.59,0,-1.41,0,422.03,14.43,7.94,0.0,444.4,991.54,-3572.74,40.9299999999999,2.37000000000035
Mar 2072,12.45,0.11,44.71,108.54,0.3,70.21,1.31,-1.21,0.33,0,-0.66,0,12.01,6.85,15.44,0.83,35.13,1042.9,-3564.84,51.360000000000106,7.89999999999964
Apr 2072,20.01,0.15,42.34,88.59,20.25,72.19,4.66,-0.06,0.53,0,-0.58,0,19.33,6.42,24.0,23.3,73.05,960.06,-3568.51,-82.84000000000009,-3.6700000000000697
May 2072,6.55,0.04,100.16,99.91,9.01,22.56,5.65,0.27,0.17,0,-1.42,0,6.34,15.25,30.09,31.0,82.68,888.84,-3596.58,-71.2199999999999,-28.0699999999997
Jun 2072,330.52,3.37,67.74,80.88,24.16,43.3,5.97,0.37,8.73,0,-0.97,0,318.43,10.33,30.03,36.5,395.3,850.58,-3634.2,-38.26,-37.6199999999999
Jul 2072,1486.97,16.65,108.04,54.92,59.79,5.05,4.54,-0.1,39.28,0,-1.65,0,1431.04,16.67,22.65,35.15,1505.52,807.01,-3668.54,-43.57000000000011,-34.3400000000001
Aug 2072,1818.28,20.36,125.89,69.56,63.01,3.83,3.63,-0.4,48.03,0,-1.95,0,1749.89,19.46,18.49,30.19,1818.03,843.74,-3670.7,36.73,-2.15999999999985
Sep 2072,1822.01,21.43,96.59,51.78,56.4,3.62,2.73,-0.67,48.13,0,-1.52,0,1752.45,14.98,16.21,23.77,1807.4,888.46,-3658.84,44.72,11.8599999999997
Oct 2072,306.28,3.55,34.45,16.29,21.52,4.58,3.72,-0.4,8.09,0,-0.5,0,294.63,5.27,14.7,15.18,329.79,928.44,-3639.4,39.98,19.4400000000001
Nov 2072,263.11,3.01,70.03,0.36,63.56,0.6,1.41,-1.21,6.95,0,-1.05,0,253.15,10.76,8.88,1.0,273.79,934.8,-3651.12,6.3599999999999,-11.7199999999998
Dec 2072,117.12,1.1,40.36,0.12,36.33,0.36,1.01,-1.26,3.09,0,-0.29,0,112.92,5.65,5.5,0.0,124.07,991.5,-3648.83,56.7,2.28999999999996
Jan 2073,218.38,2.57,82.33,7.44,66.4,0.36,1.01,-1.26,5.77,0,-1.22,0,210.04,12.64,6.32,0.0,229.0,1024.24,-3648.29,32.74,0.5399999999999641
Feb 2073,81.15,0.78,52.91,27.68,24.12,5.43,1.08,-1.25,2.14,0,-0.78,0,78.23,8.12,9.95,0.18,96.48,1086.25,-3646.02,62.01,2.26999999999998
Mar 2073,10.28,0.1,46.26,108.18,1.83,70.06,2.9,-0.91,0.27,0,-0.68,0,9.92,7.09,18.41,4.91,40.32,1097.31,-3647.17,11.0599999999999,-1.15000000000009
Apr 2073,30.19,0.26,72.06,88.19,20.5,46.32,4.78,-0.02,0.8,0,-1.02,0,29.13,10.97,25.57,24.66,90.33,1014.48,-3656.3,-82.8299999999999,-9.13000000000011
May 2073,16.16,0.17,72.45,100.34,9.55,47.27,5.92,0.37,0.43,0,-1.01,0,15.56,11.01,33.85,33.97,94.39,967.89,-3685.98,-46.59,-29.6799999999998
Jun 2073,301.52,3.57,37.87,40.75,29.83,34.36,6.04,0.41,7.97,0,-0.52,0,289.98,5.74,31.02,37.27,364.02,901.88,-3726.08,-66.01,-40.0999999999999
Jul 2073,968.17,10.63,68.23,47.05,28.47,6.12,5.36,0.17,25.58,0,-1.03,0,931.96,10.5,25.36,36.43,1004.25,871.95,-3761.54,-29.9299999999999,-35.46
Aug 2073,1644.48,18.42,114.6,50.0,71.2,4.12,3.85,-0.33,43.44,0,-1.77,0,1582.61,17.71,19.32,30.38,1650.02,874.12,-3778.61,2.16999999999996,-17.0700000000002
Sep 2073,1033.75,11.63,69.4,44.14,31.19,3.95,3.73,-0.37,27.31,0,-1.07,0,994.81,10.71,17.63,23.31,1046.46,926.06,-3771.49,51.9399999999999,7.120000000000349
Oct 2073,660.35,7.08,57.18,17.23,43.44,4.35,3.61,-0.43,17.44,0,-0.86,0,635.82,8.8,15.95,18.23,678.81,939.77,-3772.65,13.71,-1.1600000000003101
Nov 2073,150.16,1.58,35.59,0.28,32.47,0.52,1.4,-1.23,3.97,0,-0.54,0,144.61,5.48,9.01,0.87,159.97,966.94,-3778.33,27.1700000000001,-5.67999999999984
Dec 2073,1248.16,16.19,89.89,5.97,87.97,0.36,1.02,-1.26,32.97,0,-1.39,0,1199.0,13.9,5.46,0.0,1218.36,992.51,-3778.4,25.5699999999999,-0.0700000000001637
Jan 2074,241.12,2.79,87.9,7.4,71.46,0.36,1.02,-1.26,6.37,0,-1.3,0,231.96,13.49,6.32,0.0,251.77,1076.94,-3749.1,84.43000000000009,29.3000000000002
Feb 2074,346.63,3.82,89.05,28.22,52.65,0.36,1.02,-1.26,9.16,0,-1.33,0,333.65,13.69,9.34,0.0,356.69,1144.0,-3746.32,67.05999999999989,2.7799999999997502
Mar 2074,382.05,4.16,86.58,108.99,1.3,31.57,2.39,-1.01,10.09,0,-1.3,0,367.8,13.31,16.43,4.02,401.55,1189.23,-3740.77,45.23,5.55000000000018
Apr 2074,242.69,2.24,83.1,88.61,16.77,31.56,3.52,-0.64,6.41,0,-1.23,0,234.04,12.74,23.87,12.23,282.89,1145.93,-3739.4,-43.3,1.36999999999989
May 2074,95.12,1.0,106.24,100.18,29.52,37.14,5.38,0.18,2.51,0,-1.51,0,91.61,16.2,32.21,29.43,169.45,1111.43,-3750.6,-34.5,-11.1999999999998
Jun 2074,255.07,2.9,59.24,128.56,14.32,88.92,6.14,0.44,6.74,0,-0.83,0,245.43,9.01,35.85,37.29,327.59,1076.8,-3784.23,-34.6300000000001,-33.6300000000001
Jul 2074,764.96,8.76,60.92,137.09,8.96,84.81,5.6,0.26,20.21,0,-0.9,0,735.99,9.34,30.63,36.2,812.16,972.04,-3821.32,-104.76,-37.0900000000001
Aug 2074,1441.61,16.31,122.73,68.32,63.73,10.08,4.01,-0.27,38.08,0,-1.87,0,1387.22,18.92,19.58,29.6,1455.33,870.9,-3843.55,-101.14,-22.23
Sep 2074,1806.87,21.44,109.51,50.68,67.57,2.56,2.59,-0.72,47.73,0,-1.71,0,1737.7,16.96,15.07,22.45,1792.17,909.25,-3841.22,38.35,2.3300000000003798
Oct 2074,203.38,2.11,49.79,14.49,34.3,3.77,3.79,-0.41,5.37,0,-0.72,0,195.89,7.61,14.55,14.13,232.19,962.51,-3820.96,53.26,20.2599999999998
Nov 2074,75.02,0.79,51.1,0.15,45.48,0.39,1.1,-1.26,1.98,0,-0.15,0,72.25,6.8,7.67,0.17,86.9,982.69,-3834.64,20.180000000000103,-13.679999999999799
Dec 2074,787.22,9.49,78.92,2.96,74.84,0.36,1.02,-1.26,20.8,0,-1.21,0,756.94,12.18,5.08,0.0,774.21,1022.46,-3835.34,39.77,-0.700000000000273
Jan 2075,52.72,0.58,52.71,7.07,39.28,0.36,1.03,-1.26,1.39,0,-0.78,0,50.74,8.08,6.94,0.0,65.77,1094.14,-3818.05,71.68000000000009,17.29
Feb 2075,270.44,3.13,78.76,28.2,43.17,0.4,1.08,-1.25,7.14,0,-1.17,0,260.17,12.1,10.13,0.17,282.56,1128.4,-3819.72,34.26,-1.66999999999962
Mar 2075,207.37,2.14,94.24,108.17,2.91,27.77,2.64,-0.97,5.48,0,-1.4,0,199.75,14.46,17.38,4.29,235.88,1163.36,-3816.24,34.9599999999998,3.4800000000000204
Apr 2075,125.19,0.99,164.82,86.99,60.16,4.15,4.26,-0.31,3.31,0,-2.4,0,120.88,25.21,26.51,19.12,191.73,1124.73,-3820.05,-38.6299999999999,-3.8100000000003997
May 2075,239.11,2.63,186.17,99.6,69.28,5.85,5.16,0.11,6.32,0,-2.69,0,230.17,28.46,32.43,29.38,320.44,1158.8,-3842.83,34.0699999999999,-22.7799999999997
Jun 2075,329.98,3.67,93.56,128.26,14.0,57.97,5.95,0.38,8.72,0,-1.34,0,317.59,14.28,36.69,36.52,405.08,1194.85,-3873.64,36.05,-30.8099999999999
Jul 2075,517.56,5.72,53.72,135.77,9.49,93.25,5.91,0.36,13.67,0,-0.77,0,498.18,8.21,32.89,35.58,574.86,1119.76,-3908.35,-75.0899999999999,-34.71
Aug 2075,1303.87,14.68,111.01,111.0,29.26,30.0,4.23,-0.2,34.44,0,-1.69,0,1254.74,17.11,23.16,29.89,1324.9,1008.65,-3936.58,-111.11,-28.23
Sep 2075,811.65,9.12,69.26,58.62,28.5,18.35,4.21,-0.21,21.44,0,-1.04,0,781.09,10.66,20.26,24.69,836.69,989.19,-3938.14,-19.459999999999898,-1.5599999999999499
Oct 2075,822.82,9.3,60.94,17.68,46.92,2.83,3.0,-0.65,21.74,0,-0.94,0,791.79,9.41,13.83,14.76,829.79,983.5,-3946.85,-5.69000000000005,-8.71000000000004
Nov 2075,59.31,0.76,31.5,0.16,28.24,0.4,1.13,-1.25,1.57,0,-0.31,0,56.99,4.56,7.96,0.21,69.72,1017.41,-3944.46,33.91,2.38999999999987
Dec 2075,1653.15,21.77,112.09,8.19,110.44,0.37,1.03,-1.26,43.67,0,-1.74,0,1587.72,17.34,5.93,0.0,1610.98,1039.68,-3945.8,22.2700000000001,-1.34000000000015
Jan 2076,37.28,0.4,38.51,7.2,26.73,0.37,1.03,-1.26,0.98,0,-0.57,0,35.9,5.91,5.55,0.0,47.35,1146.11,-3906.16,106.43,39.6400000000003
Feb 2076,366.15,3.98,92.96,28.19,56.22,0.37,1.03,-1.26,9.67,0,-1.39,0,352.49,14.29,8.4,0.0,375.18,1169.22,-3908.03,23.1100000000001,-1.8700000000003503
Mar 2076,553.79,5.82,119.27,109.23,25.69,26.38,1.13,-1.24,14.63,0,-1.79,0,533.34,18.34,16.02,0.4,568.11,1218.96,-3902.04,49.74,5.990000000000241
Apr 2076,185.64,1.63,118.67,87.86,19.47,3.47,3.89,-0.48,4.9,0,-1.73,0,179.11,18.17,26.14,15.58,239.0,1204.62,-3891.97,-14.3400000000001,10.0700000000002
May 2076,272.99,2.95,218.63,99.23,97.59,5.51,4.92,0.03,7.21,0,-3.17,0,262.83,33.44,30.98,27.29,354.54,1198.85,-3908.75,-5.769999999999981,-16.7800000000002
Jun 2076,51.66,0.53,199.7,125.64,54.37,7.4,6.33,0.5,1.36,0,-2.86,0,49.77,30.48,38.2,36.05,154.5,1264.85,-3936.9,66.0,-28.1500000000001
Jul 2076,2083.84,23.7,180.06,139.7,58.68,19.65,3.79,-0.33,55.05,0,-2.75,0,2005.09,27.78,31.59,34.28,2098.74,1279.43,-3980.27,14.5800000000002,-43.3699999999999
Aug 2076,2722.98,30.4,234.32,113.48,145.39,26.74,2.66,-0.72,71.93,0,-3.61,0,2620.65,36.2,23.42,28.25,2708.52,1290.99,-3966.38,11.5599999999999,13.8899999999999
Sep 2076,800.06,9.05,64.58,62.08,24.68,22.1,3.98,-0.27,21.13,0,-0.97,0,769.87,9.94,22.43,22.67,824.91,1389.6,-3929.68,98.6099999999999,36.700000000000294
Oct 2076,1057.62,12.71,74.52,18.39,60.85,2.38,2.6,-0.75,27.94,0,-1.15,0,1016.97,11.51,16.21,14.36,1059.05,1374.0,-3936.44,-15.5999999999999,-6.760000000000219
Nov 2076,476.31,5.26,120.38,0.2,109.19,0.44,1.27,-1.23,12.58,0,-1.78,0,458.46,18.47,10.87,0.72,488.53,1419.61,-3927.36,45.60999999999989,9.079999999999929
Dec 2076,223.03,2.61,63.63,0.13,57.76,0.37,1.04,-1.25,5.89,0,-0.82,0,214.52,9.56,6.68,0.0,230.75,1519.98,-3919.78,100.37,7.57999999999993
Jan 2077,198.32,2.38,68.51,7.35,54.42,0.37,1.04,-1.24,5.24,0,-1.02,0,190.69,10.52,7.12,0.0,208.33,1572.98,-3916.99,53.0,2.79000000000042
Feb 2077,233.56,2.66,73.61,27.86,38.6,0.4,1.08,-1.24,6.17,0,-1.1,0,224.74,11.31,12.42,0.12,248.57,1622.18,-3915.05,49.2,1.9399999999996
Mar 2077,89.75,0.9,106.13,107.53,12.75,27.95,2.75,-0.93,2.37,0,-1.56,0,86.47,16.27,21.46,4.34,128.54,1650.28,-3912.4,28.0999999999999,2.6500000000000896
Apr 2077,54.65,0.39,167.83,86.8,63.34,5.14,4.67,-0.05,1.44,0,-2.42,0,52.81,25.64,31.85,23.41,133.72,1617.3,-3919.62,-32.98,-7.2199999999998
May 2077,129.98,1.11,193.32,98.8,74.94,6.05,5.36,0.18,3.43,0,-2.79,0,125.44,29.54,39.49,29.3,223.77,1648.38,-3948.73,31.0800000000002,-29.1100000000001
Jun 2077,84.87,0.96,61.22,127.72,14.65,88.64,6.4,0.55,2.24,0,-0.84,0,81.67,9.29,45.45,37.45,173.86,1682.95,-3982.57,34.5699999999999,-33.8400000000001
Jul 2077,2172.16,24.69,156.25,139.18,39.49,19.47,3.7,-0.35,57.38,0,-2.42,0,2090.1,24.15,34.95,34.27,2183.47,1569.37,-4024.48,-113.58,-41.9099999999999
Aug 2077,1024.66,11.67,93.98,108.96,14.26,30.63,4.55,-0.07,27.07,0,-1.41,0,985.93,14.46,29.25,29.47,1059.11,1558.49,-4007.84,-10.8799999999999,16.6399999999999
Sep 2077,1589.68,19.12,76.07,62.89,39.67,17.98,2.92,-0.58,41.99,0,-1.2,0,1528.57,11.8,22.39,23.21,1585.98,1517.5,-4016.28,-40.99,-8.44000000000005
Oct 2077,676.47,7.78,46.95,16.5,34.56,2.85,3.06,-0.63,17.87,0,-0.72,0,650.82,7.25,17.34,13.48,688.89,1520.31,-4002.2,2.80999999999995,14.0800000000004
Nov 2077,397.68,4.75,78.0,0.58,71.72,0.37,1.04,-1.24,10.51,0,-1.17,0,382.43,12.0,10.63,0.0,405.05,1538.38,-4002.22,18.0700000000002,-0.0199999999999818
Dec 2077,8.97,0.07,40.56,0.13,35.83,0.37,1.04,-1.24,0.24,0,0.2,0,8.67,4.84,7.34,0.0,20.84,1601.38,-3995.18,63.0,7.039999999999959
Jan 2078,357.37,4.25,66.24,7.89,53.79,0.37,1.04,-1.24,9.44,0,-1.0,0,343.68,10.19,6.71,0.0,360.59,1631.79,-3997.02,30.4099999999999,-1.84000000000015
Feb 2078,388.09,4.15,97.18,27.82,60.41,0.37,1.05,-1.24,10.25,0,-1.45,0,373.69,14.94,9.76,0.0,398.39,1680.78,-3990.86,48.99,6.15999999999985
Mar 2078,126.38,1.21,96.59,108.04,3.13,26.76,1.15,-1.22,3.34,0,-1.43,0,121.83,14.81,19.5,0.3,156.44,1733.33,-3984.35,52.55,6.510000000000219
Apr 2078,24.64,0.21,35.89,88.68,17.67,75.21,3.97,-0.45,0.65,0,-0.51,0,23.78,5.47,31.38,14.59,75.23,1692.56,-3985.1,-40.77,-0.75
May 2078,10.16,0.07,32.76,100.91,29.74,102.32,5.55,0.25,0.27,0,-0.43,0,9.82,4.94,39.59,29.64,84.0,1608.06,-4003.97,-84.5,-18.869999999999898
Jun 2078,582.23,6.6,20.23,130.0,13.54,119.51,5.59,0.27,15.38,0,-0.29,0,560.25,3.09,40.87,36.48,640.7,1501.18,-4039.07,-106.88,-35.1000000000004
Jul 2078,1765.26,20.04,94.73,139.47,6.04,43.93,4.12,-0.22,46.63,0,-1.48,0,1698.59,14.68,32.96,34.28,1780.51,1359.67,-4065.8,-141.51,-26.73
Aug 2078,1661.0,18.28,121.09,111.1,40.47,29.04,3.76,-0.37,43.88,0,-1.87,0,1598.84,18.71,25.45,29.14,1672.15,1293.15,-4059.27,-66.52,6.5300000000002
Sep 2078,2054.63,24.98,70.2,67.28,36.33,18.24,2.37,-0.77,54.28,0,-1.15,0,1975.37,10.96,19.56,22.97,2028.87,1283.26,-4050.53,-9.8900000000001,8.73999999999978
Oct 2078,1158.94,13.4,80.76,18.61,66.72,2.4,2.62,-0.75,30.62,0,-1.25,0,1114.93,12.49,15.86,15.52,1158.79,1284.92,-4023.51,1.66000000000008,27.02
Nov 2078,50.09,0.67,34.02,0.18,30.45,0.43,1.23,-1.24,1.32,0,-0.19,0,48.1,4.68,9.96,0.39,63.12,1336.75,-4013.03,51.82999999999989,10.48
Dec 2078,268.7,2.98,59.43,0.25,54.29,0.38,1.05,-1.25,7.1,0,-0.89,0,258.62,9.14,7.08,0.0,274.84,1359.27,-4014.75,22.52,-1.7199999999998001
Jan 2079,37.61,0.29,50.77,6.94,37.46,0.38,1.05,-1.25,0.99,0,-0.75,0,36.33,7.79,6.98,0.0,51.09,1408.41,-4010.85,49.14000000000011,3.90000000000009
Feb 2079,139.61,1.39,68.71,27.59,33.36,0.38,1.06,-1.25,3.69,0,-1.02,0,134.53,10.55,10.99,0.02,156.09,1440.81,-4012.91,32.3999999999999,-2.05999999999995
Mar 2079,25.0,0.28,62.08,108.0,2.35,56.58,3.16,-0.81,0.66,0,-0.91,0,24.06,9.51,23.67,6.82,64.05,1465.11,-4012.57,24.3,0.33999999999969105
Apr 2079,37.35,0.37,62.69,88.38,20.18,54.15,4.66,-0.06,0.99,0,-0.88,0,35.99,9.54,28.94,23.09,97.56,1391.18,-4023.6,-73.9299999999998,-11.0299999999997
May 2079,84.39,0.83,35.15,101.09,29.68,99.64,5.51,0.22,2.23,0,-0.48,0,81.33,5.32,36.26,30.22,153.13,1332.99,-4051.31,-58.190000000000104,-27.71
Jun 2079,168.68,2.09,8.28,129.01,14.5,134.25,6.25,0.49,4.46,0,-0.08,0,162.13,1.2,38.19,37.26,238.77,1232.06,-4085.06,-100.93,-33.75
Jul 2079,1563.8,17.67,76.64,139.9,6.66,62.92,4.45,-0.13,41.31,0,-1.2,0,1504.82,11.88,29.89,35.01,1581.59,1079.89,-4123.71,-152.17,-38.6500000000001
Aug 2079,2576.1,29.59,144.83,116.53,64.7,26.99,2.77,-0.68,68.05,0,-2.29,0,2478.46,22.47,20.3,28.54,2549.77,998.32,-4123.19,-81.57000000000009,0.520000000000437
Sep 2079,809.88,9.13,47.77,60.22,9.51,19.48,4.08,-0.26,21.39,0,-0.73,0,779.35,7.37,19.47,23.45,829.64,1019.17,-4089.42,20.8499999999999,33.7699999999995
Oct 2079,408.7,5.27,24.12,16.64,13.01,3.6,3.54,-0.46,10.8,0,-0.36,0,392.64,3.7,14.61,14.96,425.9,994.08,-4096.55,-25.0899999999999,-7.130000000000111
Nov 2079,122.44,1.29,72.39,0.17,64.45,0.42,1.2,-1.25,3.23,0,-0.31,0,117.92,9.79,8.05,0.32,136.08,992.87,-4105.06,-1.2100000000000402,-8.51000000000022
Dec 2079,217.88,2.64,52.02,0.47,47.35,0.38,1.06,-1.26,5.76,0,-0.78,0,209.48,8.0,5.27,0.0,222.74,1051.29,-4104.9,58.42,0.160000000000764
Jan 2080,419.96,5.7,51.82,9.3,41.41,0.38,1.06,-1.26,11.09,0,-0.79,0,403.17,7.98,6.61,0.0,417.76,1095.31,-4102.24,44.02,2.65999999999985
Feb 2080,113.84,1.24,50.05,27.92,24.09,7.66,1.06,-1.26,3.01,0,-0.74,0,109.6,7.69,9.07,0.0,126.35,1132.05,-4094.25,36.74,7.989999999999781
Mar 2080,122.56,1.14,68.84,108.49,0.25,48.3,1.32,-1.21,3.24,0,-1.02,0,118.18,10.57,16.15,0.75,145.64,1141.72,-4094.3,9.670000000000071,-0.0500000000001819
Apr 2080,68.63,0.5,45.92,88.58,20.54,69.03,4.88,-0.01,1.81,0,-0.64,0,66.32,6.98,27.31,25.47,126.08,1080.05,-4095.36,-61.67000000000011,-1.0599999999999499
May 2080,109.45,1.0,22.52,101.33,29.86,110.77,5.62,0.24,2.89,0,-0.29,0,105.56,3.39,32.25,31.53,172.73,1009.13,-4124.54,-70.92,-29.1799999999998
Jun 2080,77.65,0.88,7.64,112.66,10.13,115.29,6.64,0.49,2.05,0,-0.07,0,74.72,1.1,34.16,39.59,149.57,901.34,-4158.85,-107.79,-34.3100000000004
Jul 2080,1035.36,11.35,58.28,36.17,31.34,5.98,5.28,0.13,27.35,0,-0.89,0,996.66,8.99,23.29,36.1,1065.04,768.17,-4202.62,-133.17,-43.769999999999506
Aug 2080,2455.1,27.62,172.89,43.12,136.15,2.82,2.89,-0.66,64.86,0,-2.69,0,2362.62,26.75,15.79,28.53,2433.69,775.41,-4217.42,7.240000000000009,-14.8000000000002
Sep 2080,1458.35,16.8,69.05,45.24,34.17,3.19,3.15,-0.57,38.52,0,-1.1,0,1403.03,10.72,16.05,22.88,1452.68,896.5,-4187.33,121.09,30.0900000000001
Oct 2080,1284.42,13.33,127.13,18.72,106.37,2.31,2.42,-0.9,33.93,0,-1.96,0,1237.16,19.63,12.52,13.12,1282.43,915.16,-4176.5,18.66,10.8299999999999
Nov 2080,400.56,4.77,73.94,1.06,67.78,0.4,1.09,-1.26,10.58,0,-1.11,0,385.21,11.37,7.78,0.09,404.46,1010.03,-4160.96,94.87,15.54
Dec 2080,41.5,0.33,56.0,0.13,49.56,0.38,1.06,-1.26,1.1,0,0.19,0,40.07,6.84,6.07,0.0,52.98,1071.97,-4153.93,61.940000000000104,7.02999999999975
Jan 2081,75.38,0.83,53.71,7.14,40.33,0.38,1.06,-1.26,1.99,0,-0.79,0,72.57,8.24,5.64,0.0,86.44,1117.4,-4154.97,45.430000000000106,-1.0399999999999598
Feb 2081,272.25,3.11,61.91,28.41,28.39,0.38,1.07,-1.26,7.19,0,-0.93,0,261.95,9.52,7.74,0.0,279.21,1154.03,-4156.1,36.6299999999999,-1.13000000000011
Mar 2081,201.33,2.04,93.72,108.42,1.15,26.81,1.32,-1.21,5.32,0,-1.39,0,193.97,14.38,16.55,0.76,225.67,1176.63,-4152.16,22.6000000000001,3.9400000000005098
Apr 2081,471.42,4.48,139.67,88.49,40.82,4.51,4.28,-0.23,12.45,0,-2.05,0,454.49,21.4,27.0,24.75,527.64,1136.95,-4151.52,-39.6800000000001,0.6399999999994179
May 2081,134.61,1.17,118.83,99.94,29.75,26.12,5.59,0.23,3.56,0,-1.7,0,129.88,18.14,34.88,31.3,214.19,1150.77,-4170.38,13.819999999999899,-18.8599999999997
Jun 2081,128.29,1.56,35.25,128.45,14.58,111.07,6.35,0.5,3.39,0,-0.47,0,123.35,5.32,36.67,37.34,202.68,1124.89,-4205.18,-25.8799999999999,-34.8000000000002
Jul 2081,1539.85,17.4,103.97,139.7,6.68,39.45,4.48,-0.13,40.68,0,-1.6,0,1481.77,16.06,28.58,34.79,1561.19,997.57,-4245.44,-127.32,-40.2599999999993
Aug 2081,2243.74,25.61,138.09,115.46,56.85,27.84,3.07,-0.59,59.27,0,-2.16,0,2158.85,21.39,19.81,28.79,2228.85,940.81,-4245.76,-56.760000000000105,-0.320000000000618
Sep 2081,1680.06,20.49,71.52,57.63,34.12,9.72,2.83,-0.63,44.38,0,-1.14,0,1615.19,11.11,16.69,23.17,1666.16,953.67,-4221.1,12.86,24.6599999999999
Oct 2081,698.91,8.04,58.87,17.24,44.47,2.98,3.13,-0.62,18.46,0,-0.9,0,672.41,9.07,13.56,14.35,709.39,964.84,-4204.49,11.1700000000001,16.6100000000006
Nov 2081,1459.58,17.37,159.65,5.33,149.89,0.4,1.08,-1.26,38.56,0,-2.44,0,1403.66,24.62,9.0,1.25,1438.52,996.53,-4205.02,31.6899999999999,-0.5300000000006551
Dec 2081,275.73,3.1,71.39,0.25,64.72,0.39,1.07,-1.26,7.28,0,-1.07,0,265.34,10.97,5.36,0.0,281.67,1139.37,-4172.5,142.84,32.5200000000004
Jan 2082,279.31,3.3,61.69,7.92,48.89,0.39,1.07,-1.26,7.38,0,-0.93,0,268.63,9.49,7.62,0.0,285.74,1200.68,-4168.61,61.3100000000002,3.89000000000033
Feb 2082,688.33,7.96,114.28,29.25,77.51,0.39,1.07,-1.26,18.18,0,-1.72,0,662.19,17.59,9.38,0.0,689.16,1243.89,-4164.48,43.21,4.13000000000011
Mar 2082,114.39,1.05,112.19,107.82,16.73,26.86,1.27,-1.22,3.02,0,-1.65,0,110.33,17.2,17.25,0.55,145.32,1313.96,-4150.35,70.0699999999999,14.1299999999992
Apr 2082,79.13,0.59,159.25,86.98,55.87,5.05,4.63,-0.09,2.09,0,-2.3,0,76.45,24.33,27.51,23.09,151.38,1289.07,-4152.01,-24.8900000000001,-1.65999999999985
May 2082,41.31,0.38,181.15,98.84,64.13,6.5,5.69,0.27,1.09,0,-2.6,0,39.84,27.66,37.37,31.14,136.01,1317.09,-4180.02,28.02,-28.0100000000002
Jun 2082,99.31,1.15,69.29,127.74,14.58,81.44,6.39,0.52,2.62,0,-0.96,0,95.54,10.53,40.19,37.17,183.43,1342.76,-4218.08,25.6700000000001,-38.0599999999995
Jul 2082,908.99,10.18,72.37,136.86,8.53,72.88,5.45,0.2,24.01,0,-1.08,0,874.8,11.12,34.51,36.05,956.49,1241.58,-4259.46,-101.18,-41.3800000000001
Aug 2082,637.25,7.1,70.55,108.41,8.34,48.87,5.36,0.17,16.83,0,-1.04,0,613.31,10.81,27.3,31.49,682.91,1147.97,-4277.83,-93.6099999999999,-18.369999999999898
Sep 2082,1622.98,19.07,88.19,62.66,48.91,16.59,3.0,-0.6,42.87,0,-1.38,0,1561.04,13.67,18.93,23.53,1617.17,1085.33,-4298.72,-62.64000000000011,-20.8900000000003
Oct 2082,12.5,0.08,19.29,14.05,7.26,4.59,4.33,-0.21,0.33,0,-0.25,0,12.09,2.91,16.94,16.19,48.12,1102.32,-4284.36,16.99,14.360000000000598
Nov 2082,47.9,0.38,53.89,0.18,47.75,0.43,1.22,-1.25,1.27,0,0.16,0,46.25,6.62,8.57,0.3,61.74,1092.6,-4305.02,-9.720000000000029,-20.6600000000008
Dec 2082,826.76,10.98,65.77,3.86,64.13,0.39,1.08,-1.26,21.84,0,-1.01,0,793.94,10.16,5.98,0.0,810.07,1133.81,-4306.36,41.21,-1.33999999999924
Jan 2083,167.01,2.05,48.27,7.7,36.31,0.39,1.08,-1.26,4.41,0,-0.72,0,160.54,7.42,6.56,0.0,174.52,1193.91,-4287.87,60.10000000000011,18.4899999999998
Feb 2083,464.27,5.14,98.95,28.47,62.27,0.39,1.08,-1.26,12.26,0,-1.48,0,446.87,15.22,9.52,0.0,471.61,1225.61,-4286.51,31.6999999999998,1.3599999999996697
Mar 2083,116.84,1.06,81.97,108.27,0.11,36.72,1.19,-1.24,3.09,0,-1.21,0,112.7,12.58,16.32,0.31,141.9,1280.3,-4278.07,54.690000000000104,8.440000000000511
Apr 2083,117.73,1.03,87.48,88.14,19.04,30.77,4.43,-0.25,3.11,0,-1.26,0,113.59,13.37,28.76,20.4,176.11,1229.8,-4278.92,-50.5,-0.850000000000364
May 2083,63.02,0.72,132.11,99.7,30.06,15.2,5.71,0.28,1.66,0,-1.89,0,60.64,20.15,35.9,31.83,148.52,1193.99,-4302.16,-35.8099999999999,-23.2399999999998
Jun 2083,297.41,3.21,65.73,128.48,14.21,82.84,6.15,0.42,7.86,0,-0.93,0,286.35,10.01,37.33,37.42,371.11,1178.38,-4339.64,-15.6099999999999,-37.4800000000005
Jul 2083,1523.71,17.38,110.24,139.37,6.74,33.82,4.51,-0.11,40.25,0,-1.69,0,1466.08,17.01,29.84,34.89,1547.82,1078.15,-4375.85,-100.23,-36.21
Aug 2083,2523.88,29.03,143.11,116.17,63.17,27.14,2.88,-0.65,66.67,0,-2.26,0,2428.19,22.2,20.99,29.0,2500.37,1025.85,-4376.8,-52.3000000000002,-0.9499999999998181
Sep 2083,1323.59,15.86,61.04,64.14,23.6,19.35,3.34,-0.48,34.96,0,-0.96,0,1272.77,9.46,18.73,23.41,1324.38,1044.42,-4344.91,18.5700000000002,31.8900000000003
Oct 2083,913.18,9.2,96.06,16.57,78.37,3.02,3.22,-0.61,24.12,0,-1.46,0,879.86,14.81,14.91,16.75,926.33,1033.74,-4338.13,-10.680000000000101,6.77999999999975
Nov 2083,193.1,1.95,83.56,0.29,74.71,0.54,1.58,-1.22,5.1,0,-0.51,0,186.05,11.56,9.81,1.13,208.55,1098.0,-4336.05,64.26,2.07999999999993
Dec 2083,1668.38,22.04,95.6,7.96,96.76,0.39,1.08,-1.26,44.07,0,-1.5,0,1602.28,14.81,6.68,0.0,1623.76,1165.17,-4335.38,67.1700000000001,0.670000000000073
Jan 2084,160.91,1.86,57.47,7.44,44.32,0.39,1.08,-1.25,4.25,0,-0.86,0,154.8,8.83,6.36,0.0,169.98,1257.2,-4295.15,92.03,40.2300000000005
Feb 2084,117.06,1.26,56.93,27.75,24.29,1.74,1.3,-1.22,3.09,0,-0.85,0,112.7,8.74,12.08,0.55,134.07,1297.11,-4294.09,39.9099999999999,1.05999999999949
Mar 2084,446.11,4.6,137.39,108.22,42.22,27.5,2.54,-0.99,11.78,0,-2.05,0,429.73,21.1,18.75,4.37,473.95,1310.09,-4294.91,12.98,-0.8199999999997092
Apr 2084,141.66,1.36,94.97,88.21,19.67,24.69,4.42,-0.16,3.74,0,-1.37,0,136.56,14.5,26.42,21.85,199.34,1309.59,-4293.07,-0.5,1.84000000000015
May 2084,10.81,0.07,90.32,100.07,29.97,52.12,5.7,0.28,0.29,0,-1.27,0,10.46,13.75,36.51,30.83,91.55,1282.73,-4317.13,-26.8599999999999,-24.0600000000004
Jun 2084,47.65,0.49,36.8,127.97,14.9,110.63,6.62,0.58,1.26,0,-0.49,0,45.9,5.54,39.99,38.4,129.84,1229.49,-4354.38,-53.24,-37.25
Jul 2084,939.88,10.6,66.43,137.41,8.47,78.07,5.42,0.18,24.83,0,-1.0,0,904.46,10.22,32.26,36.16,983.09,1099.81,-4398.05,-129.68,-43.67000000000011
Aug 2084,1442.22,16.18,117.12,103.65,42.57,29.19,4.14,-0.25,38.1,0,-1.79,0,1387.94,18.07,22.43,30.09,1458.52,1003.2,-4415.61,-96.6099999999999,-17.559999999999498
Sep 2084,1522.94,18.43,80.74,49.4,41.83,3.3,3.15,-0.54,40.23,0,-1.26,0,1464.28,12.5,17.56,24.1,1518.44,998.54,-4413.78,-4.66000000000008,1.82999999999993
Oct 2084,1358.13,16.43,69.58,21.12,57.58,2.38,2.5,-0.77,35.88,0,-1.1,0,1305.83,10.79,14.11,17.25,1347.98,1023.19,-4402.59,24.6500000000001,11.1899999999996
Nov 2084,71.77,0.89,43.46,0.29,38.83,0.55,1.59,-1.22,1.9,0,-0.31,0,68.98,6.09,9.59,1.09,85.75,1067.54,-4388.33,44.349999999999895,14.2600000000002
Dec 2084,265.28,3.02,49.11,0.58,45.13,0.4,1.09,-1.26,7.01,0,-0.74,0,255.25,7.56,4.89,0.0,267.7,1099.04,-4390.64,31.5,-2.3100000000003997
Jan 2085,141.87,1.57,58.16,7.34,44.72,0.4,1.09,-1.26,3.75,0,-0.86,0,136.56,8.93,6.98,0.0,152.47,1141.24,-4386.72,42.2,3.9200000000000697
Feb 2085,327.43,3.94,63.94,28.73,30.67,0.4,1.09,-1.26,8.65,0,-0.96,0,314.84,9.83,8.19,0.0,332.86,1180.93,-4386.19,39.6900000000001,0.5300000000006551
Mar 2085,285.17,2.82,88.34,108.75,0.01,29.85,1.09,-1.26,7.53,0,-1.32,0,274.81,13.57,13.68,0.0,302.07,1205.36,-4380.85,24.4299999999998,5.3399999999992405
Apr 2085,185.87,1.6,76.85,88.58,15.99,36.76,3.07,-0.77,4.91,0,-1.13,0,179.35,11.79,23.13,9.43,223.7,1164.18,-4376.99,-41.179999999999794,3.86000000000058
May 2085,107.0,0.95,48.16,100.91,29.96,88.41,5.71,0.26,2.83,0,-0.67,0,103.22,7.31,34.94,32.01,177.48,1124.13,-4386.48,-40.05,-9.48999999999978
Jun 2085,77.6,0.89,28.95,99.4,10.39,83.93,6.42,0.51,2.05,0,-0.37,0,74.66,4.35,34.92,36.92,150.85,1036.19,-4421.78,-87.9400000000001,-35.3000000000002
Jul 2085,1752.98,19.95,100.13,50.96,59.81,4.62,4.24,-0.21,46.31,0,-1.56,0,1686.73,15.5,24.11,34.91,1761.25,933.64,-4462.94,-102.55,-41.1599999999999
Aug 2085,2024.94,23.27,114.43,66.4,58.83,3.46,3.36,-0.5,53.49,0,-1.8,0,1948.17,17.73,19.1,29.24,2014.24,969.17,-4457.55,35.53,5.38999999999942
Sep 2085,1418.49,16.51,61.21,48.0,24.58,3.4,3.31,-0.51,37.47,0,-0.98,0,1364.51,9.51,17.89,23.73,1415.65,1009.29,-4438.95,40.12,18.6000000000004
Oct 2085,2033.01,23.61,125.65,23.51,109.23,0.99,1.49,-1.14,53.71,0,-1.98,0,1955.69,19.49,11.97,13.18,2000.33,1016.39,-4430.0,7.100000000000019,8.94999999999982
Nov 2085,270.24,3.02,75.59,0.19,68.34,0.4,1.1,-1.26,7.14,0,-1.13,0,260.08,11.62,8.84,0.0,280.53,1115.3,-4394.1,98.91,35.8999999999996
Dec 2085,35.68,0.31,41.45,0.14,36.8,0.4,1.1,-1.26,0.94,0,0.11,0,34.44,5.11,5.76,0.0,45.31,1176.76,-4390.44,61.46,3.66000000000076
Jan 2086,475.39,5.47,128.37,7.69,108.75,0.4,1.1,-1.26,12.56,0,-1.91,0,457.37,19.72,7.1,0.0,484.19,1209.75,-4391.74,32.99,-1.30000000000018
Feb 2086,103.34,0.98,63.99,27.56,28.93,0.4,1.1,-1.25,2.73,0,-0.95,0,99.63,9.82,9.15,0.0,118.6,1313.35,-4383.45,103.6,8.28999999999996
Mar 2086,157.57,1.38,98.71,108.08,5.15,26.82,1.25,-1.23,4.16,0,-1.46,0,152.03,15.14,17.06,0.42,184.65,1335.09,-4384.02,21.74,-0.5700000000006179
Apr 2086,28.66,0.2,69.78,88.18,18.08,45.93,4.18,-0.4,0.76,0,-1.0,0,27.71,10.66,28.02,16.18,82.57,1298.83,-4384.21,-36.26,-0.18999999999960002
May 2086,25.52,0.26,207.19,98.44,87.06,6.71,5.85,0.32,0.67,0,-2.98,0,24.58,31.64,37.63,32.41,126.25,1247.53,-4405.21,-51.3,-21.0
Jun 2086,51.52,0.53,156.02,126.28,16.28,7.57,6.49,0.54,1.36,0,-2.23,0,49.63,23.79,39.56,37.1,150.08,1295.79,-4445.45,48.26,-40.239999999999796
Jul 2086,1826.95,20.71,147.64,139.22,28.99,20.38,4.18,-0.22,48.26,0,-2.26,0,1757.98,22.78,32.38,34.95,1848.09,1270.88,-4489.36,-24.9099999999999,-43.9099999999999
Aug 2086,900.98,9.83,89.85,108.85,9.61,31.25,4.98,0.03,23.8,0,-1.34,0,867.35,13.81,27.68,30.95,939.79,1251.52,-4482.72,-19.360000000000102,6.63999999999942
Sep 2086,2199.36,26.16,111.33,66.52,72.73,17.28,2.36,-0.81,58.1,0,-1.77,0,2115.09,17.29,19.03,23.18,2174.58,1207.17,-4496.16,-44.349999999999895,-13.4399999999996
Oct 2086,14.84,0.12,31.43,13.9,17.79,4.47,4.28,-0.24,0.39,0,-0.43,0,14.33,4.77,17.76,15.59,52.44,1246.75,-4466.17,39.5799999999999,29.9899999999998
Nov 2086,153.37,1.84,54.65,0.27,49.26,0.54,1.55,-1.22,4.05,0,-0.69,0,147.49,8.18,10.56,1.03,167.26,1246.84,-4486.32,0.0899999999999181,-20.1499999999996
Dec 2086,185.99,2.12,52.77,0.14,47.86,0.4,1.11,-1.25,4.91,0,-0.75,0,178.96,8.04,7.08,0.0,194.08,1287.77,-4486.76,40.9300000000001,-0.44000000000050893
Jan 2087,13.99,0.13,38.57,7.11,26.65,0.4,1.11,-1.25,0.37,0,-0.57,0,13.49,5.92,8.12,0.0,27.53,1330.5,-4484.96,42.73,1.80000000000018
Feb 2087,174.06,1.9,67.03,27.83,32.2,0.4,1.11,-1.25,4.6,0,-1.0,0,167.56,10.29,10.12,0.0,187.98,1350.98,-4487.51,20.48,-2.55000000000018
Mar 2087,39.58,0.35,80.43,108.07,0.4,38.83,1.5,-1.18,1.05,0,-1.18,0,38.18,12.33,18.85,1.15,70.51,1375.01,-4486.27,24.03,1.2399999999997802
Apr 2087,3.58,0.03,55.77,88.33,21.26,61.49,5.26,0.12,0.09,0,-0.77,0,3.46,8.47,33.48,28.22,73.63,1320.42,-4490.24,-54.5899999999999,-3.9699999999993505
May 2087,194.16,2.28,64.13,101.24,29.88,73.57,5.56,0.23,5.13,0,-0.91,0,186.75,9.76,36.71,32.16,265.38,1251.84,-4524.27,-68.5800000000002,-34.0300000000007
Jun 2087,418.1,4.51,60.91,128.99,11.51,83.5,5.95,0.35,11.04,0,-0.87,0,402.55,9.3,36.59,36.86,485.29,1176.77,-4557.53,-75.06999999999991,-33.2599999999993
Jul 2087,811.35,9.38,58.07,137.23,8.86,86.69,5.62,0.25,21.43,0,-0.86,0,780.54,8.91,32.14,36.3,857.89,1073.79,-4589.82,-102.98,-32.29
Aug 2087,2633.26,29.76,152.34,86.41,87.91,13.44,2.94,-0.65,69.56,0,-2.4,0,2533.94,23.63,19.85,29.76,2607.18,969.19,-4610.92,-104.6,-21.1000000000004
Sep 2087,3360.28,40.88,121.7,59.26,87.42,1.12,1.58,-1.08,88.77,0,-2.0,0,3230.64,19.02,14.56,21.93,3286.14,1027.4,-4577.11,58.21,33.8100000000004
Oct 2087,653.33,7.23,78.94,16.26,61.86,2.91,3.19,-0.63,17.26,0,-1.19,0,628.84,12.15,14.58,13.44,669.0,1101.82,-4514.94,74.4199999999998,62.17000000000011
Nov 2087,42.78,0.55,30.08,0.14,26.93,0.41,1.11,-1.26,1.13,0,-0.17,0,41.09,4.14,7.83,0.0,53.06,1150.01,-4516.13,48.190000000000104,-1.19000000000051
Dec 2087,174.37,2.03,42.58,0.28,38.82,0.41,1.11,-1.26,4.61,0,-0.64,0,167.74,6.55,6.1,0.0,180.38,1171.07,-4517.53,21.0599999999999,-1.39999999999964
Jan 2088,504.06,6.56,64.64,9.25,53.38,0.41,1.11,-1.26,13.32,0,-0.98,0,484.18,9.96,6.65,0.0,500.79,1205.76,-4515.94,34.6900000000001,1.59000000000015
Feb 2088,224.51,2.46,67.6,28.04,33.06,0.41,1.11,-1.25,5.93,0,-1.01,0,216.12,10.39,8.94,0.0,235.44,1254.45,-4505.97,48.690000000000104,9.969999999999349
Mar 2088,499.91,4.89,142.83,108.46,45.95,26.49,1.17,-1.24,13.21,0,-2.13,0,481.82,21.95,15.98,0.22,519.96,1280.53,-4503.42,26.0799999999999,2.55000000000018
Apr 2088,38.63,0.41,79.57,88.15,17.87,37.05,4.08,-0.44,1.02,0,-1.15,0,37.21,12.16,27.18,15.38,91.92,1286.42,-4494.97,5.8900000000001,8.44999999999982
May 2088,30.94,0.27,97.86,100.02,29.99,45.4,5.74,0.28,0.82,0,-1.39,0,29.85,14.91,36.19,31.21,112.15,1244.58,-4515.0,-41.8400000000001,-20.0299999999997
Jun 2088,263.24,2.98,43.07,128.78,14.2,102.87,6.16,0.42,6.95,0,-0.6,0,253.31,6.54,37.24,36.82,333.91,1198.44,-4552.24,-46.139999999999894,-37.239999999999796
Jul 2088,1199.91,13.5,82.35,138.28,7.64,61.51,5.03,0.04,31.7,0,-1.25,0,1154.71,12.7,30.98,35.47,1233.85,1078.26,-4588.44,-120.18,-36.1999999999998
Aug 2088,2044.82,23.29,137.27,114.32,55.7,28.56,3.43,-0.49,54.02,0,-2.13,0,1967.52,21.24,21.34,29.74,2039.83,998.4,-4598.45,-79.86,-10.010000000000199
Sep 2088,1377.29,16.17,73.79,48.9,35.0,4.21,3.39,-0.49,36.38,0,-1.15,0,1324.73,11.43,17.92,23.9,1377.97,1008.13,-4580.23,9.730000000000018,18.2200000000003
Oct 2088,1435.91,16.04,114.4,19.78,96.54,1.79,2.28,-0.92,37.93,0,-1.77,0,1381.94,17.69,13.04,14.2,1426.87,1024.88,-4572.78,16.7500000000001,7.44999999999982
Nov 2088,105.72,1.15,49.05,0.14,43.94,0.41,1.12,-1.26,2.79,0,-0.34,0,101.78,6.86,7.61,0.01,116.26,1109.78,-4554.02,84.8999999999999,18.7599999999993
Dec 2088,146.46,1.84,39.65,0.31,36.08,0.41,1.12,-1.26,3.87,0,-0.59,0,140.75,6.09,5.3,0.0,152.14,1148.08,-4553.95,38.3,0.0700000000006185
Jan 2089,418.05,5.15,93.14,8.23,77.54,0.41,1.12,-1.26,11.04,0,-1.39,0,401.86,14.31,7.74,0.0,423.91,1180.83,-4553.05,32.75,0.899999999999636
Feb 2089,285.3,3.23,70.06,28.28,35.7,0.41,1.12,-1.25,7.54,0,-1.05,0,274.54,10.77,9.91,0.0,295.22,1252.6,-4545.78,71.77,7.27000000000044
Mar 2089,70.07,0.71,58.33,108.22,1.67,58.93,2.88,-0.93,1.85,0,-0.86,0,67.51,8.95,19.14,4.5,100.09,1280.35,-4541.67,27.75,4.10999999999967
Apr 2089,361.29,3.89,52.12,89.76,19.31,60.28,4.19,-0.25,9.54,0,-0.76,0,347.86,7.98,25.47,22.33,403.64,1207.76,-4548.99,-72.5899999999999,-7.319999999999711
May 2089,86.36,0.82,74.58,100.53,30.01,65.44,5.74,0.27,2.28,0,-1.05,0,83.26,11.35,35.15,31.96,161.72,1145.76,-4566.98,-62.0,-17.9899999999998
Jun 2089,333.41,3.75,43.7,129.11,9.66,97.35,6.08,0.39,8.81,0,-0.61,0,320.85,6.65,35.24,36.86,399.6,1080.66,-4603.18,-65.0999999999999,-36.2000000000007
Jul 2089,1379.28,14.72,109.02,50.18,64.48,6.08,4.87,-0.04,36.44,0,-1.67,0,1328.12,16.82,25.81,35.32,1406.06,963.41,-4637.54,-117.25,-34.3599999999997
Aug 2089,2304.54,26.23,138.25,73.99,74.35,3.11,3.13,-0.59,60.88,0,-2.17,0,2217.43,21.43,19.22,29.28,2287.36,1000.93,-4643.0,37.52,-5.460000000000041
Sep 2089,1266.98,15.68,55.85,47.67,19.58,3.49,3.3,-0.49,33.47,0,-0.88,0,1217.83,8.66,17.36,22.45,1266.29,1056.66,-4617.29,55.7300000000001,25.71
Oct 2089,582.43,6.58,42.39,17.33,30.27,4.52,3.69,-0.41,15.39,0,-0.64,0,560.47,6.53,16.03,17.55,600.57,1059.18,-4610.93,2.51999999999998,6.35999999999967
Nov 2089,937.69,11.67,109.46,3.56,102.85,0.49,1.24,-1.24,24.77,0,-1.66,0,901.25,16.87,9.43,1.03,928.57,1073.01,-4617.84,13.8299999999999,-6.90999999999985
Dec 2089,9.65,0.08,35.42,0.14,31.36,0.41,1.13,-1.26,0.26,0,0.16,0,9.32,4.25,6.34,0.0,19.91,1168.41,-4598.24,95.40000000000009,19.6000000000004
Jan 2090,107.13,1.02,71.97,6.89,56.53,0.41,1.13,-1.26,2.83,0,-1.07,0,103.28,11.04,6.7,0.0,121.01,1195.41,-4600.2,27.0,-1.96000000000004
Feb 2090,12.17,0.13,44.15,27.64,24.02,13.5,1.13,-1.25,0.32,0,-0.65,0,11.71,6.77,10.09,0.02,28.59,1247.22,-4600.82,51.809999999999896,-0.619999999999891
Mar 2090,57.04,0.59,61.97,108.1,2.43,56.56,3.24,-0.81,1.51,0,-0.91,0,54.94,9.49,21.74,7.18,93.36,1250.04,-4603.56,2.81999999999994,-2.7400000000006903
Apr 2090,3.71,0.03,41.61,88.56,20.73,73.4,5.02,0.03,0.1,0,-0.57,0,3.59,6.31,28.92,25.48,64.3,1178.21,-4614.18,-71.8299999999999,-10.6199999999999
May 2090,153.75,1.68,44.45,95.31,9.05,64.35,5.78,0.29,4.06,0,-0.61,0,148.0,6.75,35.4,33.42,223.57,1101.62,-4645.14,-76.59000000000009,-30.96
Jun 2090,177.47,2.16,32.06,4.24,32.96,7.39,6.35,0.48,4.69,0,-0.43,0,170.63,4.84,31.43,37.41,244.31,1016.4,-4680.6,-85.2199999999999,-35.46
Jul 2090,1433.36,16.33,92.34,44.36,56.78,5.3,4.78,-0.04,37.86,0,-1.42,0,1379.17,14.26,26.67,35.85,1455.94,1016.4,-4719.61,0.0,-39.0099999999993
Aug 2090,962.11,10.69,46.78,50.86,14.04,13.94,5.07,0.05,25.42,0,-0.72,0,926.01,7.22,24.4,32.38,990.01,1046.03,-4723.83,29.63,-4.220000000000249
Sep 2090,1371.96,16.15,56.42,41.62,27.14,4.06,3.4,-0.49,36.24,0,-0.9,0,1319.57,8.77,18.77,23.76,1370.86,1026.76,-4736.55,-19.27,-12.7200000000003
Oct 2090,2124.94,24.52,96.58,23.91,84.99,1.28,1.77,-1.05,56.13,0,-1.56,0,2044.28,15.05,14.05,17.39,2090.77,1034.96,-4728.84,8.20000000000005,7.710000000000041
Nov 2090,93.45,1.04,32.26,0.14,29.18,0.42,1.14,-1.26,2.47,0,-0.36,0,89.94,4.75,7.97,0.01,102.67,1107.44,-4694.48,72.48,34.3600000000006
Dec 2090,253.07,3.06,35.86,0.81,33.54,0.42,1.13,-1.26,6.69,0,-0.55,0,243.32,5.53,6.29,0.0,255.15,1130.63,-4694.78,23.1900000000001,-0.300000000000182
Jan 2091,28.61,0.24,33.08,7.21,21.93,0.42,1.13,-1.26,0.76,0,-0.49,0,27.62,5.08,6.6,0.0,39.3,1159.86,-4691.04,29.2299999999998,3.73999999999978
Feb 2091,178.02,1.99,47.29,28.21,21.11,6.61,1.2,-1.25,4.7,0,-0.71,0,171.32,7.27,10.53,0.19,189.31,1177.16,-4693.16,17.3000000000002,-2.11999999999989
Mar 2091,156.9,1.41,83.27,108.01,1.75,36.63,2.93,-0.92,4.14,0,-1.23,0,151.35,12.78,18.97,4.92,188.02,1183.58,-4691.81,6.41999999999985,1.3499999999994499
Apr 2091,181.62,1.9,41.9,89.23,20.01,71.23,4.61,-0.11,4.8,0,-0.59,0,174.92,6.38,26.14,23.91,231.36,1133.59,-4697.67,-49.99,-5.85999999999967
May 2091,39.42,0.35,19.71,99.02,9.13,90.79,5.84,0.3,1.04,0,-0.25,0,38.03,2.95,33.75,32.14,106.86,1060.95,-4722.1,-72.6399999999999,-24.4300000000003
Jun 2091,706.79,7.96,47.99,26.34,29.14,6.18,5.47,0.18,18.67,0,-0.71,0,680.16,7.36,28.24,35.9,751.67,951.08,-4758.98,-109.87,-36.87999999999921
Jul 2091,1964.24,22.48,97.09,39.39,70.86,4.21,3.94,-0.32,51.89,0,-1.53,0,1889.87,15.07,23.32,33.8,1962.06,951.08,-4782.22,0.0,-23.240000000000702
Aug 2091,1887.96,21.56,105.7,56.66,59.58,3.71,3.58,-0.44,49.87,0,-1.66,0,1816.53,16.38,20.28,29.53,1882.72,998.67,-4769.93,47.5899999999999,12.29
Sep 2091,1442.37,16.72,62.93,48.52,25.7,3.35,3.27,-0.54,38.1,0,-1.0,0,1387.55,9.78,18.44,23.22,1439.0,1038.28,-4755.26,39.61,14.6700000000001
Oct 2091,1155.42,11.74,111.09,17.81,92.52,2.95,2.94,-0.73,30.52,0,-1.71,0,1113.16,17.15,15.34,16.2,1161.86,1046.0,-4745.2,7.72000000000003,10.0600000000004
Nov 2091,455.38,5.2,59.75,1.22,55.86,0.42,1.14,-1.26,12.03,0,-0.91,0,438.14,9.21,8.11,0.01,455.47,1123.89,-4736.25,77.8900000000001,8.94999999999982
Dec 2091,317.18,3.6,52.03,0.68,48.15,0.42,1.14,-1.26,8.38,0,-0.79,0,305.21,8.01,5.95,0.0,319.17,1173.62,-4727.54,49.7299999999998,8.71000000000004
Jan 2092,119.72,1.38,45.33,7.46,33.38,0.42,1.14,-1.26,3.16,0,-0.68,0,115.18,6.96,6.99,0.0,129.14,1217.79,-4722.35,44.17000000000011,5.1899999999996
Feb 2092,207.85,2.18,58.85,28.04,25.28,0.45,1.18,-1.25,5.49,0,-0.88,0,200.18,9.05,10.74,0.11,220.08,1246.16,-4722.26,28.3700000000001,0.0900000000001455
Mar 2092,374.66,4.13,88.31,108.91,1.42,30.14,2.64,-0.98,9.9,0,-1.32,0,360.64,13.58,18.82,4.49,397.52,1262.68,-4720.2,16.52,2.0600000000003997
Apr 2092,171.88,1.79,53.0,88.99,20.06,61.59,4.65,-0.1,4.54,0,-0.76,0,165.55,8.08,27.92,23.97,225.52,1218.75,-4719.73,-43.930000000000106,0.47000000000025505
May 2092,59.53,0.47,69.86,100.44,24.73,64.49,5.9,0.31,1.57,0,-0.98,0,57.48,10.62,36.6,32.65,137.36,1154.06,-4744.68,-64.69000000000011,-24.950000000000703
Jun 2092,448.1,4.78,56.43,108.8,10.4,65.8,6.01,0.34,11.84,0,-0.81,0,431.48,8.62,35.58,37.3,512.97,1083.29,-4782.32,-70.77,-37.6399999999994
Jul 2092,1403.79,16.22,88.14,52.67,44.61,5.17,4.68,-0.07,37.08,0,-1.35,0,1350.49,13.61,25.54,34.48,1424.12,997.97,-4814.26,-85.31999999999991,-31.940000000000502
Aug 2092,1720.41,18.88,122.84,57.96,70.7,4.02,3.89,-0.36,45.45,0,-1.9,0,1656.07,18.99,20.82,30.08,1725.96,1016.62,-4817.76,18.65,-3.5
Sep 2092,795.0,8.77,55.1,43.61,17.2,4.6,4.31,-0.22,21.0,0,-0.84,0,765.23,8.49,20.13,24.24,818.08,1066.73,-4808.55,50.11,9.21000000000004
Oct 2092,1242.2,15.15,59.06,20.97,47.75,2.74,2.59,-0.77,32.81,0,-0.93,0,1194.24,9.17,14.5,15.89,1233.79,1063.73,-4817.14,-3.0,-8.59000000000015
Nov 2092,322.72,3.76,65.33,0.66,59.9,0.54,1.31,-1.23,8.53,0,-0.98,0,310.43,10.05,9.13,0.47,330.08,1097.6,-4804.51,33.8699999999999,12.6300000000001
Dec 2092,55.14,0.54,35.04,0.15,31.34,0.43,1.15,-1.26,1.46,0,-0.05,0,53.15,4.57,6.0,0.0,63.72,1150.37,-4799.98,52.77,4.53000000000065
Jan 2093,203.17,2.21,71.87,7.34,57.19,0.43,1.15,-1.26,5.37,0,-1.07,0,195.59,11.04,7.14,0.0,213.77,1177.69,-4800.98,27.3200000000002,-1.0
Feb 2093,229.59,2.63,57.31,28.3,24.19,0.5,1.15,-1.26,6.07,0,-0.86,0,220.9,8.81,9.17,0.0,238.88,1229.72,-4799.09,52.03,1.8899999999994201
Mar 2093,319.55,3.4,83.18,108.93,0.75,34.64,1.79,-1.12,8.44,0,-1.24,0,307.71,12.78,19.19,2.7,342.39,1246.65,-4796.29,16.9300000000001,2.80000000000018
Apr 2093,74.35,0.64,55.16,88.56,20.04,60.41,4.7,-0.09,1.96,0,-0.78,0,71.74,8.4,26.52,22.92,129.59,1196.48,-4794.7,-50.17000000000011,1.59000000000015
May 2093,18.26,0.12,79.51,100.24,29.53,61.11,5.79,0.28,0.48,0,-1.12,0,17.65,12.1,34.29,31.2,95.24,1134.37,-4821.23,-62.110000000000106,-26.5299999999997
Jun 2093,275.14,2.96,48.35,103.23,9.9,68.5,6.25,0.43,7.27,0,-0.68,0,264.91,7.35,35.65,37.3,345.21,1074.01,-4858.58,-60.35999999999989,-37.3500000000004
Jul 2093,2159.35,24.79,140.11,57.92,91.43,3.95,3.76,-0.38,57.04,0,-2.18,0,2077.52,21.68,23.64,33.73,2156.57,985.58,-4895.11,-88.42999999999991,-36.5299999999997
Aug 2093,2034.73,23.25,120.91,83.91,47.04,3.63,3.53,-0.46,53.75,0,-1.89,0,1957.73,18.73,20.9,30.23,2027.6,1053.55,-4878.11,67.9699999999999,17.0
Sep 2093,1381.18,16.32,70.16,50.27,31.98,5.54,3.34,-0.51,36.49,0,-1.1,0,1328.37,10.87,18.59,23.21,1381.05,1080.05,-4860.48,26.5,17.630000000000102
Oct 2093,614.16,6.87,60.1,17.1,46.12,4.59,3.78,-0.39,16.22,0,-0.9,0,591.06,9.24,16.93,18.37,635.6,1091.76,-4852.16,11.71,8.31999999999971
Nov 2093,451.53,5.18,77.32,1.0,71.39,0.63,1.41,-1.21,11.93,0,-1.17,0,434.42,11.9,9.69,0.9,456.91,1120.53,-4859.38,28.77,-7.22000000000025
Dec 2093,82.77,0.88,40.96,0.15,36.74,0.43,1.16,-1.26,2.19,0,-0.2,0,79.7,5.59,6.17,0.0,91.46,1184.23,-4852.14,63.7,7.239999999999781
Jan 2094,9.95,0.08,40.39,7.08,28.23,0.43,1.16,-1.26,0.26,0,-0.6,0,9.6,6.2,7.12,0.0,22.92,1216.78,-4852.57,32.55,-0.42999999999938204
Feb 2094,317.49,3.44,105.5,27.79,67.0,0.48,1.23,-1.24,8.39,0,-1.57,0,305.66,16.2,11.03,0.23,333.12,1239.87,-4855.31,23.0899999999999,-2.7400000000006903
Mar 2094,19.81,0.16,84.36,107.63,2.8,37.6,3.43,-0.74,0.52,0,-1.23,0,19.13,12.91,23.08,8.32,63.45,1297.84,-4851.2,57.97,4.11000000000058
Apr 2094,47.82,0.38,153.91,87.02,51.47,5.49,5.0,0.01,1.26,0,-2.21,0,46.18,23.5,29.82,25.46,124.96,1244.13,-4864.41,-53.7099999999998,-13.21
May 2094,13.12,0.08,110.85,99.76,30.28,34.43,5.94,0.33,0.35,0,-1.57,0,12.69,16.89,37.98,32.49,100.06,1265.29,-4895.81,21.159999999999897,-31.4000000000005
Jun 2094,63.45,0.68,33.04,128.09,15.21,114.11,6.83,0.63,1.68,0,-0.43,0,61.09,4.97,41.36,40.26,147.67,1228.76,-4935.13,-36.53,-39.3199999999997
Jul 2094,439.91,4.98,21.78,69.43,19.3,64.97,6.27,0.44,11.62,0,-0.3,0,423.31,3.3,33.78,36.84,497.24,1094.7,-4980.34,-134.06,-45.21
Aug 2094,1452.72,16.45,89.77,68.89,29.49,4.65,4.31,-0.21,38.38,0,-1.39,0,1397.9,13.88,21.96,31.25,1464.98,1021.07,-5011.69,-73.63,-31.3499999999995
Sep 2094,1075.32,12.14,67.82,45.11,29.56,4.14,3.95,-0.33,28.41,0,-1.04,0,1034.77,10.48,19.11,24.54,1088.9,1028.48,-5010.48,7.40999999999997,1.2100000000000402
Oct 2094,599.78,6.97,56.56,17.31,42.77,4.4,3.68,-0.43,15.84,0,-0.85,0,576.97,8.7,15.85,17.43,618.95,1039.07,-5011.94,10.5899999999999,-1.46000000000004
Nov 2094,50.3,0.47,51.5,0.45,45.72,0.74,2.16,-1.18,1.33,0,0.06,0,48.5,6.48,10.72,2.08,67.78,1065.71,-5018.49,26.6400000000001,-6.55000000000018
Dec 2094,840.68,11.43,61.51,4.28,60.54,0.43,1.16,-1.26,22.21,0,-0.95,0,807.04,9.51,5.88,0.0,822.42,1103.31,-5022.52,37.5999999999999,-4.0300000000006495
Jan 2095,673.68,8.16,118.65,9.0,101.77,0.43,1.17,-1.26,17.8,0,-1.78,0,647.73,18.25,7.42,0.0,673.4,1159.96,-5003.69,56.650000000000105,18.8300000000008
Feb 2095,257.93,2.96,58.41,28.38,25.32,0.43,1.17,-1.25,6.81,0,-0.88,0,248.15,8.98,9.1,0.0,266.24,1256.3,-4990.1,96.3399999999999,13.589999999999199
Mar 2095,100.09,0.99,85.93,108.26,0.06,33.31,1.23,-1.24,2.64,0,-1.27,0,96.45,13.18,15.75,0.17,125.55,1274.51,-4986.58,18.21,3.5200000000004397
Apr 2095,260.05,2.48,94.25,88.54,17.31,22.19,3.83,-0.55,6.87,0,-1.39,0,250.7,14.45,25.66,14.51,305.32,1227.97,-4987.84,-46.54,-1.2600000000002198
May 2095,350.55,3.89,114.5,101.06,29.32,27.84,5.31,0.12,9.26,0,-1.66,0,337.4,17.5,34.66,31.06,420.63,1201.82,-5001.25,-26.1500000000001,-13.4099999999999
Jun 2095,145.53,1.42,47.87,128.1,14.51,99.93,6.49,0.5,3.84,0,-0.66,0,140.26,7.26,37.92,37.56,223.0,1173.84,-5029.9,-27.98,-28.6499999999996
Jul 2095,1971.05,22.91,105.57,141.75,13.7,41.68,3.89,-0.34,52.07,0,-1.66,0,1896.08,16.36,27.54,33.24,1973.22,1056.49,-5070.26,-117.35,-40.3600000000006
Aug 2095,1713.32,18.68,127.84,106.28,45.89,23.43,3.94,-0.36,45.26,0,-1.97,0,1649.37,19.76,22.08,30.2,1721.41,1005.2,-5057.31,-51.29,12.9499999999998
Sep 2095,966.17,11.22,49.84,46.19,12.19,4.25,4.01,-0.31,25.52,0,-0.77,0,929.43,7.7,18.62,23.9,979.66,1009.88,-5048.53,4.67999999999995,8.780000000000651
Oct 2095,2608.8,29.12,178.96,24.68,159.43,0.95,1.58,-1.13,68.92,0,-2.81,0,2510.77,27.74,13.28,18.52,2570.3,1003.52,-5052.0,-6.360000000000009,-3.4700000000002498
Nov 2095,278.0,3.08,71.32,0.28,64.8,0.58,1.42,-1.22,7.34,0,-1.07,0,267.58,10.96,9.56,0.71,288.81,1151.43,-5007.12,147.91,44.8800000000001
Dec 2095,300.74,3.35,66.88,0.36,61.01,0.44,1.17,-1.26,7.94,0,-1.0,0,289.45,10.29,6.27,0.0,306.01,1208.73,-5004.2,57.3,2.9200000000000697
Jan 2096,333.29,3.78,107.74,7.36,89.66,0.44,1.17,-1.25,8.8,0,-1.6,0,320.71,16.54,7.35,0.0,344.6,1265.46,-4999.69,56.73,4.51000000000022
Feb 2096,363.26,4.02,89.04,28.18,52.96,0.44,1.17,-1.25,9.6,0,-1.33,0,349.65,13.69,9.4,0.0,372.74,1349.76,-4994.92,84.3,4.769999999999531
Mar 2096,643.65,6.35,166.51,108.43,67.73,26.41,1.22,-1.24,17.0,0,-2.49,0,620.3,25.59,16.72,0.2,662.8,1395.31,-4989.08,45.55,5.84000000000015
Apr 2096,482.27,4.39,198.12,87.4,90.45,2.8,3.55,-0.66,12.74,0,-2.93,0,465.14,30.39,27.04,13.35,535.93,1422.39,-4977.22,27.0800000000002,11.8599999999997
May 2096,47.51,0.43,194.18,98.68,75.44,6.37,5.67,0.23,1.25,0,-2.79,0,45.82,29.66,38.58,29.89,143.95,1487.2,-4984.97,64.80999999999989,-7.75
Jun 2096,39.83,0.41,216.93,125.36,69.58,7.6,6.56,0.54,1.05,0,-3.11,0,38.36,33.12,42.87,36.81,151.16,1523.12,-5021.83,35.919999999999796,-36.8599999999997
Jul 2096,2020.9,23.23,268.28,137.34,136.64,19.71,3.88,-0.33,53.39,0,-4.04,0,1944.29,41.27,34.15,33.39,2053.1,1548.24,-5066.72,25.1200000000001,-44.8900000000003
Aug 2096,2099.26,23.64,281.83,109.34,185.2,28.19,3.46,-0.48,55.46,0,-4.25,0,2020.16,43.38,28.83,29.81,2122.17,1635.23,-5054.97,86.99,11.75
Sep 2096,1078.72,12.59,99.98,60.89,58.22,20.42,3.8,-0.35,28.5,0,-1.51,0,1037.63,15.4,26.05,23.35,1102.43,1767.36,-5037.52,132.13,17.4499999999998
Oct 2096,320.02,3.29,84.92,14.04,66.31,3.91,3.94,-0.36,8.45,0,-1.24,0,308.28,13.01,20.95,15.42,357.66,1783.25,-5038.04,15.8900000000001,-0.5199999999995271
Nov 2096,863.55,11.4,108.11,2.02,102.95,0.47,1.21,-1.22,22.81,0,-1.63,0,829.33,16.65,12.77,0.64,859.39,1829.0,-5050.55,45.75,-12.5100000000002
Dec 2096,418.94,5.3,88.82,0.25,81.99,0.44,1.18,-1.23,11.07,0,-1.33,0,402.56,13.65,8.3,0.0,424.52,1921.15,-5032.45,92.15000000000009,18.1000000000004
Jan 2097,249.82,2.86,77.31,7.13,62.75,0.44,1.18,-1.22,6.6,0,-1.15,0,240.36,11.88,8.31,0.0,260.54,1996.81,-5025.12,75.65999999999991,7.32999999999993
Feb 2097,6.37,0.05,53.19,27.48,24.02,5.63,1.19,-1.22,0.17,0,-0.78,0,6.16,8.15,14.18,0.02,28.51,2053.22,-5022.07,56.4099999999999,3.05000000000018
Mar 2097,41.34,0.49,68.88,107.94,2.07,50.18,3.16,-0.83,1.09,0,-1.01,0,39.76,10.55,28.29,5.88,84.49,2059.84,-5025.12,6.620000000000349,-3.05000000000018
Apr 2097,1.04,0.01,144.16,87.1,42.53,5.4,4.93,0.02,0.03,0,-2.07,0,1.01,22.01,37.27,24.09,84.38,1987.43,-5034.92,-72.4100000000001,-9.80000000000018
May 2097,1.92,0.01,172.89,98.87,56.85,6.73,5.91,0.35,0.05,0,-2.48,0,1.86,26.38,48.7,31.96,108.9,1992.2,-5065.97,4.76999999999998,-31.0500000000002
Jun 2097,277.49,2.79,103.11,127.37,14.3,50.04,6.34,0.48,7.33,0,-1.48,0,267.37,15.74,50.99,37.85,371.95,1999.18,-5105.92,6.980000000000019,-39.9499999999998
Jul 2097,977.24,10.76,86.83,135.55,8.39,58.4,5.52,0.21,25.82,0,-1.3,0,940.66,13.35,44.28,36.33,1034.62,1918.32,-5143.78,-80.8600000000001,-37.8599999999997
Aug 2097,1712.58,19.27,146.88,109.36,65.32,28.94,3.89,-0.33,45.24,0,-2.25,0,1648.07,22.66,31.87,30.06,1732.67,1829.35,-5160.9,-88.97,-17.1199999999999
Sep 2097,3237.35,37.97,161.62,74.16,127.01,24.12,1.82,-1.0,85.52,0,-2.59,0,3113.87,25.13,24.12,23.17,3186.29,1838.08,-5152.19,8.730000000000018,8.71000000000004
Oct 2097,529.42,6.23,47.07,16.24,35.15,4.62,3.8,-0.36,13.99,0,-0.7,0,509.2,7.23,22.79,17.34,556.56,1919.67,-5095.26,81.59000000000009,56.929999999999396
Nov 2097,870.25,10.42,124.79,0.99,117.49,0.61,1.42,-1.18,22.99,0,-1.89,0,836.84,19.21,14.54,1.3,871.9,1931.57,-5103.47,11.899999999999899,-8.21000000000004
Dec 2097,1262.01,16.74,102.85,2.34,103.39,0.44,1.19,-1.22,33.34,0,-1.58,0,1211.93,15.88,8.54,0.0,1236.35,2036.51,-5086.27,104.94,17.1999999999998
Jan 2098,230.44,2.72,62.87,7.15,50.16,0.44,1.19,-1.22,6.09,0,-0.94,0,221.63,9.66,10.57,0.0,241.86,2133.33,-5056.93,96.81999999999991,29.3400000000001
Feb 2098,374.28,4.02,96.62,27.36,60.34,0.45,1.2,-1.22,9.89,0,-1.45,0,360.37,14.85,15.63,0.05,390.9,2174.89,-5054.19,41.5599999999999,2.7400000000006903
Mar 2098,323.01,3.51,119.83,107.58,5.93,6.79,2.77,-0.93,8.53,0,-1.78,0,310.97,18.4,28.21,4.72,362.29,2221.56,-5048.22,46.67000000000011,5.969999999999349
Apr 2098,33.24,0.21,144.02,90.24,39.36,5.28,4.87,-0.01,0.88,0,-2.07,0,32.15,21.99,40.91,23.65,118.7,2196.2,-5049.89,-25.3600000000001,-1.67000000000007
May 2098,116.69,1.23,209.2,128.1,59.86,6.48,5.74,0.28,3.08,0,-3.02,0,112.37,31.96,53.03,31.69,229.05,2194.26,-5079.62,-1.9399999999996,-29.7299999999996
Jun 2098,609.21,6.73,227.5,154.51,54.69,6.48,5.74,0.28,16.09,0,-3.32,0,586.39,34.83,53.67,36.6,711.49,2200.07,-5116.7,5.80999999999995,-37.0799999999999
Jul 2098,1686.26,18.74,126.05,135.29,11.59,19.62,4.36,-0.18,44.55,0,-1.94,0,1622.97,19.47,45.68,33.96,1722.08,2200.07,-5145.99,0.0,-29.29
Aug 2098,1249.62,13.73,128.0,107.06,46.44,29.54,4.61,-0.1,33.01,0,-1.93,0,1202.87,19.7,38.94,30.99,1292.51,2150.9,-5141.88,-49.17000000000011,4.10999999999967
Sep 2098,1596.55,18.81,92.79,68.45,38.55,8.32,3.19,-0.54,42.18,0,-1.45,0,1535.57,14.37,31.02,23.96,1604.91,2133.57,-5146.5,-17.3299999999999,-4.61999999999989
Oct 2098,759.48,8.61,64.51,15.66,51.99,3.49,3.51,-0.46,20.06,0,-0.98,0,730.8,9.94,26.62,17.39,784.76,2136.5,-5133.46,2.92999999999984,13.04
Nov 2098,57.84,0.53,57.71,0.22,51.32,0.51,1.41,-1.21,1.53,0,0.23,0,55.78,6.98,15.87,0.45,79.09,2162.36,-5135.74,25.8600000000001,-2.27999999999975
Dec 2098,295.78,3.37,70.52,30.59,33.96,0.45,1.2,-1.22,7.81,0,-1.06,0,284.6,10.84,10.78,0.0,306.22,2199.92,-5137.06,37.5599999999999,-1.3200000000006202
Jan 2099,212.34,2.61,53.77,41.23,8.14,0.45,1.2,-1.22,5.61,0,-0.8,0,204.13,8.27,10.11,0.0,222.5,2225.07,-5132.72,25.1500000000001,4.34000000000015
Feb 2099,417.7,4.8,83.38,62.68,14.39,0.47,1.22,-1.22,11.03,0,-1.25,0,401.87,12.83,16.36,0.09,431.14,2225.07,-5130.33,0.0,2.39000000000033
Mar 2099,235.06,2.61,81.89,107.99,2.37,37.22,3.18,-0.79,6.21,0,-1.21,0,226.24,12.57,31.93,7.84,278.57,2225.07,-5123.08,0.0,7.25
Apr 2099,21.4,0.19,55.77,88.39,20.6,60.73,5.01,0.04,0.57,0,-0.78,0,20.64,8.48,42.23,25.0,96.35,2162.26,-5129.89,-62.809999999999896,-6.8100000000004
May 2099,27.68,0.26,27.81,101.0,30.16,106.91,5.89,0.33,0.73,0,-0.36,0,26.69,4.18,51.62,31.92,114.42,2084.88,-5160.08,-77.3800000000001,-30.1899999999996
Jun 2099,418.47,4.72,31.84,128.79,14.37,110.98,6.12,0.41,11.05,0,-0.45,0,402.69,4.84,51.38,37.91,496.83,1962.07,-5197.2,-122.81,-37.1199999999999
Jul 2099,2009.61,22.91,116.75,137.69,5.37,19.65,3.92,-0.33,53.09,0,-1.83,0,1933.61,18.08,39.21,33.3,2024.21,1819.78,-5230.21,-142.29,-33.0100000000002
Aug 2099,2333.1,26.44,150.36,110.5,71.43,26.06,3.21,-0.57,61.63,0,-2.35,0,2245.03,23.29,31.42,29.54,2329.27,1770.53,-5216.5,-49.25,13.71
Sep 2099,2211.46,26.37,91.39,71.47,57.44,23.91,2.46,-0.79,58.42,0,-1.48,0,2126.67,14.24,26.12,23.27,2190.3,1788.25,-5190.53,17.72,25.9700000000003
Oct 2099,2434.2,28.93,138.45,19.82,129.41,1.15,1.66,-1.06,64.3,0,-2.19,0,2340.97,21.48,22.44,18.56,2403.44,1798.91,-5160.1,10.6600000000001,30.4299999999994
Nov 2099,67.66,0.86,16.8,0.17,15.69,0.47,1.26,-1.23,1.79,0,-0.16,0,65.01,2.43,13.33,0.14,80.9,1907.46,-5119.27,108.55,40.8299999999999
Dec 2099,142.45,1.38,30.59,0.15,28.25,0.45,1.2,-1.23,3.76,0,-0.14,0,137.3,4.16,9.75,0.0,151.21,1911.84,-5120.27,4.37999999999988,-1.0
