Date,River_Basin,Climate_Model,Population_Growth_Rate,Efficiency,Precipitation,Runoff,SW_In,SW_Out,SW_Diversions,SW_Returns,GW_Diversions,GW_Returns,Recharge,GW_In,SW_to_GW,GW_Out,ET_Land_Surface,ET_SW,ET_Human_Use,ET_GW,ET_Total,Cumulative_Storage_Change_Human_Use,Cumulative_Storage_Change_GW,Monthly_Storage_Change_Human_Use,Monthly_Storage_Change_GW,Ag_Land
Jan 2016,Canadian,NCAR,No Change,No Change,32.71,0.72,0,0.13,1.37,0.24,0.73,0.95,0.47,0,-0.57,0,31.51,0.04,5.23,0,36.78,425.12,-2272.64,0,0,High
Feb 2016,Canadian,NCAR,No Change,No Change,776.13,10.52,0,3.66,13.8,0.25,0.73,0.94,9.39,0,-7.16,0,756.22,0.46,4.71,0,761.39,420.8,-2272.53,-4.31999999999999,0.109999999999673,High
Mar 2016,Canadian,NCAR,No Change,No Change,228.15,3.06,0,0.71,5.2,0.58,1.6,1.1,2.82,0,-2.48,0,222.27,0.21,7.93,0.07,230.47,429.43,-2270.07,8.63,2.46000000000004,High
Apr 2016,Canadian,NCAR,No Change,No Change,1445.04,16.54,0,9.11,29.8,11.58,14.5,3.83,14.81,0,-12.05,0,1413.7,1.26,20.66,2.39,1438.01,426.62,-2270.29,-2.81,-0.2199999999998,High
May 2016,Canadian,NCAR,No Change,No Change,1641.98,15.18,0,11.73,30.82,23.76,23.28,6.01,13.57,0,-4.27,0,1613.23,0.67,35.36,16.31,1665.56,434.85,-2280.6,8.23000000000002,-10.3099999999999,High
Jun 2016,Canadian,NCAR,No Change,No Change,2156.11,24.74,0,14.77,40.15,26.6,27.49,6.98,20.98,0,-4.56,0,2110.38,0.98,42.03,23.16,2176.55,423.82,-2304.89,-11.03,-24.29,High
Jul 2016,Canadian,NCAR,No Change,No Change,3544.92,43.29,0,18.6,48.09,16.22,21.42,5.69,37.69,0,-8.75,0,3463.94,1.57,35.15,22.74,3523.4,415.85,-2332.13,-7.96999999999997,-27.2400000000002,High
Aug 2016,Canadian,NCAR,No Change,No Change,3782.51,46.15,0,15.63,56.82,11.14,15.82,4.37,40.72,0,-17.09,0,3695.64,1.93,25.82,18.5,3741.89,428.31,-2341.66,12.46,-9.52999999999975,High
Sep 2016,Canadian,NCAR,No Change,No Change,2844.04,37.44,0,15.2,37.69,10.1,13.54,3.83,31.91,0,-6.68,0,2774.69,1.32,23.34,14.67,2814.01,459.62,-2347.98,31.31,-6.32000000000016,High
Oct 2016,Canadian,NCAR,No Change,No Change,213.81,2.61,0,12.1,13.8,24.63,23.44,6.15,2.45,0,1.03,0,208.75,0.31,27.89,3.9,240.85,473.58,-2347.12,13.96,0.860000000000127,High
Nov 2016,Canadian,NCAR,No Change,No Change,367,4.52,0,1.32,6.7,0.66,1.35,1.07,4.08,0,-3.09,0,358.4,0.23,5.91,0.03,364.58,452.15,-2364.83,-21.43,-17.71,High
Dec 2016,Canadian,NCAR,No Change,No Change,149.86,1.99,0,0.39,3.9,0.25,0.73,0.94,1.87,0,-2.17,0,146,0.13,3.55,0,149.67,452.57,-2364.15,0.420000000000016,0.679999999999836,High
Jan 2017,Canadian,NCAR,No Change,No Change,518.41,7.31,0,1.53,11.04,0.25,0.73,0.94,6.67,0,-5.36,0,504.43,0.34,4.15,0,508.92,452.46,-2364.23,-0.110000000000014,-0.0799999999999272,High
Feb 2017,Canadian,NCAR,No Change,No Change,200.81,3.32,0,0.91,4.61,0.25,0.73,0.94,2.87,0,-2.1,0,194.62,0.15,4.6,0,199.36,458.9,-2362.72,6.44,1.51000000000022,High
Mar 2017,Canadian,NCAR,No Change,No Change,284.94,4.03,0,1.09,5.69,0.84,2.19,1.21,3.59,0,-2.17,0,277.31,0.25,9.27,0.12,286.95,458.45,-2361.73,-0.449999999999989,0.989999999999782,High
Apr 2017,Canadian,NCAR,No Change,No Change,300.58,3.13,0,10.55,12.42,15.57,20.49,5.1,3,0,-4.97,0,294.45,0.69,26.32,2.57,324.03,455.01,-2361.4,-3.44,0.329999999999927,High
May 2017,Canadian,NCAR,No Change,No Change,1271.15,15.19,0,11.72,31.88,28.68,28.3,7.28,12.17,0,-0.3,0,1243.79,0.56,39.17,18.35,1301.87,440.92,-2381.32,-14.09,-19.9200000000001,High
Jun 2017,Canadian,NCAR,No Change,No Change,3389.19,37.81,0,16.12,45.6,15.82,18.11,4.81,32.81,0,-9.49,0,3318.57,1.4,32.83,22.6,3375.41,425.97,-2408.81,-14.95,-27.4899999999998,High
Jul 2017,Canadian,NCAR,No Change,No Change,2427.67,29.63,0,17.61,36.18,22.22,27.99,7.2,25.51,0,-2.94,0,2372.52,1.01,42.51,23.11,2439.16,436.22,-2421.39,10.25,-12.5799999999999,High
Aug 2017,Canadian,NCAR,No Change,No Change,2598.59,32.11,0,13.8,40.79,16.19,25.46,6.55,28.58,0,-7.69,0,2537.9,1.4,36.16,19.13,2594.59,428.45,-2442.72,-7.77000000000004,-21.3299999999999,High
Sep 2017,Canadian,NCAR,No Change,No Change,340.94,5.45,0,15.08,23.63,36.18,35.15,8.81,3.14,0,2.56,0,332.35,0.36,40.23,16.66,389.61,435.8,-2459.86,7.35000000000002,-17.1400000000003,High
Oct 2017,Canadian,NCAR,No Change,No Change,2338.53,34.66,0,13.82,31.21,3.35,6.69,2.26,29.42,0,-8.24,0,2274.45,1.23,11.9,3.32,2290.89,409.36,-2497.16,-26.44,-37.2999999999997,High
Nov 2017,Canadian,NCAR,No Change,No Change,192.94,2.88,0,0.64,4.49,0.25,0.73,0.94,2.38,0,-2.15,0,187.68,0.15,4.65,0,192.48,429.74,-2483.73,20.38,13.4299999999998,High
Dec 2017,Canadian,NCAR,No Change,No Change,787.24,10.95,0,4.13,11.52,0.25,0.73,0.94,9.34,0,-4.83,0,766.95,0.38,3.06,0,770.4,429.12,-2483.28,-0.620000000000005,0.449999999999818,High
Jan 2018,Canadian,NCAR,No Change,No Change,1287.03,18.03,0,5.1,21.61,0.25,0.73,0.94,15.43,0,-9.08,0,1253.57,0.66,4.56,0,1258.79,437.12,-2478.56,8,4.72000000000025,High
Feb 2018,Canadian,NCAR,No Change,No Change,805.63,10.52,0,3.35,15.4,0.25,0.73,0.94,9.59,0,-8.51,0,785.53,0.52,4.81,0,790.85,453.7,-2472.01,16.58,6.54999999999973,High
Mar 2018,Canadian,NCAR,No Change,No Change,2216.56,27.63,0,9.4,33.15,0.25,0.73,0.94,24.23,0,-15.76,0,2164.7,1.09,5.87,0,2171.66,463.84,-2470.72,10.14,1.29000000000042,High
Apr 2018,Canadian,NCAR,No Change,No Change,2063.73,22.97,0,11.45,32.37,6.11,4.09,1.56,22.12,0,-16.36,0,2018.64,1.62,12.37,0.96,2033.59,490.66,-2462.03,26.8200000000001,8.6899999999996,High
May 2018,Canadian,NCAR,No Change,No Change,5117.74,60.35,0,45.24,39.97,5.49,8.63,2.73,54.01,0,-22.92,0,5003.38,3.55,19.1,15.94,5041.97,507.07,-2459.75,16.41,2.2800000000002,High
Jun 2018,Canadian,NCAR,No Change,No Change,1936.99,26.69,0,16.09,39.27,29.42,30.27,7.67,20.87,0,-0.17,0,1889.43,0.91,45.94,23.45,1959.73,528.35,-2450.51,21.28,9.23999999999978,High
Jul 2018,Canadian,NCAR,No Change,No Change,1686.39,24.94,0,17.82,39.88,34.16,37,9.34,19.96,0,0.49,0,1641.5,0.91,51.69,23.92,1718.03,514.86,-2475.85,-13.49,-25.3399999999997,High
Aug 2018,Canadian,NCAR,No Change,No Change,3619.99,44.77,0,17.02,53.34,12.1,17.49,4.8,38.7,0,-15.31,0,3536.53,1.82,28.99,19.12,3586.46,496.55,-2506.99,-18.31,-31.1399999999999,High
Sep 2018,Canadian,NCAR,No Change,No Change,1529.53,19.09,0,14.56,26.99,22.91,22.39,5.87,15.79,0,-0.14,0,1494.65,0.59,34.26,16.35,1545.86,521.49,-2515.42,24.94,-8.43000000000029,High
Oct 2018,Canadian,NCAR,No Change,No Change,558.79,8.98,0,11.71,16.55,21.85,23.05,6.23,7.41,0,2.21,0,542.4,0.37,29.31,5.9,577.97,507.83,-2532.65,-13.66,-17.23,High
Nov 2018,Canadian,NCAR,No Change,No Change,770.41,10.69,0,3.04,14.34,0.25,0.73,0.95,9.55,0,-6.9,0,750.17,0.46,4.91,0,755.54,490.04,-2545.75,-17.79,-13.0999999999999,High
Dec 2018,Canadian,NCAR,No Change,No Change,113.83,1.57,0,0.44,2.63,0.26,0.73,0.95,1.29,0,-1.32,0,110.97,0.08,4.37,0,115.42,499.01,-2542.89,8.96999999999997,2.86000000000013,High
Jan 2019,Canadian,NCAR,No Change,No Change,715.85,9.98,0,1.99,15.28,0.25,0.73,0.94,9.22,0,-7.51,0,696.65,0.48,4.24,0,701.36,496.8,-2542.72,-2.20999999999998,0.170000000000073,High
Feb 2019,Canadian,NCAR,No Change,No Change,273.4,4.02,0,1.21,5.76,0.25,0.73,0.94,3.53,0,-2.88,0,265.85,0.19,5.35,0,271.39,507.37,-2540.79,10.57,1.92999999999984,High
Mar 2019,Canadian,NCAR,No Change,No Change,1119.71,13.69,0,4.1,19.3,0.29,0.76,0.95,12.82,0,-10.12,0,1093.19,0.69,7.67,0.01,1101.56,507.32,-2539.93,-0.0500000000000114,0.860000000000127,High
Apr 2019,Canadian,NCAR,No Change,No Change,511.32,5.77,0,10.06,14.52,13.3,18.39,4.64,5.3,0,-6.31,0,500.25,0.79,25.28,2.04,528.37,518.49,-2537.06,11.17,2.86999999999989,High
May 2019,Canadian,NCAR,No Change,No Change,1531.91,22.83,0,10.27,27.19,9.7,27.01,7.09,17.53,0,-6.13,0,1491.55,1.19,34.23,12.34,1539.32,508.18,-2553.86,-10.31,-16.8000000000002,High
Jun 2019,Canadian,NCAR,No Change,No Change,2667.53,31.97,0,15.1,38.42,18.69,22.31,5.78,26.55,0,-3.92,0,2609.01,1.06,39.2,22.95,2672.23,511.37,-2574.74,3.19,-20.8799999999997,High
Jul 2019,Canadian,NCAR,No Change,No Change,2892.89,39.64,0,17.59,44.15,19.93,28.16,7.27,33.27,0,-3.56,0,2819.98,1.39,44.26,23.19,2888.82,508.42,-2591.59,-2.94999999999999,-16.8500000000004,High
Aug 2019,Canadian,NCAR,No Change,No Change,2019.09,30.19,0,13.5,38.62,17.82,31.02,7.92,23.26,0,-5.44,0,1965.63,1.34,42.52,19.55,2029.04,509.27,-2605.96,0.849999999999966,-14.3699999999999,High
Sep 2019,Canadian,NCAR,No Change,No Change,787.59,11.29,0,15.1,29.64,35.07,32.71,8.28,9.36,0,1.09,0,766.93,0.53,42.41,16.34,826.21,510.65,-2630.8,1.38,-24.8400000000001,High
Oct 2019,Canadian,NCAR,No Change,No Change,837.27,10.19,0,10.93,12.65,11.65,17.58,4.7,9.3,0,-2.35,0,817.77,0.6,23.23,3.72,845.32,487.25,-2661.12,-23.4,-30.3199999999997,High
Nov 2019,Canadian,NCAR,No Change,No Change,670.85,9.77,0,2.46,13.39,0.25,0.73,0.94,8.48,0,-6.28,0,652.6,0.44,4.91,0,657.95,477.91,-2670.76,-9.33999999999998,-9.64000000000033,High
Dec 2019,Canadian,NCAR,No Change,No Change,463.03,7.8,0,2,9.54,0.25,0.73,0.94,6.66,0,-3.79,0,448.56,0.31,4.25,0,453.11,485.93,-2668.34,8.01999999999998,2.42000000000007,High
Jan 2020,Canadian,NCAR,No Change,No Change,834.58,11.34,0,2.69,16.52,0.25,0.73,0.94,10.2,0,-8.14,0,813.04,0.51,4.45,0,817.99,490.77,-2665.27,4.83999999999998,3.07000000000016,High
Feb 2020,Canadian,NCAR,No Change,No Change,863.16,12.26,0,4.18,15.41,0.25,0.73,0.94,10.68,0,-7.6,0,840.21,0.51,5.38,0,846.1,502.38,-2662.99,11.61,2.2800000000002,High
Mar 2020,Canadian,NCAR,No Change,No Change,274.17,4.45,0,0.71,7.21,0.29,0.76,0.95,3.23,0,-3.42,0,266.48,0.24,7.57,0,274.29,511.96,-2659.69,9.57999999999998,3.29999999999973,High
Apr 2020,Canadian,NCAR,No Change,No Change,1764.66,20.6,0,17.94,21.79,9.07,11.35,3.13,17.85,0,-11.57,0,1726.22,1.51,18.95,0.91,1747.58,511.12,-2659.7,-0.839999999999975,-0.00999999999976353,High
May 2020,Canadian,NCAR,No Change,No Change,2470.33,28.86,0,15.64,33.21,11.8,18.36,4.97,24.35,0,-9.73,0,2417.12,1.55,29.84,13.91,2462.42,513.11,-2662.54,1.99000000000001,-2.84000000000015,High
Jun 2020,Canadian,NCAR,No Change,No Change,790.48,9.58,0,14.8,34.65,40.62,40.46,10.05,8.03,0,0.21,0,772.88,0.54,50.5,23.54,847.46,518.06,-2675.22,4.94999999999993,-12.6799999999998,High
Jul 2020,Canadian,NCAR,No Change,No Change,2584.48,33.57,0,17.34,39.17,20.64,29.91,7.71,29.19,0,-3.5,0,2521.73,1.2,45.8,23.54,2592.27,492.01,-2720.94,-26.05,-45.7200000000003,High
Aug 2020,Canadian,NCAR,No Change,No Change,2450.13,33.21,0,13.77,38.67,17.83,25.99,6.8,28.71,0,-2.54,0,2388.21,1.14,38.95,19.8,2448.09,486.94,-2741,-5.06999999999999,-20.0599999999999,High
Sep 2020,Canadian,NCAR,No Change,No Change,1893.71,24.14,0,14.54,23.33,13.39,17.45,4.72,20.44,0,-1.06,0,1849.14,0.71,28.36,14.76,1892.97,488.03,-2753.83,1.08999999999998,-12.8299999999999,High
Oct 2020,Canadian,NCAR,No Change,No Change,645.05,9.61,0,10.67,12.19,13.08,17.89,4.81,8.65,0,-0.69,0,626.79,0.52,23.04,3.17,653.53,482.35,-2761.94,-5.67999999999995,-8.11000000000013,High
Nov 2020,Canadian,NCAR,No Change,No Change,683.5,9.85,0,2.94,12.24,0.25,0.73,0.94,8.64,0,-5.48,0,665.01,0.39,4.56,0,669.96,471.5,-2770.23,-10.85,-8.28999999999996,High
Dec 2020,Canadian,NCAR,No Change,No Change,635.47,9.08,0,2.61,11.83,0.25,0.73,0.94,7.98,0,-5.5,0,618.42,0.39,3.74,0,622.54,478.73,-2766.86,7.23000000000002,3.36999999999989,High
Jan 2021,Canadian,NCAR,No Change,No Change,789.05,9.99,0,2.89,13.88,0.25,0.73,0.94,8.8,0,-6.97,0,770.27,0.43,4.57,0,775.27,486.36,-2764.18,7.63,2.68000000000029,High
Feb 2021,Canadian,NCAR,No Change,No Change,366.98,5.07,0,1.66,7.13,0.25,0.73,0.94,4.48,0,-3.7,0,357.43,0.23,5.29,0,362.95,495.2,-2762.13,8.83999999999998,2.04999999999973,High
Mar 2021,Canadian,NCAR,No Change,No Change,282.81,4.2,0,1.78,5.42,1.36,3.67,1.51,3.64,0,-1.91,0,274.97,0.27,11.35,0.22,286.81,496.58,-2761.14,1.38,0.990000000000236,High
Apr 2021,Canadian,NCAR,No Change,No Change,849.43,10.01,0,9.18,19.9,11.91,15.66,4.1,7.16,0,-8.04,0,832.26,0.88,23.21,5.59,861.94,491.46,-2761.8,-5.12,-0.660000000000309,High
May 2021,Canadian,NCAR,No Change,No Change,1022.43,14.98,0,11.78,32.89,30.28,30,7.62,9.2,0,-0.07,0,998.26,0.66,39.83,15.12,1053.86,487.8,-2779.83,-3.65999999999997,-18.0299999999997,High
Jun 2021,Canadian,NCAR,No Change,No Change,2414.02,37.48,0,13.83,42.57,18.73,25.62,6.69,28.39,0,-1.43,0,2348.15,1.25,40.44,21.62,2411.47,472.96,-2808.2,-14.84,-28.3699999999999,High
Jul 2021,Canadian,NCAR,No Change,No Change,2328.21,30.1,0,16.9,40.27,25.03,30.83,7.87,25.37,0,-3.15,0,2272.74,1.12,46.69,23.58,2344.13,475.3,-2821.81,2.34000000000003,-13.6100000000001,High
Aug 2021,Canadian,NCAR,No Change,No Change,990.49,13.42,0,14.43,37.52,38.83,38.38,9.57,11.29,0,-0.36,0,965.79,0.67,47.54,20.57,1034.57,466.79,-2846.12,-8.50999999999999,-24.3099999999999,High
Sep 2021,Canadian,NCAR,No Change,No Change,321.49,5.37,0,15.09,23.09,36.05,35.18,8.83,3.06,0,2.91,0,313.06,0.34,40.2,16.78,370.38,446.75,-2884.58,-20.04,-38.46,High
Oct 2021,Canadian,NCAR,No Change,No Change,456.58,6.31,0,11.73,14.81,21.39,21.07,5.59,5.42,0,0.77,0,444.86,0.38,25.97,4.39,475.6,419.93,-2921.74,-26.82,-37.1599999999999,High
Nov 2021,Canadian,NCAR,No Change,No Change,362.15,4.89,0,1.41,7.03,1.05,3.22,1.46,4.67,0,-2.82,0,352.59,0.31,7.33,0.11,360.34,402.87,-2935.42,-17.06,-13.6800000000003,High
Dec 2021,Canadian,NCAR,No Change,No Change,345.73,5.37,0,1.45,7.1,0.25,0.73,0.94,4.68,0,-3.17,0,335.69,0.23,3.85,0,339.77,403.28,-2935.43,0.409999999999968,-0.00999999999976353,High
Jan 2022,Canadian,NCAR,No Change,No Change,905.63,12.08,0,3.17,16.84,0.25,0.73,0.94,10.82,0,-8.2,0,882.72,0.53,3.78,0,887.03,406.07,-2933.71,2.79000000000002,1.7199999999998,High
Feb 2022,Canadian,NCAR,No Change,No Change,739.13,10.46,0,3.61,12.92,0.25,0.73,0.94,8.64,0,-6.26,0,720.04,0.44,5.1,0,725.57,418.66,-2930.88,12.59,2.82999999999993,High
Mar 2022,Canadian,NCAR,No Change,No Change,133.9,2.73,0,0.34,4.47,0.38,1.01,0.99,1.8,0,-1.84,0,129.37,0.16,7.05,0.02,136.6,426.03,-2928.29,7.36999999999995,2.59000000000015,High
Apr 2022,Canadian,NCAR,No Change,No Change,742.66,12.96,0,9.61,18.19,7.99,17.67,4.4,8.97,0,-7.96,0,720.72,1.12,22.45,1.19,745.48,423.08,-2928.37,-2.94999999999999,-0.0799999999999272,High
May 2022,Canadian,NCAR,No Change,No Change,3687.11,50.66,0,14.67,60.5,7.76,12.36,3.57,37.62,0,-18.88,0,3598.82,2.12,22.55,16.13,3639.63,424.09,-2941.82,1.00999999999999,-13.4500000000003,High
Jun 2022,Canadian,NCAR,No Change,No Change,1091.89,15.52,0,13.96,34.42,34,34.13,8.61,9.29,0,0.58,0,1067.07,0.57,44.38,23.89,1135.92,463.08,-2948,38.99,-6.17999999999984,High
Jul 2022,Canadian,NCAR,No Change,No Change,2280.13,30.88,0,17.63,41.49,27.37,31.55,8.02,24.14,0,-1.95,0,2225.1,1.09,46.84,24.25,2297.28,444.64,-2987.55,-18.44,-39.5500000000002,High
Aug 2022,Canadian,NCAR,No Change,No Change,1891.54,27.84,0,14.37,37.55,25.59,30.69,7.85,22.09,0,0.58,0,1841.61,0.93,41.78,20.67,1905,435.44,-3013.13,-9.19999999999999,-25.5799999999999,High
Sep 2022,Canadian,NCAR,No Change,No Change,1308.58,20.42,0,14.13,31.63,25.74,27.78,7.18,16.11,0,-0.4,0,1272.05,0.81,37.89,15.79,1326.55,428.45,-3033.97,-6.99000000000001,-20.8399999999997,High
Oct 2022,Canadian,NCAR,No Change,No Change,1527.58,25.4,0,11.13,18.2,4.29,9.62,3.02,18.79,0,-0.42,0,1483.38,0.78,14.64,3.48,1502.28,417.04,-3054.65,-11.41,-20.6800000000003,High
Nov 2022,Canadian,NCAR,No Change,No Change,90.86,2.32,0,0.24,3.54,0.25,0.73,0.94,1.26,0,-1.34,0,87.28,0.11,4.72,0,92.11,422.92,-3046.36,5.88,8.28999999999996,High
Dec 2022,Canadian,NCAR,No Change,No Change,543.27,7.33,0,1.97,10.73,0.25,0.73,0.94,6.47,0,-5.48,0,529.46,0.36,3.41,0,533.23,421.29,-3046.22,-1.63,0.140000000000327,High
Jan 2023,Canadian,NCAR,No Change,No Change,313.61,4.63,0,0.72,8.15,0.25,0.73,0.94,4.25,0,-4.25,0,304.73,0.26,4.36,0,309.34,428.15,-3045.01,6.85999999999996,1.20999999999958,High
Feb 2023,Canadian,NCAR,No Change,No Change,246.03,3.87,0,1.02,5.8,0.25,0.73,0.94,3.37,0,-2.89,0,238.78,0.19,5.31,0,244.28,431.48,-3044.8,3.33000000000004,0.210000000000036,High
Mar 2023,Canadian,NCAR,No Change,No Change,426.35,8.96,0,1.79,10.16,0.44,0.95,0.98,4.84,0,-2.89,0,412.55,0.34,7.18,0.03,420.11,431.51,-3044.1,0.0299999999999727,0.700000000000273,High
Apr 2023,Canadian,NCAR,No Change,No Change,132.45,9.42,0,12.22,19.83,22.84,31.02,7.92,0.89,0,-0.53,0,122.15,0.74,38,8.82,169.7,434.02,-3042.15,2.50999999999999,1.94999999999982,High
May 2023,Canadian,NCAR,No Change,No Change,2895.66,42.9,0,11.61,50.21,12.85,19.6,5.26,32.6,0,-7.79,0,2820.17,1.71,31.26,19.58,2872.73,416.11,-3073.72,-17.91,-31.5699999999997,High
Jun 2023,Canadian,NCAR,No Change,No Change,1934.99,24.13,0,15.03,40.85,30.45,29.67,7.51,19.06,0,-2.18,0,1891.81,0.88,44.1,23.99,1960.77,436.56,-3082.84,20.45,-9.12000000000035,High
Jul 2023,Canadian,NCAR,No Change,No Change,2452.9,31.31,0,18.1,40.29,25.47,32.28,8.21,27.43,0,-2.76,0,2394.16,1.15,47.36,24.59,2467.26,425.02,-3112.11,-11.54,-29.27,High
Aug 2023,Canadian,NCAR,No Change,No Change,727.89,10.28,0,14.43,33.38,39.53,40,9.95,7.95,0,1.46,0,709.66,0.52,46.09,20.97,777.25,416.55,-3136.11,-8.46999999999997,-24,High
Sep 2023,Canadian,NCAR,No Change,No Change,128.93,2.68,0,15.75,21.36,38.1,37.99,9.37,1.41,0,3.38,0,124.83,0.29,40.95,17.22,183.29,394.37,-3177.72,-22.18,-41.6099999999997,High
Oct 2023,Canadian,NCAR,No Change,No Change,1511.35,19.14,0,9.49,16.54,3.59,5.38,1.85,16.1,0,-4.02,0,1476.11,0.71,10.28,1.74,1488.84,365.3,-3218.76,-29.07,-41.0400000000004,High
Nov 2023,Canadian,NCAR,No Change,No Change,505.76,7.32,0,2.02,9.74,0.25,0.73,0.94,6.57,0,-4.51,0,491.87,0.32,4.79,0,496.98,371.5,-3211.95,6.19999999999999,6.8100000000004,High
Dec 2023,Canadian,NCAR,No Change,No Change,792.74,10.96,0,4.07,11.77,0.25,0.73,0.94,9.28,0,-5.03,0,772.5,0.39,3.22,0,776.11,375.99,-3209.68,4.49000000000001,2.26999999999998,High
Jan 2024,Canadian,NCAR,No Change,No Change,363.98,5.78,0,1.1,8.45,0.25,0.73,0.94,5.2,0,-3.78,0,353,0.26,4.22,0,357.47,384.08,-3205.22,8.08999999999998,4.46000000000004,High
Feb 2024,Canadian,NCAR,No Change,No Change,575.46,7.89,0,2.94,9.61,0.25,0.73,0.94,6.68,0,-4.74,0,560.89,0.32,4.18,0,565.4,387.86,-3203.59,3.78000000000003,1.62999999999965,High
Mar 2024,Canadian,NCAR,No Change,No Change,403.65,7.81,0,1.99,8.49,0.32,0.8,0.95,4.14,0,-2.63,0,391.7,0.28,6.36,0.01,398.35,392.83,-3201.43,4.96999999999997,2.16000000000031,High
Apr 2024,Canadian,NCAR,No Change,No Change,366.65,13.94,0,10.51,13.45,7.81,20.8,5.24,4.26,0,-3.2,0,348.45,1,25.54,2.5,377.49,394.48,-3199.79,1.65000000000003,1.63999999999987,High
May 2024,Canadian,NCAR,No Change,No Change,2083.91,33.93,0,12.72,45.12,22.71,21.94,5.57,17.43,0,-2.41,0,2032.56,1.2,36.18,20.02,2089.96,390.13,-3216.79,-4.35000000000002,-17,High
Jun 2024,Canadian,NCAR,No Change,No Change,1698.36,25.83,0,15.23,45.44,34.82,31.45,7.87,15.66,0,-0.97,0,1656.87,0.95,44.56,23.76,1726.14,392.72,-3238.15,2.59000000000003,-21.3600000000001,High
Jul 2024,Canadian,NCAR,No Change,No Change,1825.23,26.59,0,17.86,43.88,34.88,36.11,9.07,19.77,0,-1.32,0,1778.87,1.05,49.17,24.34,1853.43,382.36,-3270.8,-10.36,-32.6500000000001,High
Aug 2024,Canadian,NCAR,No Change,No Change,2145.61,31.54,0,14.49,35.96,19.96,25.71,6.73,23.75,0,0.11,0,2090.32,0.94,36.21,20.26,2147.72,369.23,-3303.73,-13.13,-32.9299999999998,High
Sep 2024,Canadian,NCAR,No Change,No Change,877.21,12.34,0,14.07,26.37,30.35,28.9,7.43,9.83,0,1.8,0,855.03,0.45,36.07,15.97,907.52,367.99,-3319.1,-1.24000000000001,-15.3699999999999,High
Oct 2024,Canadian,NCAR,No Change,No Change,524.9,7.71,0,11.17,14.27,19.37,19.29,5.21,6.23,0,1.27,0,510.96,0.36,23.52,4.06,538.9,349.41,-3344.9,-18.58,-25.8000000000002,High
Nov 2024,Canadian,NCAR,No Change,No Change,156.01,2.09,0,0.46,3.7,0.25,0.73,0.94,1.91,0,-1.95,0,152.02,0.12,4.34,0,156.48,334.87,-3355.53,-14.54,-10.6300000000001,High
Dec 2024,Canadian,NCAR,No Change,No Change,1127.29,17.08,0,6.83,14.58,0.25,0.73,0.94,12.86,0,-4.57,0,1097.34,0.49,2.99,0,1100.82,333.77,-3355.37,-1.10000000000002,0.160000000000309,High
Jan 2025,Canadian,NCAR,No Change,No Change,179.17,3.23,0,0.6,4.6,0.25,0.73,0.94,2.43,0,-1.87,0,173.51,0.14,4.6,0,178.25,344.89,-3346.86,11.12,8.50999999999976,High
Feb 2025,Canadian,NCAR,No Change,No Change,174.04,2.77,0,0.61,4.35,0.25,0.73,0.94,2.07,0,-2.09,0,169.2,0.15,4.82,0,174.16,344.43,-3346.09,-0.45999999999998,0.769999999999982,High
Mar 2025,Canadian,NCAR,No Change,No Change,421.78,9.54,0,1.51,11.34,1.1,2.38,1.26,5.23,0,-2.65,0,407.01,0.44,7.9,0.13,415.48,343.51,-3345.9,-0.920000000000016,0.190000000000055,High
Apr 2025,Canadian,NCAR,No Change,No Change,1002.14,13.9,0,9.38,22.26,10.38,15.91,4.21,9.54,0,-8.4,0,978.7,1.03,21.04,3.33,1004.1,346.98,-3344.57,3.47000000000003,1.32999999999993,High
May 2025,Canadian,NCAR,No Change,No Change,1320.67,17.16,0,13.13,39.31,34.91,32.77,8.18,12.85,0,-1.11,0,1290.66,0.74,43.23,22.01,1356.64,349.52,-3358.46,2.53999999999996,-13.8899999999999,High
Jun 2025,Canadian,NCAR,No Change,No Change,1654.32,24.51,0,15.16,41.01,33.07,33.81,8.57,18.82,0,0.56,0,1610.99,0.86,44.45,23.97,1680.27,335.28,-3393.33,-14.24,-34.8699999999999,High
Jul 2025,Canadian,NCAR,No Change,No Change,1710.77,23.14,0,18.85,41.82,38.23,38.3,9.53,19.23,0,-0.25,0,1668.4,0.95,49.26,24.25,1742.86,324,-3423.15,-11.28,-29.8200000000002,High
Aug 2025,Canadian,NCAR,No Change,No Change,5648.23,72.08,0,28.04,74.13,7.55,9.96,3.03,57.89,0,-25.09,0,5518.27,2.55,17.79,19.06,5557.66,307.11,-3457.2,-16.89,-34.0499999999997,High
Sep 2025,Canadian,NCAR,No Change,No Change,821.81,11.63,0,15.35,28.59,34.67,31.58,7.96,8.86,0,1.86,0,801.32,0.51,38.73,16.69,857.24,362.83,-3450.39,55.72,6.80999999999995,High
Oct 2025,Canadian,NCAR,No Change,No Change,2167.35,32.18,0,10.62,35.89,4.12,6.62,2.12,25.38,0,-11.65,0,2109.79,1.44,11.07,1.55,2123.85,341.63,-3479.98,-21.2,-29.5900000000001,High
Nov 2025,Canadian,NCAR,No Change,No Change,154.97,2.16,0,0.43,3.89,0.25,0.73,0.94,1.84,0,-2.03,0,150.97,0.13,4.24,0,155.34,366.83,-3472.3,25.2,7.67999999999984,High
Dec 2025,Canadian,NCAR,No Change,No Change,122.16,2.3,0,0.49,3.23,0.25,0.73,0.94,1.44,0,-1.27,0,118.41,0.1,2.95,0,121.47,366.01,-3472.27,-0.819999999999993,0.0300000000002001,High
Jan 2026,Canadian,NCAR,No Change,No Change,322.18,6.03,0,1.29,7.07,0.25,0.73,0.94,4.76,0,-2.29,0,311.4,0.21,3.41,0,315.02,365.84,-3471.89,-0.170000000000016,0.380000000000109,High
Feb 2026,Canadian,NCAR,No Change,No Change,287.02,6.14,0,1.73,6.3,0.25,0.73,0.94,3.95,0,-1.85,0,276.94,0.21,4.04,0,281.18,369.03,-3469.22,3.19,2.67000000000007,High
Mar 2026,Canadian,NCAR,No Change,No Change,1145.4,18.07,0,4.72,21.81,0.68,1.21,1.03,12.45,0,-8.53,0,1114.88,0.75,7.06,0.1,1122.79,370.83,-3466.91,1.80000000000001,2.30999999999995,High
Apr 2026,Canadian,NCAR,No Change,No Change,529.88,14.95,0,10.35,14.24,8.16,18.68,4.8,6.45,0,-2.39,0,508.48,0.9,23.58,2.45,535.41,385.09,-3463.28,14.26,3.62999999999965,High
May 2026,Canadian,NCAR,No Change,No Change,1261.61,34.64,0,12,48.4,29.27,29.54,7.44,11.47,0,2.32,0,1215.5,1.2,41.15,20.09,1277.93,381.47,-3475.55,-3.61999999999995,-12.27,High
Jun 2026,Canadian,NCAR,No Change,No Change,1331.99,21.91,0,15.71,45.74,40.13,38.3,9.53,13.64,0,-0.33,0,1296.45,0.93,50.18,24.97,1372.53,381.55,-3503.95,0.0799999999999841,-28.3999999999996,High
Jul 2026,Canadian,NCAR,No Change,No Change,1650.44,24.37,0,18.23,41.33,36.47,39.04,9.81,20.13,0,0.32,0,1605.95,0.95,50.19,24.31,1681.4,365.75,-3544.39,-15.8,-40.4400000000001,High
Aug 2026,Canadian,NCAR,No Change,No Change,1800.61,25.57,0,14.45,38.71,26.55,32.47,8.25,21.55,0,-2.07,0,1753.5,1.04,42.01,20.52,1817.05,349.64,-3577.48,-16.11,-33.0900000000001,High
Sep 2026,Canadian,NCAR,No Change,No Change,401.54,7.27,0,15.32,24.7,36.48,35.41,8.88,5.35,0,3.37,0,388.92,0.36,39.61,17.37,446.26,344.01,-3602.75,-5.63,-25.27,High
Oct 2026,Canadian,NCAR,No Change,No Change,116.62,2.21,0,12.91,16.45,29.89,27.1,7.05,1.54,0,2.49,0,112.87,0.25,29.78,5.92,148.81,319.15,-3637.93,-24.86,-35.1799999999998,High
Nov 2026,Canadian,NCAR,No Change,No Change,436.26,5.8,0,1.87,7.31,0.72,1.45,1.09,4.77,0,-2.92,0,425.7,0.26,4.66,0.05,430.66,295.99,-3659.87,-23.16,-21.9400000000001,High
Dec 2026,Canadian,NCAR,No Change,No Change,299.38,4.54,0,1.02,6.86,0.25,0.73,0.94,3.9,0,-3.32,0,290.94,0.23,2.55,0,293.72,298.27,-3658.42,2.27999999999997,1.44999999999982,High
Jan 2027,Canadian,NCAR,No Change,No Change,685.89,10.34,0,2.15,14.13,0.25,0.73,0.94,8.8,0,-6.14,0,666.75,0.45,3.79,0,670.99,302.13,-3657.64,3.86000000000001,0.7800000000002,High
Feb 2027,Canadian,NCAR,No Change,No Change,542.81,8.79,0,3.2,9.38,0.25,0.73,0.94,6.82,0,-3.85,0,527.19,0.32,3.41,0,530.92,312.01,-3654.77,9.88,2.86999999999989,High
Mar 2027,Canadian,NCAR,No Change,No Change,296.23,6.85,0,0.91,10.08,0.47,0.98,0.98,3.84,0,-4.01,0,285.53,0.35,5.6,0.02,291.51,317.51,-3651.59,5.5,3.17999999999984,High
Apr 2027,Canadian,NCAR,No Change,No Change,917.52,16.44,0,9.97,17.45,6.83,15.33,3.95,8.77,0,-5.17,0,892.31,1.02,19.44,1.52,914.28,321.5,-3651.77,3.99000000000001,-0.179999999999836,High
May 2027,Canadian,NCAR,No Change,No Change,3061.99,54.17,0,13.01,69.75,10.74,14.7,4.14,30.81,0,-20.28,0,2977.01,2.43,24.47,17.67,3021.58,324.06,-3661.06,2.56,-9.28999999999996,High
Jun 2027,Canadian,NCAR,No Change,No Change,748.66,22.99,0,13.84,47.02,39.34,38.26,9.53,6.43,0,0.49,0,719.24,0.99,51.47,24.22,795.91,369.16,-3678.77,45.1,-17.71,High
Jul 2027,Canadian,NCAR,No Change,No Change,2339.07,35.69,0,17.48,44.03,24.38,31.15,7.93,24.96,0,-2.77,0,2278.42,1.33,46.01,24.24,2350,354.11,-3724.8,-15.05,-46.0300000000002,High
Aug 2027,Canadian,NCAR,No Change,No Change,1092.79,14.32,0,14.49,37.04,37.6,36.29,9.08,11.54,0,-0.25,0,1066.93,0.64,43.96,21.06,1132.6,350.97,-3750.07,-3.13999999999999,-25.27,High
Sep 2027,Canadian,NCAR,No Change,No Change,3377.03,44.8,0,19.61,41.93,8.36,10.12,3.08,37.12,0,-9.84,0,3295.11,1.46,18.31,15.74,3330.62,333.65,-3787.05,-17.3200000000001,-36.98,High
Oct 2027,Canadian,NCAR,No Change,No Change,3374.09,43.38,0,18.47,44.2,0.25,0.73,0.94,37.23,0,-20.66,0,3293.48,1.62,4.47,0.59,3300.16,355.95,-3782.55,22.3,4.5,High
Nov 2027,Canadian,NCAR,No Change,No Change,343.27,14.09,0,0.61,24.01,0.24,0.73,0.94,4.88,0,-11.14,0,324.3,0.85,4.63,0,329.78,395.22,-3766.36,39.27,16.1900000000001,High
Dec 2027,Canadian,NCAR,No Change,No Change,527.66,10.14,0,2.37,12.88,0.25,0.73,0.94,7.13,0,-5.3,0,510.4,0.43,3.09,0,513.92,414.15,-3772.4,18.93,-6.03999999999996,High
Jan 2028,Canadian,NCAR,No Change,No Change,219.79,8.04,0,0.34,14.34,0.24,0.73,0.94,3.17,0,-6.91,0,208.58,0.5,4.98,0,214.07,423.47,-3770.35,9.32000000000005,2.05000000000018,High
Feb 2028,Canadian,NCAR,No Change,No Change,400.26,7.84,0,1.9,10.78,0.25,0.73,0.94,5.03,0,-4.96,0,387.39,0.37,3.66,0,391.42,432.38,-3773.88,8.90999999999997,-3.5300000000002,High
Mar 2028,Canadian,NCAR,No Change,No Change,123.73,6.84,0,0.29,11.36,0.33,1.09,1.01,1.56,0,-4.9,0,115.33,0.42,6.8,0.03,122.58,439.04,-3773.59,6.66000000000003,0.289999999999964,High
Apr 2028,Canadian,NCAR,No Change,No Change,506.81,13.86,0,9.59,14.86,6.88,16.42,4.11,4.79,0,-4.7,0,488.16,1,21.71,1.22,512.09,443.35,-3777.03,4.31,-3.44000000000005,High
May 2028,Canadian,NCAR,No Change,No Change,2074.26,39.61,0,9.33,55.55,11.22,20.47,5.41,18.96,0,-16.21,0,2015.69,2.17,30.64,15.96,2064.46,441.92,-3790.47,-1.43000000000001,-13.4399999999996,High
Jun 2028,Canadian,NCAR,No Change,No Change,1617.82,35.22,0,13.75,47.88,22.66,33.81,8.44,16.21,0,-5.42,0,1566.4,1.66,49.55,23.25,1640.86,470.66,-3818.73,28.74,-28.2600000000002,High
Jul 2028,Canadian,NCAR,No Change,No Change,4266.59,50.41,0,18.95,62.47,14.65,20.06,5.31,44.52,0,-18.53,0,4171.66,2.18,33.94,22.91,4230.68,471.71,-3856.56,1.04999999999995,-37.8299999999999,High
Aug 2028,Canadian,NCAR,No Change,No Change,3165.86,39.38,0,13.54,50.82,13.84,23.19,6,34.93,0,-13,0,3091.55,1.87,33.85,19.29,3146.56,500.33,-3868.23,28.62,-11.6700000000001,High
Sep 2028,Canadian,NCAR,No Change,No Change,614.87,8.68,0,15.2,29.95,37.18,34.65,8.73,7.02,0,0.18,0,599.17,0.53,43.92,16.54,660.15,520.65,-3882.78,20.32,-14.5500000000002,High
Oct 2028,Canadian,NCAR,No Change,No Change,1119.66,16.85,0,9.92,15.26,6.76,13.35,3.79,12.92,0,-2.28,0,1089.89,0.71,19.21,3.52,1113.33,495.43,-3918.05,-25.22,-35.27,High
Nov 2028,Canadian,NCAR,No Change,No Change,523.06,11.21,0,1.93,16.93,0.25,0.73,0.94,6.07,0,-7.98,0,505.78,0.58,4.78,0,511.15,494.27,-3920.48,-1.16000000000003,-2.42999999999984,High
Dec 2028,Canadian,NCAR,No Change,No Change,69.42,3.01,0,0.19,5.01,0.24,0.73,0.94,1.04,0,-2.13,0,65.37,0.17,3.78,0,69.33,505.96,-3922.19,11.69,-1.71000000000004,High
Jan 2029,Canadian,NCAR,No Change,No Change,88.78,4.82,0,0.21,7.9,0.23,0.73,0.94,1.35,0,-3.33,0,82.61,0.28,5.31,0,88.2,506.73,-3923.06,0.770000000000039,-0.869999999999891,High
Feb 2029,Canadian,NCAR,No Change,No Change,389.07,7.15,0,1.7,10.38,0.25,0.73,0.94,4.69,0,-5.04,0,377.23,0.35,5.31,0,382.9,508.87,-3924.83,2.13999999999999,-1.76999999999998,High
Mar 2029,Canadian,NCAR,No Change,No Change,1640.64,22.36,0,5.56,35.17,0.32,0.82,0.96,16.32,0,-19.26,0,1601.96,1.22,7.69,0.02,1610.89,513.47,-3924.97,4.60000000000002,-0.139999999999873,High
Apr 2029,Canadian,NCAR,No Change,No Change,1432.22,33.98,0,27.16,24.79,8.83,15.52,4.08,13.89,0,-11.55,0,1384.35,2.41,24.85,2.91,1414.53,540.5,-3927.81,27.03,-2.84000000000015,High
May 2029,Canadian,NCAR,No Change,No Change,925.6,28.88,0,10.6,41.45,22.33,31.92,7.98,9.08,0,-2.18,0,887.63,1.34,47.88,19.5,956.35,543.05,-3939.83,2.54999999999995,-12.02,High
Jun 2029,Canadian,NCAR,No Change,No Change,2523.57,38.77,0,13.55,49.53,19.66,23.65,6.14,24.98,0,-6.15,0,2459.82,1.5,41.42,22.51,2525.25,538.23,-3976.36,-4.81999999999994,-36.5300000000002,High
Jul 2029,Canadian,NCAR,No Change,No Change,3562.31,45.48,0,22.17,44.97,16.72,22.42,5.91,39.38,0,-6.57,0,3477.45,1.62,38.66,23.09,3540.83,544.19,-3997.54,5.96000000000004,-21.1799999999998,High
Aug 2029,Canadian,NCAR,No Change,No Change,3119.49,38.75,0,20.3,39.96,15.31,22,5.77,34.57,0,-7.91,0,3046.17,1.7,34.84,19.22,3101.93,550.29,-4004.33,6.09999999999991,-6.78999999999996,High
Sep 2029,Canadian,NCAR,No Change,No Change,1164.14,13.6,0,15.65,32.2,33.71,31.16,7.86,12.58,0,-1.2,0,1137.95,0.67,43.4,17.2,1199.23,556.33,-4013.12,6.04000000000008,-8.78999999999996,High
Oct 2029,Canadian,NCAR,No Change,No Change,1369.8,13.78,0,9.54,14.48,5.83,9.21,2.67,12.16,0,-5.09,0,1343.85,0.68,15.81,2.44,1362.78,534.72,-4042.24,-21.61,-29.1199999999999,High
Nov 2029,Canadian,NCAR,No Change,No Change,96.01,2.92,0,0.3,3.85,0.25,0.73,0.94,1.27,0,-1.11,0,91.81,0.12,5.03,0,96.96,534.09,-4044.14,-0.629999999999995,-1.90000000000009,High
Dec 2029,Canadian,NCAR,No Change,No Change,36.46,1.7,0,0.13,2.59,0.24,0.73,0.94,0.52,0,-0.87,0,34.24,0.09,4.38,0,38.71,532.46,-4043.77,-1.63,0.369999999999891,High
Jan 2030,Canadian,NCAR,No Change,No Change,466.77,9.61,0,1.76,13.49,0.25,0.73,0.94,5.85,0,-5.83,0,451.3,0.44,4.01,0,455.76,530.21,-4043.9,-2.25,-0.130000000000109,High
Feb 2030,Canadian,NCAR,No Change,No Change,63.01,3.14,0,0.15,5.14,0.24,0.73,0.94,0.98,0,-2.1,0,58.88,0.18,6.31,0,65.37,539.24,-4043.68,9.02999999999997,0.220000000000255,High
Mar 2030,Canadian,NCAR,No Change,No Change,120.01,7.45,0,2.25,8.98,1.79,6.18,2,1.51,0,-2.51,0,111.06,0.52,13.82,0.43,125.83,537.62,-4044.58,-1.62,-0.900000000000091,High
Apr 2030,Canadian,NCAR,No Change,No Change,534.8,30.62,0,14.15,34.33,11.72,27.12,7.18,4.2,0,-8.25,0,499.98,2.11,35.7,8.99,546.78,535.17,-4050.19,-2.45000000000005,-5.61000000000013,High
May 2030,Canadian,NCAR,No Change,No Change,2167.95,67.01,0,34.48,59.23,16.58,23.92,6.22,24.65,0,-14.37,0,2076.29,4.24,38.24,18.44,2137.21,542.02,-4083.16,6.85000000000002,-32.9699999999998,High
Jun 2030,Canadian,NCAR,No Change,No Change,323.24,25.06,0,14.89,53.83,46.14,47.83,11.67,3.25,0,1.21,0,294.92,1.27,65.8,25.78,387.77,564.13,-4109.02,22.11,-25.8600000000006,High
Jul 2030,Canadian,NCAR,No Change,No Change,2428.88,35.87,0,17.13,43.05,22.92,30.76,7.85,26.36,0,-2.68,0,2366.64,1.3,49.25,24.2,2441.4,542.17,-4166.49,-21.96,-57.4699999999993,High
Aug 2030,Canadian,NCAR,No Change,No Change,3908.35,55.52,0,17.48,63.71,11.27,16.57,4.62,45.27,0,-16.52,0,3807.56,2.12,28.42,19.56,3857.66,535.96,-4189.93,-6.20999999999992,-23.4400000000005,High
Sep 2030,Canadian,NCAR,No Change,No Change,397.19,6.41,0,15.48,23.87,36.71,36.01,9.02,4.31,0,3.43,0,386.47,0.34,43.31,17.79,447.91,571.93,-4192.69,35.9699999999999,-2.75999999999931,High
Oct 2030,Canadian,NCAR,No Change,No Change,490.74,8.44,0,9.24,11.3,13.03,14.17,3.89,6.26,0,0.51,0,476.04,0.41,19.75,2.01,498.21,542.77,-4229.73,-29.16,-37.04,High
Nov 2030,Canadian,NCAR,No Change,No Change,181.05,2.57,0,0.46,4.66,0.25,0.73,0.94,2.21,0,-2.45,0,176.27,0.15,5.87,0,182.29,531.58,-4235.24,-11.1899999999999,-5.51000000000022,High
Dec 2030,Canadian,NCAR,No Change,No Change,291.94,4.17,0,1.72,4.36,0.25,0.73,0.94,3.5,0,-1.79,0,284.26,0.14,4.27,0,288.67,529.91,-4235.27,-1.67000000000007,-0.0300000000006548,High
Jan 2031,Canadian,NCAR,No Change,No Change,817.3,11.68,0,3.03,15.27,0.25,0.73,0.94,10.2,0,-6.83,0,795.41,0.46,5.04,0,800.91,529.53,-4233.35,-0.379999999999995,1.92000000000007,High
Feb 2031,Canadian,NCAR,No Change,No Change,970.21,11.61,0,4.14,16.62,0.25,0.73,0.94,10.64,0,-9.46,0,947.96,0.56,5.21,0,953.72,539.3,-4229.76,9.76999999999998,3.59000000000015,High
Mar 2031,Canadian,NCAR,No Change,No Change,979.3,11.83,0,3.63,16.52,0.39,0.9,0.97,10.21,0,-8.54,0,957.25,0.63,8.16,0.02,966.06,550.26,-4228.37,10.96,1.39000000000033,High
Apr 2031,Canadian,NCAR,No Change,No Change,410.98,12.33,0,10.07,12.75,7.36,18.5,4.59,4.5,0,-4.08,0,394.15,0.96,25.26,1.58,421.94,558.14,-4226.64,7.88,1.72999999999956,High
May 2031,Canadian,NCAR,No Change,No Change,1671.3,27.89,0,10.15,34.2,10.9,25.73,6.78,18.16,0,-6.94,0,1625.24,1.38,35.43,14.08,1676.13,552.19,-4241.72,-5.94999999999993,-15.0799999999999,High
Jun 2031,Canadian,NCAR,No Change,No Change,1708.44,21.23,0,14.26,36.69,29.99,28.82,7.35,16.54,0,-0.42,0,1670.67,0.68,43.66,22.58,1737.6,559,-4263.52,6.80999999999995,-21.8000000000002,High
Jul 2031,Canadian,NCAR,No Change,No Change,2544.75,30.08,0,17.2,39.68,22.99,27.83,7.11,25.38,0,-4.95,0,2489.29,1.13,45.48,23.43,2559.33,543.51,-4291.46,-15.49,-27.9399999999996,High
Aug 2031,Canadian,NCAR,No Change,No Change,2849.28,36.81,0,13.4,50.6,15.67,26.03,6.69,30.14,0,-13.36,0,2782.33,1.84,38.43,20.54,2843.14,535.45,-4315.18,-8.05999999999995,-23.7200000000003,High
Sep 2031,Canadian,NCAR,No Change,No Change,2483.12,30.87,0,14.2,34.41,12.95,14.07,3.88,24.97,0,-5.88,0,2427.27,1.1,27.13,15.48,2470.98,551.29,-4338.29,15.8399999999999,-23.1099999999997,High
Oct 2031,Canadian,NCAR,No Change,No Change,157.68,2.66,0,11.85,13.73,25.74,22.25,5.87,1.7,0,2.61,0,153.31,0.21,27.41,3.75,184.69,555.81,-4344.86,4.51999999999998,-6.56999999999971,High
Nov 2031,Canadian,NCAR,No Change,No Change,581.81,9.79,0,2.21,14.08,0.25,0.73,0.94,6.57,0,-6.72,0,565.45,0.47,4.81,0,570.73,532.76,-4360.67,-23.05,-15.8100000000004,High
Dec 2031,Canadian,NCAR,No Change,No Change,501.82,9.32,0,2.45,11.01,0.25,0.73,0.94,7.11,0,-4.25,0,485.38,0.36,3.57,0,489.31,541.57,-4360.61,8.81000000000006,0.0600000000004002,High
Jan 2032,Canadian,NCAR,No Change,No Change,1426.45,23.43,0,7.3,21.57,0.25,0.73,0.94,16.64,0,-6.29,0,1386.38,1.1,4.56,0,1392.04,548.54,-4357.54,6.96999999999991,3.06999999999971,High
Feb 2032,Canadian,NCAR,No Change,No Change,882.85,12.64,0,12.11,4.88,0.25,0.73,0.94,10.31,0,-4.86,0,859.89,0.77,4.15,0,864.81,565.09,-4346.97,16.5500000000001,10.5699999999997,High
Mar 2032,Canadian,NCAR,No Change,No Change,453.62,11.57,0,5.42,8.26,0.26,0.74,0.95,5.82,0,-2.48,0,436.23,0.64,7.39,0,444.27,565.36,-4341.31,0.269999999999982,5.65999999999985,High
Apr 2032,Canadian,NCAR,No Change,No Change,395.82,11.29,0,10.04,13.22,9.19,19.37,4.94,4.2,0,-3.65,0,380.33,0.88,26.75,2.61,410.56,565.76,-4337.77,0.399999999999977,3.53999999999996,High
May 2032,Canadian,NCAR,No Change,No Change,904.64,15.6,0,11.68,34.64,32.4,31.71,8.1,9.04,0,1.04,0,879.99,0.64,42.65,17.08,940.36,557.47,-4354.27,-8.28999999999996,-16.5,High
Jun 2032,Canadian,NCAR,No Change,No Change,3131.06,38.3,0,16.72,42.15,18.06,21.19,5.52,31.83,0,-3.72,0,3060.93,1.22,38.62,23.14,3123.91,540.68,-4384.88,-16.7900000000001,-30.6099999999997,High
Jul 2032,Canadian,NCAR,No Change,No Change,2761.7,36.48,0,17.79,40.25,19.3,25.69,6.65,29.9,0,-3.48,0,2695.33,1.22,42.52,22.94,2762.01,541.81,-4395.58,1.13,-10.6999999999998,High
Aug 2032,Canadian,NCAR,No Change,No Change,2944.96,44.98,0,12.4,53.47,14.33,23.52,6.29,36.21,0,-8.35,0,2863.76,1.8,35.14,19.25,2919.96,539.27,-4411.14,-2.53999999999996,-15.5600000000004,High
Sep 2032,Canadian,NCAR,No Change,No Change,1521.24,19.72,0,14.08,27.75,21.91,22.41,5.87,16.7,0,-0.86,0,1484.83,0.67,34.57,15.8,1535.86,560.5,-4419.77,21.23,-8.63000000000011,High
Oct 2032,Canadian,NCAR,No Change,No Change,879.56,11.56,0,10.19,12.16,9.6,15.34,4.2,9.81,0,-1.76,0,858.19,0.58,21.43,3.11,883.31,548.3,-4436.26,-12.2,-16.4899999999998,High
Nov 2032,Canadian,NCAR,No Change,No Change,577.66,7.75,0,2.09,11.62,0.25,0.73,0.94,6.45,0,-6.09,0,563.45,0.38,5.08,0,568.92,540.56,-4442.46,-7.74000000000001,-6.19999999999982,High
Dec 2032,Canadian,NCAR,No Change,No Change,179.26,3.25,0,0.9,3.73,0.25,0.73,0.94,2.45,0,-1.26,0,173.55,0.12,4.4,0,178.07,546.63,-4441.89,6.07000000000005,0.569999999999709,High
Jan 2033,Canadian,NCAR,No Change,No Change,110.34,1.93,0,0.28,3.27,0.25,0.73,0.94,1.56,0,-1.47,0,106.85,0.1,4.93,0,111.87,545.5,-4440.47,-1.13,1.42000000000007,High
Feb 2033,Canadian,NCAR,No Change,No Change,380.42,5.32,0,1.19,8.9,0.25,0.73,0.94,4.81,0,-4.82,0,370.3,0.3,5.02,0,375.62,543.38,-4440.17,-2.12,0.300000000000182,High
Mar 2033,Canadian,NCAR,No Change,No Change,1724.99,17.75,0,7.32,22.82,0.27,0.77,0.95,15.99,0,-13.08,0,1691.25,0.97,7.9,0.02,1700.14,546.8,-4439.97,3.41999999999996,0.199999999999818,High
Apr 2033,Canadian,NCAR,No Change,No Change,1129.29,13.95,0,10.52,16.87,7.11,15.59,4,12.62,0,-7.34,0,1102.72,1.03,22.23,0.91,1126.88,561.26,-4436.9,14.46,3.07000000000062,High
May 2033,Canadian,NCAR,No Change,No Change,2082.29,35.1,0,17.19,37.86,11.98,21.13,5.62,21.48,0,-10.03,0,2025.71,2.07,32.63,12.72,2073.13,560.38,-4444.13,-0.879999999999995,-7.23000000000047,High
Jun 2033,Canadian,NCAR,No Change,No Change,1563.07,20.9,0,14.04,39.64,31.4,31.32,7.94,15.31,0,-2.22,0,1526.86,0.83,46.89,22.61,1597.2,569.14,-4460.91,8.75999999999999,-16.7799999999997,High
Jul 2033,Canadian,NCAR,No Change,No Change,1685.94,22.21,0,18.41,41.4,38.01,38.47,9.58,18.74,0,-0.52,0,1645,0.92,53.86,23.98,1723.75,553.88,-4493.82,-15.26,-32.9099999999999,High
Aug 2033,Canadian,NCAR,No Change,No Change,3967.51,50.08,0,17.17,58.3,11.24,16.18,4.49,43.5,0,-16.06,0,3873.93,1.93,27.96,19.37,3923.18,532.3,-4528.46,-21.58,-34.6400000000003,High
Sep 2033,Canadian,NCAR,No Change,No Change,286.21,3.86,0,15.2,21.85,36.29,35.35,8.82,2.34,0,2.79,0,280.01,0.31,41.53,16.78,338.63,563.08,-4532.07,30.7800000000001,-3.60999999999967,High
Oct 2033,Canadian,NCAR,No Change,No Change,959.02,11.66,0,8.85,9.91,5.46,9.48,2.81,9.69,0,-2.13,0,937.67,0.49,15.69,2.23,956.09,533.65,-4570.27,-29.4300000000001,-38.2000000000007,High
Nov 2033,Canadian,NCAR,No Change,No Change,500.28,6.36,0,1.62,10.17,0.25,0.73,0.94,5.76,0,-5.51,0,488.16,0.33,4.55,0,493.05,529.06,-4571.6,-4.59000000000003,-1.32999999999993,High
Dec 2033,Canadian,NCAR,No Change,No Change,388.31,6,0,1.69,7.41,0.25,0.73,0.94,4.94,0,-3.09,0,377.37,0.24,4.23,0,381.84,534.22,-4571.14,5.16000000000008,0.460000000000036,High
Jan 2034,Canadian,NCAR,No Change,No Change,598.17,7.82,0,2.3,10.45,0.25,0.73,0.94,6.77,0,-5,0,583.59,0.32,3.79,0,587.7,536.93,-4569.07,2.70999999999992,2.07000000000062,High
Feb 2034,Canadian,NCAR,No Change,No Change,779.11,11.98,0,4.16,13.31,0.25,0.73,0.94,10.23,0,-5.68,0,756.9,0.43,5.74,0,763.07,543.13,-4567.09,6.20000000000005,1.97999999999956,High
Mar 2034,Canadian,NCAR,No Change,No Change,6.49,3.16,0,1.13,3.53,1.89,2.79,1.32,0.11,0,0.23,0,3.23,0.15,10.83,0.16,14.37,550.24,-4562.33,7.11000000000001,4.76000000000022,High
Apr 2034,Canadian,NCAR,No Change,No Change,632.95,15.93,0,10.2,17.44,8.16,20.51,5.27,7.08,0,-4.59,0,609.95,1.04,28.05,6.37,645.41,542.51,-4563.62,-7.73000000000002,-1.28999999999996,High
May 2034,Canadian,NCAR,No Change,No Change,1600.54,28.06,0,11.77,39.45,19.3,28.83,7.27,15.39,0,-5.17,0,1557.1,1.31,44.75,20.82,1623.97,538.98,-4582.74,-3.52999999999997,-19.1199999999999,High
Jun 2034,Canadian,NCAR,No Change,No Change,933.49,18.51,0,15.06,43.25,41.57,40.92,10.18,10.43,0,0.95,0,904.55,0.82,54.8,24.17,984.34,535.93,-4614.9,-3.05000000000007,-32.1599999999999,High
Jul 2034,Canadian,NCAR,No Change,No Change,464.64,6.87,0,18.12,31.65,46.18,46.37,11.41,5.04,0,2.84,0,452.73,0.44,54.6,24.72,532.49,513.56,-4658.43,-22.37,-43.5300000000007,High
Aug 2034,Canadian,NCAR,No Change,No Change,1751.25,22.93,0,14.48,38.59,28.51,33.02,8.34,19.62,0,-2.6,0,1708.7,0.98,44.27,20.43,1774.38,479.39,-4710.22,-34.17,-51.79,High
Sep 2034,Canadian,NCAR,No Change,No Change,403.49,5.1,0,14.5,22.38,34.24,32.81,8.27,3.75,0,2.13,0,394.65,0.33,38.25,16,449.23,469.88,-4738.32,-9.50999999999999,-28.0999999999995,High
Oct 2034,Canadian,NCAR,No Change,No Change,9.52,2.04,0,12.78,15.57,29.77,26.46,6.85,0.15,0,3.23,0,7.33,0.23,29.76,5.2,42.52,444.31,-4772.98,-25.57,-34.6599999999999,High
Nov 2034,Canadian,NCAR,No Change,No Change,1941.77,27.5,0,9.9,27.24,0.25,0.73,0.94,22.38,0,-10.29,0,1891.89,0.9,4.94,0.06,1897.79,419.97,-4794.41,-24.34,-21.4300000000003,High
Dec 2034,Canadian,NCAR,No Change,No Change,139.36,2.45,0,0.56,3.64,0.25,0.73,0.94,1.57,0,-1.61,0,135.34,0.12,3.57,0,139.03,441.8,-4782.17,21.83,12.2399999999998,High
Jan 2035,Canadian,NCAR,No Change,No Change,446.42,6.81,0,1.64,9.11,0.25,0.73,0.94,5.35,0,-3.98,0,434.26,0.29,2.97,0,437.52,441.41,-4781.99,-0.389999999999986,0.180000000000291,High
Feb 2035,Canadian,NCAR,No Change,No Change,458.99,7.29,0,2.38,9.08,0.25,0.73,0.94,5.5,0,-4.22,0,446.19,0.3,4.66,0,451.16,447.08,-4780.41,5.66999999999996,1.57999999999993,High
Mar 2035,Canadian,NCAR,No Change,No Change,679.58,10.27,0,3.01,12.11,0.28,0.76,0.95,8.24,0,-4.96,0,661.06,0.4,6.66,0.01,668.13,451.03,-4778.91,3.94999999999999,1.5,High
Apr 2035,Canadian,NCAR,No Change,No Change,215.34,3.48,0,10.83,13.36,17.31,23.44,5.91,2.4,0,-4.08,0,209.45,0.68,28.73,3.57,242.43,456.01,-4775.44,4.98000000000002,3.47000000000025,High
May 2035,Canadian,NCAR,No Change,No Change,1715.49,21.65,0,11.62,34.22,22.75,24.17,6.3,17.05,0,-2.2,0,1676.79,0.76,36.63,19.69,1733.87,440.85,-4798.22,-15.16,-22.7800000000007,High
Jun 2035,Canadian,NCAR,No Change,No Change,896.73,11.33,0,14.86,34.11,38.98,38.66,9.63,8.44,0,0.81,0,876.95,0.53,47.12,24.34,948.93,433.57,-4820.93,-7.28000000000003,-22.71,High
Jul 2035,Canadian,NCAR,No Change,No Change,2989.09,37.07,0,18.95,40.36,18.88,24.7,6.44,31.91,0,-4.6,0,2920.1,1.25,39.15,23.12,2983.61,410.62,-4865.05,-22.95,-44.1199999999999,High
Aug 2035,Canadian,NCAR,No Change,No Change,1568.77,23.66,0,14.45,38.77,30.87,33.75,8.58,18.25,0,0.46,0,1526.85,0.85,43.68,20.99,1592.37,411.21,-4879.13,0.589999999999975,-14.0799999999999,High
Sep 2035,Canadian,NCAR,No Change,No Change,1964.27,22.84,0,15.24,29.51,19.54,21.94,5.74,20.18,0,-3.24,0,1921.25,0.88,33.04,15.96,1971.13,400.61,-4906.58,-10.6,-27.4499999999998,High
Oct 2035,Canadian,NCAR,No Change,No Change,453.46,7.25,0,11.88,14.96,21.15,22.54,6.01,5.61,0,1.15,0,440.59,0.41,26.49,4.53,472.03,393.75,-4921.8,-6.86000000000001,-15.2200000000003,High
Nov 2035,Canadian,NCAR,No Change,No Change,910.37,13.11,0,4.65,13.59,0.31,0.8,0.96,10.37,0,-5.28,0,886.89,0.45,4.48,0.02,891.85,377.59,-4936.1,-16.16,-14.3000000000002,High
Dec 2035,Canadian,NCAR,No Change,No Change,65.46,1.82,0,0.2,2.68,0.24,0.73,0.94,0.86,0,-0.91,0,62.79,0.09,3.55,0,66.43,386.24,-4930.88,8.65000000000003,5.22000000000025,High
Jan 2036,Canadian,NCAR,No Change,No Change,171.05,3.55,0,0.39,5.42,0.25,0.73,0.94,2.36,0,-2.18,0,165.14,0.17,4.68,0,170,384.91,-4930.72,-1.32999999999998,0.159999999999854,High
Feb 2036,Canadian,NCAR,No Change,No Change,563.19,7.93,0,2.97,9.55,0.25,0.73,0.94,6.38,0,-4.67,0,548.88,0.32,5.22,0,554.43,385.18,-4930.32,0.269999999999982,0.400000000000546,High
Mar 2036,Canadian,NCAR,No Change,No Change,38.67,5.83,0,2.66,7.64,5.13,6.17,2.01,0.57,0,0.35,0,32.27,0.3,12.07,0.46,45.1,389.05,-4928.39,3.87,1.92999999999938,High
Apr 2036,Canadian,NCAR,No Change,No Change,163.8,15.86,0,10.54,18.39,13.26,29.82,7.81,1.24,0,-0.77,0,146.7,0.95,32.74,8.33,188.72,383.66,-4932.1,-5.38999999999999,-3.71000000000004,High
May 2036,Canadian,NCAR,No Change,No Change,2091.23,39.47,0,9.81,54.8,14.93,22.08,5.74,20.3,0,-12.2,0,2031.46,1.99,33.55,19.37,2086.37,378.06,-4961.96,-5.60000000000002,-29.8599999999997,High
Jun 2036,Canadian,NCAR,No Change,No Change,2419.94,39.68,0,14.04,49.07,20.86,26.05,6.75,25.78,0,-4.04,0,2354.48,1.48,41.43,23.58,2420.97,400.71,-4989.57,22.65,-27.6099999999997,High
Jul 2036,Canadian,NCAR,No Change,No Change,3775.37,50.33,0,18.79,54.16,15.04,21.68,5.77,43.72,0,-9.45,0,3681.33,1.87,33.87,22.52,3739.58,406.78,-5010.71,6.06999999999999,-21.1400000000003,High
Aug 2036,Canadian,NCAR,No Change,No Change,2682.28,35.16,0,13.53,43.59,16.23,25.24,6.63,31.29,0,-7.15,0,2615.83,1.42,36.12,19.77,2673.14,427.95,-5014.88,21.17,-4.17000000000007,High
Sep 2036,Canadian,NCAR,No Change,No Change,533.67,6.23,0,15.15,25.62,36.12,34.13,8.59,5.51,0,1.19,0,521.92,0.4,40.7,16.9,579.92,437.79,-5029.11,9.84000000000003,-14.2299999999996,High
Oct 2036,Canadian,NCAR,No Change,No Change,78.59,2.51,0,12.03,14.71,27.01,22.01,5.72,0.94,0,2.54,0,75.15,0.25,25.75,3.31,104.46,412.13,-5064.84,-25.66,-35.7300000000005,High
Nov 2036,Canadian,NCAR,No Change,No Change,273.78,4.21,0,0.8,6.66,0.25,0.73,0.94,3.71,0,-3.22,0,265.86,0.22,4.64,0,270.72,390.37,-5080.97,-21.76,-16.1300000000001,High
Dec 2036,Canadian,NCAR,No Change,No Change,396.36,5.49,0,1.32,8.6,0.25,0.73,0.94,5.02,0,-4.46,0,385.85,0.29,3.51,0,389.65,391.93,-5080.27,1.56,0.699999999999818,High
Jan 2037,Canadian,NCAR,No Change,No Change,151.53,2.4,0,0.31,4.5,0.25,0.73,0.94,2.16,0,-2.3,0,146.97,0.14,3.62,0,150.74,396.56,-5079.5,4.63,0.770000000000437,High
Feb 2037,Canadian,NCAR,No Change,No Change,401.69,5.86,0,1.85,7.91,0.25,0.73,0.94,5.1,0,-3.91,0,390.72,0.27,4.51,0,395.5,396.97,-5079.43,0.410000000000025,0.069999999999709,High
Mar 2037,Canadian,NCAR,No Change,No Change,374.73,9.27,0,1.05,14.1,0.25,0.73,0.94,4.58,0,-6.12,0,360.88,0.49,5.32,0,366.69,399.9,-5078.03,2.92999999999995,1.40000000000055,High
Apr 2037,Canadian,NCAR,No Change,No Change,838.47,11.19,0,6.73,15.61,5.59,9.44,2.69,6.92,0,-6.34,0,820.36,0.78,15.43,1.29,837.86,408.21,-5079.35,8.31,-1.32000000000062,High
May 2037,Canadian,NCAR,No Change,No Change,2204.5,35.91,0,10.67,40.48,9.43,23.37,6.24,26.36,0,-7.45,0,2142.23,1.63,30.11,13.76,2187.72,409.55,-5086.81,1.34000000000003,-7.46000000000004,High
Jun 2037,Canadian,NCAR,No Change,No Change,1691.3,24.75,0,13.96,41.03,29.6,27.7,7.06,14.49,0,-1.47,0,1652.06,0.84,42.63,23.41,1718.93,427.63,-5098.78,18.08,-11.9699999999993,High
Jul 2037,Canadian,NCAR,No Change,No Change,3117.6,43.64,0,16.07,56.71,18.63,27.79,7.11,33.11,0,-12.56,0,3040.85,2.05,41.07,23.3,3107.27,417.06,-5129.8,-10.57,-31.0200000000004,High
Aug 2037,Canadian,NCAR,No Change,No Change,2832.34,41.09,0,12.78,52.49,15.49,23.48,6.17,31.48,0,-10.51,0,2759.77,1.81,34.58,19.79,2815.96,434.75,-5153.24,17.69,-23.4399999999996,High
Sep 2037,Canadian,NCAR,No Change,No Change,752.22,10.98,0,15.48,30.15,36.39,34.43,8.71,9.25,0,1.2,0,731.99,0.54,43.03,17.15,792.7,454.48,-5169.37,19.73,-16.1300000000001,High
Oct 2037,Canadian,NCAR,No Change,No Change,959.67,12.49,0,10.57,12.51,8.02,16.33,4.4,10.34,0,-3.28,0,936.84,0.71,21.02,3.24,961.8,430.94,-5201.79,-23.54,-32.4200000000001,High
Nov 2037,Canadian,NCAR,No Change,No Change,189.22,2.7,0,0.6,4.4,0.25,0.73,0.94,2.27,0,-2.2,0,184.25,0.14,4.09,0,188.48,426.33,-5209.9,-4.61000000000001,-8.10999999999967,High
Dec 2037,Canadian,NCAR,No Change,No Change,729.1,11.74,0,3.42,12.78,0.25,0.73,0.94,9.89,0,-4.64,0,707.47,0.42,3.57,0,711.46,426.18,-5209.61,-0.149999999999977,0.289999999999964,High
Jan 2038,Canadian,NCAR,No Change,No Change,591.67,9.9,0,1.93,13.75,0.25,0.73,0.94,7.92,0,-5.97,0,573.85,0.44,3.54,0,577.83,434.93,-5204.13,8.75,5.47999999999956,High
Feb 2038,Canadian,NCAR,No Change,No Change,723.19,11.32,0,3.61,14.7,0.25,0.73,0.94,8.1,0,-7.25,0,703.76,0.5,4.45,0,708.72,444.68,-5201.97,9.75,2.15999999999985,High
Mar 2038,Canadian,NCAR,No Change,No Change,1114.62,15.07,0,3.4,23.59,0.51,1.09,1.01,12.28,0,-12.24,0,1087.27,0.82,7.27,0.04,1095.4,454.46,-5200.89,9.77999999999997,1.07999999999993,High
Apr 2038,Canadian,NCAR,No Change,No Change,108.39,4.43,0,10.71,12.99,17.48,20.82,5.18,0.9,0,-2.43,0,103.06,0.64,26.72,2.54,132.96,470.34,-5200.96,15.88,-0.069999999999709,High
May 2038,Canadian,NCAR,No Change,No Change,1069.18,15.63,0,11.81,32.5,29.82,30.63,7.85,11.19,0,0.51,0,1042.36,0.62,40.06,16.74,1099.79,454.77,-5220.67,-15.57,-19.71,High
Jun 2038,Canadian,NCAR,No Change,No Change,1317.7,15.14,0,14.77,37.02,36.1,34.69,8.68,12.02,0,-1.19,0,1290.55,0.64,45.99,23.82,1361,440.17,-5248.49,-14.6,-27.8199999999997,High
Jul 2038,Canadian,NCAR,No Change,No Change,4096.57,52.56,0,20.33,56.95,13.91,18.35,4.96,42.93,0,-12.75,0,4001.08,1.94,31.15,22.21,4056.39,421.12,-5287.5,-19.05,-39.0100000000002,High
Aug 2038,Canadian,NCAR,No Change,No Change,2456.29,32.39,0,14.01,40.47,17.53,27.4,7.08,27.73,0,-5.89,0,2396.17,1.33,38.95,20.06,2456.52,446.39,-5292.92,25.27,-5.42000000000007,High
Sep 2038,Canadian,NCAR,No Change,No Change,1811.65,23.97,0,14.85,27.99,18.2,22.78,6.01,20.42,0,-1.52,0,1767.27,0.84,33.54,15.67,1817.31,450.7,-5311.47,4.31,-18.5500000000002,High
Oct 2038,Canadian,NCAR,No Change,No Change,321.05,4.02,0,10.55,12.11,19.54,17.68,4.72,3.3,0,0.6,0,313.73,0.31,22.08,2.67,338.78,443.73,-5325.01,-6.96999999999997,-13.54,High
Nov 2038,Canadian,NCAR,No Change,No Change,687.11,9.63,0,3.11,11.43,0.25,0.73,0.94,8.38,0,-5.04,0,669.11,0.37,3.68,0,673.16,427.19,-5336.74,-16.54,-11.7299999999996,High
Dec 2038,Canadian,NCAR,No Change,No Change,1219.16,17.28,0,5.54,19.41,0.25,0.73,0.94,14.96,0,-8.08,0,1186.92,0.65,3.5,0,1191.07,434.47,-5333.18,7.28000000000003,3.55999999999949,High
Jan 2039,Canadian,NCAR,No Change,No Change,384.77,6.79,0,1.58,7.88,0.25,0.73,0.94,5.47,0,-2.66,0,372.51,0.23,4.03,0,376.78,449.92,-5326.08,15.45,7.10000000000036,High
Feb 2039,Canadian,NCAR,No Change,No Change,880.16,13.71,0,4.77,15.54,0.25,0.73,0.94,11.57,0,-6.87,0,854.88,0.52,4.44,0,859.84,453.3,-5323.05,3.38,3.02999999999975,High
Mar 2039,Canadian,NCAR,No Change,No Change,117.97,9.07,0,0.31,13.48,0.33,1.21,1,1.37,0,-4.9,0,107.53,0.52,7.49,0.04,115.58,463.93,-5318.14,10.63,4.90999999999985,High
Apr 2039,Canadian,NCAR,No Change,No Change,210.09,5.82,0,10.86,13.16,15.27,22.48,5.62,2.18,0,-3.69,0,202.09,0.75,28.21,3.22,234.28,469.8,-5321.93,5.87,-3.78999999999996,High
May 2039,Canadian,NCAR,No Change,No Change,744.24,13.6,0,11.7,33.49,33.7,33.32,8.3,6.85,0,1.51,0,723.79,0.59,41.27,19.16,784.81,456.34,-5343.51,-13.46,-21.5799999999999,High
Jun 2039,Canadian,NCAR,No Change,No Change,1058.27,16.21,0,15.53,41.1,41.54,40.95,10.19,11.83,0,0.37,0,1030.23,0.75,51.3,24.22,1106.49,439.88,-5379.33,-16.46,-35.8199999999997,High
Jul 2039,Canadian,NCAR,No Change,No Change,2607.36,37.02,0,18.18,39.91,20.39,30.13,7.77,30.98,0,-1.96,0,2539.37,1.27,43.93,23.31,2607.88,418.89,-5422.09,-20.99,-42.7600000000002,High
Aug 2039,Canadian,NCAR,No Change,No Change,2986.56,42.94,0,13.48,52.05,15.95,23.65,6.24,34.64,0,-8.38,0,2908.97,1.74,34.9,20.45,2966.06,416.85,-5438.75,-2.03999999999996,-16.6599999999999,High
Sep 2039,Canadian,NCAR,No Change,No Change,620.78,8.87,0,15.13,27.76,35.96,33.78,8.53,7.07,0,1.46,0,604.84,0.47,40.95,16.41,662.67,435.46,-5450.34,18.61,-11.5900000000001,High
Oct 2039,Canadian,NCAR,No Change,No Change,493.5,6.75,0,10.8,12.56,16.96,18.05,4.82,5.94,0,-0.07,0,480.81,0.42,22.26,2.91,506.4,411.57,-5483.48,-23.89,-33.1399999999994,High
Nov 2039,Canadian,NCAR,No Change,No Change,1101.1,14.81,0,4.66,18.49,0.25,0.73,0.94,13.1,0,-8.71,0,1073.18,0.61,4.24,0,1078.04,398.14,-5493.76,-13.43,-10.2800000000007,High
Dec 2039,Canadian,NCAR,No Change,No Change,1241.82,18.25,0,7.49,15.55,0.24,0.73,0.94,14.63,0,-5.06,0,1208.93,0.51,3.25,0,1212.69,411.93,-5489.15,13.79,4.61000000000058,High
Jan 2040,Canadian,NCAR,No Change,No Change,30.43,1.45,0,0.11,2.02,0.24,0.73,0.94,0.45,0,-0.51,0,28.54,0.06,4.8,0,33.4,423.77,-5479.35,11.84,9.79999999999927,High
Feb 2040,Canadian,NCAR,No Change,No Change,121.95,3.78,0,0.49,5.3,0.24,0.73,0.94,1.79,0,-1.94,0,116.38,0.18,5.35,0,121.91,420.54,-5479.2,-3.22999999999996,0.150000000000546,High
Mar 2040,Canadian,NCAR,No Change,No Change,260.32,6.74,0,1.62,8.44,1.25,3.67,1.5,3.26,0,-2.47,0,250.31,0.41,9.94,0.24,260.9,420.02,-5479.14,-0.520000000000039,0.0599999999994907,High
Apr 2040,Canadian,NCAR,No Change,No Change,607.17,21.74,0,8.01,25.86,6.61,24.4,6.57,7.28,0,-6.9,0,578.14,1.38,27.07,6.96,613.56,419.44,-5480.75,-0.579999999999984,-1.60999999999967,High
May 2040,Canadian,NCAR,No Change,No Change,1915.11,37.5,0,9.47,52.03,11.49,24.01,6.19,18.21,0,-14.66,0,1859.4,2.15,33.17,16.17,1910.89,429.45,-5505.16,10.01,-24.4099999999999,High
Jun 2040,Canadian,NCAR,No Change,No Change,1481.43,23.33,0,14.07,43.15,32.66,30.46,7.65,11.98,0,-2.13,0,1446.12,0.9,46.45,23.78,1517.25,454.63,-5535.6,25.18,-30.4400000000005,High
Jul 2040,Canadian,NCAR,No Change,No Change,3598.88,43.58,0,17.82,50.71,16.35,22.28,5.82,38.44,0,-10.35,0,3516.86,1.75,35.72,22.18,3576.51,441.48,-5572.33,-13.15,-36.7299999999996,High
Aug 2040,Canadian,NCAR,No Change,No Change,2915.65,38.96,0,14,46.03,16.32,23.33,6.15,33.46,0,-6.22,0,2843.23,1.47,35.5,19.95,2900.16,456.58,-5582.89,15.1,-10.5600000000004,High
Sep 2040,Canadian,NCAR,No Change,No Change,1993.34,25.19,0,14.85,27.23,15.39,19.9,5.28,21.87,0,-2.38,0,1946.29,0.88,31.39,15.28,1993.83,467.98,-5592.79,11.4,-9.89999999999964,High
Oct 2040,Canadian,NCAR,No Change,No Change,947.62,12.34,0,10.32,10.67,7.92,11.36,3.27,8.74,0,-1.21,0,926.54,0.48,17.09,3.08,947.19,463.04,-5603.19,-4.94,-10.3999999999996,High
Nov 2040,Canadian,NCAR,No Change,No Change,148.83,1.99,0,0.42,3.57,0.24,0.72,0.94,1.68,0,-1.87,0,145.16,0.12,4.62,0,149.9,456.8,-5606.83,-6.24000000000001,-3.64000000000033,High
Dec 2040,Canadian,NCAR,No Change,No Change,288.99,4.06,0,1.64,4.09,0.24,0.72,0.94,3.11,0,-1.56,0,281.81,0.13,3.97,0,285.91,455.29,-5606.81,-1.50999999999999,0.0199999999995271,High
Jan 2041,Canadian,NCAR,No Change,No Change,130.32,2.1,0,0.3,3.83,0.24,0.72,0.94,1.86,0,-1.91,0,126.35,0.12,4.92,0,131.39,454.94,-5605.03,-0.350000000000023,1.78000000000065,High
Feb 2041,Canadian,NCAR,No Change,No Change,76.66,1.42,0,0.28,2.48,0.24,0.72,0.94,1.04,0,-1.17,0,74.19,0.08,5.58,0,79.85,453.39,-5604.85,-1.55000000000001,0.179999999999382,High
Mar 2041,Canadian,NCAR,No Change,No Change,485.16,9.63,0,1.65,12.78,1.16,2.01,1.18,5.71,0,-4.1,0,469.81,0.46,8.81,0.12,479.2,449.83,-5604.76,-3.56,0.0900000000001455,High
Apr 2041,Canadian,NCAR,No Change,No Change,2110.19,30.93,0,12.69,33.26,3.01,4.98,1.8,17.02,0,-13.29,0,2062.24,1.27,13.04,3.06,2079.62,453.46,-5604.09,3.63,0.670000000000073,High
May 2041,Canadian,NCAR,No Change,No Change,1614.98,34.15,0,9.82,48.22,15.38,27.65,7.03,17.06,0,-10.37,0,1563.77,1.86,39.32,18.76,1623.71,473.86,-5606.61,20.4,-2.51999999999953,High
Jun 2041,Canadian,NCAR,No Change,No Change,806.49,15.93,0,14.68,39.54,40.21,39.36,9.79,7.53,0,1.22,0,783.03,0.7,51.52,24.68,859.93,488,-5639.29,14.14,-32.6800000000003,High
Jul 2041,Canadian,NCAR,No Change,No Change,3177.02,43.68,0,18,47.83,18,25.57,6.69,36.77,0,-5.72,0,3096.57,1.57,40.13,22.98,3161.25,465.38,-5684.8,-22.62,-45.5100000000002,High
Aug 2041,Canadian,NCAR,No Change,No Change,3938.3,53.64,0,17.06,64.48,11.54,16.62,4.59,43.36,0,-18.53,0,3841.3,2.18,27.7,19.52,3890.69,473.96,-5695.61,8.57999999999998,-10.8099999999995,High
Sep 2041,Canadian,NCAR,No Change,No Change,2820.79,38.32,0,12.98,46.64,10.62,17.84,4.87,33.66,0,-12.42,0,2748.82,1.74,26.87,15,2792.43,511.24,-5702.34,37.28,-6.73000000000047,High
Oct 2041,Canadian,NCAR,No Change,No Change,823.35,11.07,0,10.21,11.45,9.38,15.77,4.27,9.86,0,-1.8,0,802.42,0.59,21.26,2.61,826.89,533.35,-5709.08,22.11,-6.73999999999978,High
Nov 2041,Canadian,NCAR,No Change,No Change,784.55,11.18,0,3.52,13.38,0.24,0.72,0.94,9.4,0,-5.9,0,763.97,0.43,4.53,0,768.93,525.66,-5715.12,-7.69000000000005,-6.03999999999996,High
Dec 2041,Canadian,NCAR,No Change,No Change,941.74,14.81,0,6.42,9.58,0.24,0.72,0.94,12.29,0,-1.47,0,914.63,0.52,3.71,0,918.87,534.05,-5711.4,8.38999999999999,3.72000000000025,High
Jan 2042,Canadian,NCAR,No Change,No Change,1078.82,14.85,0,6.37,11.55,0.24,0.72,0.94,12.81,0,-3.51,0,1051.16,0.69,3.45,0,1055.29,539.45,-5700.36,5.40000000000009,11.04,High
Feb 2042,Canadian,NCAR,No Change,No Change,329.75,4.6,0,2.9,3.51,0.24,0.72,0.94,3.99,0,-1.81,0,321.16,0.24,5.33,0,326.73,547.09,-5690.83,7.63999999999999,9.52999999999975,High
Mar 2042,Canadian,NCAR,No Change,No Change,261.69,3.9,0,3.17,7.22,4.18,7.16,2.2,3.28,0,-2.68,0,254.5,0.37,15.25,0.66,270.77,544.8,-5688.44,-2.29000000000008,2.39000000000033,High
Apr 2042,Canadian,NCAR,No Change,No Change,437.94,5.61,0,10.53,13.97,14.85,28.34,7.47,5,0,-4.74,0,427.33,0.71,33.35,7.7,469.08,537.56,-5693.45,-7.24000000000001,-5.01000000000022,High
May 2042,Canadian,NCAR,No Change,No Change,1886.62,22.19,0,11.27,27.6,10.48,24.34,6.36,18.93,0,-7.35,0,1845.5,1.15,33.59,13.47,1893.72,524.19,-5721.75,-13.3699999999999,-28.3000000000002,High
Jun 2042,Canadian,NCAR,No Change,No Change,5105.65,59.07,0,32.53,51.19,10.26,13.1,3.7,51.66,0,-17.01,0,4994.92,2.62,26.99,22,5046.53,525.69,-5741.62,1.5,-19.8699999999999,High
Jul 2042,Canadian,NCAR,No Change,No Change,2989.67,38.01,0,17.96,43.73,18.93,25.45,6.58,32.31,0,-6.2,0,2919.36,1.44,42.05,22.53,2985.39,549.02,-5738.36,23.3299999999999,3.26000000000022,High
Aug 2042,Canadian,NCAR,No Change,No Change,1708.76,24.36,0,14.53,41.46,29.69,33.82,8.51,18.52,0,-3.01,0,1665.88,1.06,46.58,20.57,1734.09,550.64,-5753.65,1.62,-15.29,High
Sep 2042,Canadian,NCAR,No Change,No Change,1794.17,22.65,0,14.08,30.32,18.94,24.5,6.38,20.14,0,-3.77,0,1751.39,0.95,37.1,16.02,1805.46,541.14,-5784.03,-9.5,-30.3800000000001,High
Oct 2042,Canadian,NCAR,No Change,No Change,2329.2,31.64,0,12.02,33.82,4.25,7.51,2.37,28.28,0,-11.33,0,2269.28,1.38,13.57,2.12,2286.35,533.55,-5801.8,-7.59000000000003,-17.7700000000004,High
Nov 2042,Canadian,NCAR,No Change,No Change,759.63,11.3,0,6.7,7.28,0.24,0.72,0.94,9.48,0,-3.01,0,738.85,0.57,5.46,0,744.88,554.69,-5792.12,21.1400000000001,9.68000000000029,High
Dec 2042,Canadian,NCAR,No Change,No Change,162.64,2.96,0,0.92,2.97,0.24,0.72,0.94,2.05,0,-0.83,0,157.63,0.14,4.3,0,162.06,556.05,-5785.43,1.3599999999999,6.6899999999996,High
Jan 2043,Canadian,NCAR,No Change,No Change,45.78,1.25,0,0.13,2.08,0.23,0.72,0.94,0.61,0,-0.8,0,43.93,0.06,5.05,0,49.04,554.26,-5783.99,-1.78999999999996,1.44000000000051,High
Feb 2043,Canadian,NCAR,No Change,No Change,87.71,2.53,0,0.35,3.41,0.24,0.72,0.93,1.11,0,-1.09,0,84.06,0.11,6.47,0,90.64,550.85,-5783.96,-3.40999999999997,0.0299999999997453,High
Mar 2043,Canadian,NCAR,No Change,No Change,398.2,9.81,0,2.11,11.31,1.53,2.98,1.37,4.5,0,-2.59,0,383.89,0.52,11.35,0.2,395.96,547.34,-5783.73,-3.50999999999999,0.230000000000473,High
Apr 2043,Canadian,NCAR,No Change,No Change,1479.58,32,0,22.88,24.42,8.81,20.43,5.62,16.2,0,-8.48,0,1431.38,1.99,28.91,8.3,1470.57,547.38,-5783.64,0.0399999999999636,0.089999999999236,High
May 2043,Canadian,NCAR,No Change,No Change,1900.56,33.07,0,11.94,44.13,17.94,23.15,5.99,17.57,0,-6.57,0,1849.92,1.51,39.84,19.51,1910.78,548.89,-5799.02,1.50999999999999,-15.3800000000001,High
Jun 2043,Canadian,NCAR,No Change,No Change,2782.88,43.06,0,19.15,51.26,20.72,27.02,6.89,29.06,0,-8.7,0,2710.75,2.07,45.01,23.93,2781.76,552.41,-5824.69,3.51999999999998,-25.6699999999992,High
Jul 2043,Canadian,NCAR,No Change,No Change,2581.12,36.36,0,17.83,37.93,19.39,28.69,7.42,29.92,0,-1.17,0,2514.83,1.16,45.02,23.44,2584.45,558.06,-5848.38,5.64999999999998,-23.6900000000005,High
Aug 2043,Canadian,NCAR,No Change,No Change,2714.03,35.42,0,13.96,43.83,17.46,25.15,6.55,30.11,0,-6.28,0,2648.5,1.37,39.37,20.6,2709.84,552.85,-5864.33,-5.20999999999992,-15.9499999999998,High
Sep 2043,Canadian,NCAR,No Change,No Change,1119.36,15.94,0,14.88,30.51,31.25,29.95,7.66,13.25,0,1.19,0,1090.16,0.61,41.41,16.62,1148.79,558.45,-5879.7,5.60000000000002,-15.3699999999999,High
Oct 2043,Canadian,NCAR,No Change,No Change,705.69,11.58,0,10.84,15.39,14.79,19.82,5.37,8.67,0,-0.41,0,685.43,0.56,26.24,5.26,717.48,538.59,-5904.16,-19.86,-24.46,High
Nov 2043,Canadian,NCAR,No Change,No Change,144.46,1.86,0,1,2.64,0.84,2.65,1.35,1.66,0,-1.07,0,140.94,0.13,7.41,0.08,148.56,527.41,-5915.61,-11.1800000000001,-11.4499999999998,High
Dec 2043,Canadian,NCAR,No Change,No Change,176.67,2.51,0,0.59,4.1,0.24,0.72,0.94,2.15,0,-2.06,0,172.01,0.13,4.2,0,176.34,523.11,-5916.4,-4.29999999999995,-0.789999999999964,High
Jan 2044,Canadian,NCAR,No Change,No Change,59.78,1.42,0,0.24,1.91,0.24,0.72,0.94,0.93,0,-0.54,0,57.42,0.05,4.32,0,61.8,522.54,-5916.09,-0.57000000000005,0.309999999999491,High
Feb 2044,Canadian,NCAR,No Change,No Change,201.68,4.2,0,1,5.21,0.24,0.72,0.94,3.24,0,-1.93,0,194.24,0.17,5.02,0,199.43,519.67,-5915.47,-2.87,0.619999999999891,High
Mar 2044,Canadian,NCAR,No Change,No Change,518.83,7.44,0,2,9.71,0.63,1.21,1.03,5.8,0,-3.97,0,505.59,0.33,8.32,0.05,514.29,519.39,-5913.95,-0.279999999999973,1.52000000000044,High
Apr 2044,Canadian,NCAR,No Change,No Change,1037.15,13.03,0,9.64,22.88,12.22,17.98,4.78,10.42,0,-8.26,0,1013.7,0.99,25.85,4.51,1045.05,520.33,-5912.35,0.940000000000055,1.59999999999945,High
May 2044,Canadian,NCAR,No Change,No Change,3780.68,46.78,0,17.63,49.99,8.53,12.51,3.58,40.8,0,-14.43,0,3693.1,2.12,24.39,18.35,3737.96,518.34,-5927.9,-1.99000000000001,-15.5499999999993,High
Jun 2044,Canadian,NCAR,No Change,No Change,3987.68,44.48,0,24.11,41.59,14.83,15.29,4.15,37.06,0,-7.89,0,3906.14,1.5,32.77,23.11,3963.52,544.34,-5928.82,26,-0.920000000000073,High
Jul 2044,Canadian,NCAR,No Change,No Change,5703.37,66.49,0,51.74,37.07,10.72,13.56,3.85,56.7,0,-14.22,0,5580.18,2.62,28.05,22.06,5632.92,549.46,-5933.89,5.12,-5.07000000000062,High
Aug 2044,Canadian,NCAR,No Change,No Change,4773.46,59.67,0,40.57,36.58,8.37,11.38,3.4,51.02,0,-11.57,0,4662.77,2.46,23.09,19.04,4707.36,557.46,-5923.18,8,10.71,High
Sep 2044,Canadian,NCAR,No Change,No Change,735.86,11.14,0,14.8,27.18,33.56,32.19,8.17,8.91,0,2.26,0,715.81,0.46,41.59,16.51,774.38,570.56,-5910.75,13.0999999999999,12.4300000000003,High
Oct 2044,Canadian,NCAR,No Change,No Change,760.33,14.55,0,10.59,15.74,12.26,17.29,4.69,8.62,0,-0.15,0,737.16,0.64,23.28,3.53,764.61,546.61,-5940.1,-23.9499999999999,-29.3500000000004,High
Nov 2044,Canadian,NCAR,No Change,No Change,6.03,1.17,0,0.08,1.37,0.23,0.72,0.92,0.08,0,-0.09,0,4.78,0.04,6.4,0,11.22,539.4,-5947.76,-7.21000000000004,-7.65999999999985,High
Dec 2044,Canadian,NCAR,No Change,No Change,275.45,4.52,0,1.24,5.6,0.24,0.72,0.94,3.58,0,-2.26,0,267.35,0.18,4.33,0,271.86,533.94,-5947.58,-5.45999999999992,0.180000000000291,High
Jan 2045,Canadian,NCAR,No Change,No Change,805.54,11.93,0,3.13,14.86,0.24,0.72,0.94,9.94,0,-6.26,0,783.67,0.45,3.82,0,787.94,534.75,-5946.04,0.809999999999945,1.53999999999996,High
Feb 2045,Canadian,NCAR,No Change,No Change,1075.62,14.19,0,4.38,20.32,0.24,0.72,0.94,12.23,0,-10.96,0,1049.2,0.69,4.57,0,1054.46,545.32,-5942.14,10.5700000000001,3.89999999999964,High
Mar 2045,Canadian,NCAR,No Change,No Change,1353.69,23.11,0,12.33,16.34,0.24,0.72,0.94,16.36,0,-6.63,0,1314.22,1.31,7.17,0,1322.7,560.61,-5940.65,15.29,1.49000000000069,High
Apr 2045,Canadian,NCAR,No Change,No Change,902.14,19.68,0,10.88,20.71,9.1,17.18,4.63,9.85,0,-3.91,0,872.61,1.09,26.98,4.81,905.5,569.31,-5930.69,8.69999999999993,9.96000000000004,High
May 2045,Canadian,NCAR,No Change,No Change,446.55,11.39,0,12.41,36.84,39.64,41.01,10.2,4.92,0,1.14,0,430.24,0.64,51.73,22.38,504.98,566.49,-5942.12,-2.81999999999994,-11.4300000000003,High
Jun 2045,Canadian,NCAR,No Change,No Change,173,5.68,0,16.45,31.53,46.94,49.73,12.06,1.73,0,4.19,0,165.58,0.45,56.13,26.92,249.08,542.78,-5989.24,-23.71,-47.1199999999999,High
Jul 2045,Canadian,NCAR,No Change,No Change,1019.19,16.94,0,18.01,36.77,42.08,43.04,10.75,13.49,0,3.61,0,988.77,0.63,54.34,24.81,1068.53,508.91,-6047.91,-33.8699999999999,-58.6700000000001,High
Aug 2045,Canadian,NCAR,No Change,No Change,1317.43,19.12,0,14.15,36.16,32.89,34.48,8.73,16.47,0,1.01,0,1281.84,0.69,44.61,20.73,1347.88,481.55,-6087.9,-27.36,-39.9899999999998,High
Sep 2045,Canadian,NCAR,No Change,No Change,703.86,10.95,0,14.76,26.45,33.56,32.32,8.22,9.11,0,2.86,0,683.8,0.45,39.73,16.15,740.13,465.96,-6116.91,-15.59,-29.0100000000002,High
Oct 2045,Canadian,NCAR,No Change,No Change,199.28,6.56,0,12.75,19.97,29.3,27.83,7.27,2.7,0,2.77,0,190.01,0.37,32.37,6.74,229.49,443.21,-6145.2,-22.75,-28.29,High
Nov 2045,Canadian,NCAR,No Change,No Change,420.84,5.81,0,1.6,7.92,1.19,2.51,1.3,5.24,0,-2.81,0,409.79,0.3,6.89,0.1,417.09,422.08,-6167.02,-21.13,-21.8200000000006,High
Dec 2045,Canadian,NCAR,No Change,No Change,254.12,4.16,0,1.29,4.5,0.24,0.72,0.94,3.36,0,-1.53,0,246.6,0.15,4.02,0,250.76,423.12,-6165.9,1.04000000000002,1.1200000000008,High
Jan 2046,Canadian,NCAR,No Change,No Change,694.55,10.13,0,2.74,12.36,0.24,0.72,0.94,8.7,0,-5.1,0,675.72,0.38,4.09,0,680.19,423.14,-6163.84,0.0199999999999818,2.05999999999949,High
Feb 2046,Canadian,NCAR,No Change,No Change,505.21,6.85,0,2,10.39,0.24,0.72,0.94,6.25,0,-5.65,0,492.12,0.35,4.86,0,497.33,430.93,-6160.03,7.79000000000002,3.8100000000004,High
Mar 2046,Canadian,NCAR,No Change,No Change,425.46,8.06,0,1.54,9.7,1.12,1.85,1.15,5.25,0,-2.39,0,412.15,0.34,8.45,0.1,421.05,435.99,-6159.2,5.06,0.829999999999927,High
Apr 2046,Canadian,NCAR,No Change,No Change,3012.4,40.91,0,16.75,48.88,5.96,4.33,1.72,31.54,0,-20.42,0,2939.94,1.66,11.99,3.45,2957.05,436.81,-6157.15,0.819999999999993,2.05000000000018,High
May 2046,Canadian,NCAR,No Change,No Change,1660.57,20.65,0,11.31,32.27,19.24,26.71,6.86,18.54,0,-4.67,0,1621.39,0.98,37.3,17.24,1676.91,470.35,-6152.09,33.54,5.05999999999949,High
Jun 2046,Canadian,NCAR,No Change,No Change,2189.24,23.03,0,14.67,38.96,26.86,25.56,6.53,19.64,0,-4.6,0,2146.56,0.86,40.99,22.98,2211.39,465.93,-6175.32,-4.42000000000002,-23.2299999999996,High
Jul 2046,Canadian,NCAR,No Change,No Change,2584.62,32.95,0,18.17,39.24,22.83,28.74,7.35,27.35,0,-2.76,0,2524.32,1.15,43.84,23.55,2592.85,456.08,-6202.29,-9.85000000000002,-26.9700000000003,High
Aug 2046,Canadian,NCAR,No Change,No Change,2756.89,32.34,0,14.53,44.02,16.38,28.37,7.21,29.64,0,-11.46,0,2694.92,1.63,38.93,20.63,2756.1,450.03,-6222.64,-6.05000000000001,-20.3500000000004,High
Sep 2046,Canadian,NCAR,No Change,No Change,2130.18,28.05,0,15.27,31.02,16.17,22.88,6.02,24.93,0,-3.13,0,2077.2,1.05,34.36,16.71,2129.33,459.91,-6246.26,9.88000000000005,-23.6199999999999,High
Oct 2046,Canadian,NCAR,No Change,No Change,1656.82,25.7,0,11.19,19.63,4.45,9.71,3.04,21.21,0,-1.49,0,1609.91,0.82,15.13,4,1629.85,457.26,-6258.04,-2.65000000000003,-11.7799999999997,High
Nov 2046,Canadian,NCAR,No Change,No Change,143.74,2.97,0,0.4,4.35,0.24,0.72,0.94,1.7,0,-1.68,0,139.07,0.14,5.48,0,144.7,463.99,-6248.98,6.73000000000002,9.0600000000004,High
Dec 2046,Canadian,NCAR,No Change,No Change,198.09,3.06,0,0.8,4.17,0.24,0.72,0.94,2.11,0,-1.82,0,192.92,0.14,3.52,0,196.58,462.39,-6248.74,-1.60000000000002,0.239999999999782,High
Jan 2047,Canadian,NCAR,No Change,No Change,447.15,6.82,0,1.43,9.58,0.24,0.72,0.94,5.77,0,-4.24,0,434.57,0.3,4.17,0,439.03,462.58,-6248.22,0.189999999999998,0.519999999999527,High
Feb 2047,Canadian,NCAR,No Change,No Change,460.76,6.82,0,2.42,8.21,0.24,0.72,0.94,5.61,0,-3.84,0,448.34,0.27,5.03,0,453.64,467.52,-6246.48,4.94,1.74000000000069,High
Mar 2047,Canadian,NCAR,No Change,No Change,712.33,11.92,0,2.97,14.16,0.56,1.09,1.01,7.52,0,-5.12,0,692.88,0.48,7.85,0.05,701.27,470.23,-6244.49,2.71000000000004,1.98999999999978,High
Apr 2047,Canadian,NCAR,No Change,No Change,75.74,7.6,0,10.89,13.48,15.73,23.49,5.95,0.68,0,-1.78,0,67.46,0.74,29.07,3.4,100.67,476.06,-6242.22,5.82999999999998,2.26999999999953,High
May 2047,Canadian,NCAR,No Change,No Change,2057.58,31.06,0,11.64,38.3,15.94,23.08,5.99,21.03,0,-4.16,0,2005.49,1.22,36.36,19.1,2062.17,462.28,-6264.27,-13.78,-22.0500000000002,High
Jun 2047,Canadian,NCAR,No Change,No Change,1479.15,17.49,0,15.49,42.55,38.69,34.66,8.58,12.77,0,-2.66,0,1448.88,0.81,48.95,24.78,1523.42,465.37,-6283.6,3.09000000000003,-19.3299999999999,High
Jul 2047,Canadian,NCAR,No Change,No Change,1853.36,26.84,0,17.16,40.32,31.83,34.61,8.82,21.1,0,0.27,0,1805.42,0.92,48.36,24.23,1878.92,446.36,-6324.34,-19.01,-40.7399999999998,High
Aug 2047,Canadian,NCAR,No Change,No Change,3465.14,42.92,0,14.66,51.39,14.13,19.39,5.19,36.89,0,-10.72,0,3385.33,1.72,30.78,19.97,3437.79,432.28,-6353,-14.08,-28.6599999999999,High
Sep 2047,Canadian,NCAR,No Change,No Change,309.77,4.02,0,14.53,21.3,34.62,33.56,8.45,3.06,0,2.52,0,302.69,0.29,38.13,15.75,356.86,452.96,-6360.99,20.68,-7.98999999999978,High
Oct 2047,Canadian,NCAR,No Change,No Change,743.24,7.42,0,12.02,13.1,15.42,21.13,5.53,7.41,0,-2.88,0,728.41,0.61,25.1,3.91,758.03,426.63,-6396.27,-26.33,-35.2800000000007,High
Nov 2047,Canadian,NCAR,No Change,No Change,453.77,6.15,0,1.73,8.59,0.78,1.62,1.13,5.54,0,-3.69,0,442.08,0.29,5.7,0.05,448.13,414.81,-6411.26,-11.82,-14.9899999999998,High
Dec 2047,Canadian,NCAR,No Change,No Change,147.38,1.72,0,0.51,3.16,0.32,0.72,0.94,1.63,0,-1.72,0,144.02,0.1,3.56,0,147.68,417.4,-6409.94,2.58999999999998,1.32000000000062,High
Jan 2048,Canadian,NCAR,No Change,No Change,388.54,5.59,0,1.35,7.63,0.24,0.72,0.94,4.87,0,-3.38,0,378.07,0.24,3.79,0,382.1,416.46,-6409.81,-0.939999999999998,0.1299999999992,High
Feb 2048,Canadian,NCAR,No Change,No Change,1293.72,16.11,0,6.1,20.8,0.24,0.72,0.94,14.38,0,-11.26,0,1263.23,0.71,5.18,0,1269.12,419.83,-6408.1,3.37,1.71000000000004,High
Mar 2048,Canadian,NCAR,No Change,No Change,393.64,7.22,0,2.24,9.39,1.67,4.82,1.74,5.28,0,-3.21,0,381.13,0.46,11.41,0.36,393.36,434.99,-6404.75,15.16,3.35000000000036,High
Apr 2048,Canadian,NCAR,No Change,No Change,1365,23.98,0,8.62,30.72,6.43,14.53,3.85,15.91,0,-10.37,0,1325.11,1.44,20.51,5.2,1352.27,434.39,-6406.12,-0.600000000000023,-1.36999999999989,High
May 2048,Canadian,NCAR,No Change,No Change,2278.77,30.58,0,10.73,36.21,9.79,19.18,5.19,22.88,0,-7.92,0,2225.31,1.34,28.21,13.7,2268.57,448.85,-6416.47,14.46,-10.3500000000004,High
Jun 2048,Canadian,NCAR,No Change,No Change,2607.81,27.57,0,15.49,41.2,24.27,23.48,5.97,22.01,0,-5.88,0,2558.23,1.04,40.62,23.7,2623.58,461.04,-6429.19,12.19,-12.7199999999993,High
Jul 2048,Canadian,NCAR,No Change,No Change,3304.02,41.81,0,18.05,48,18.48,25.74,6.68,36.79,0,-7.37,0,3225.42,1.6,40.29,23.5,3290.81,454.85,-6454.26,-6.19,-25.0700000000006,High
Aug 2048,Canadian,NCAR,No Change,No Change,2778.34,33.85,0,14.07,44.77,15.89,27.54,7.04,31.02,0,-10.74,0,2713.46,1.64,38.02,20.3,2773.43,463.15,-6467.41,8.29999999999995,-13.1499999999996,High
Sep 2048,Canadian,NCAR,No Change,No Change,1904.3,25.62,0,14.79,28.47,16.61,21.55,5.7,21.05,0,-1.92,0,1857.62,0.89,33.27,15.97,1907.75,474.51,-6487.92,11.36,-20.5100000000002,High
Oct 2048,Canadian,NCAR,No Change,No Change,2574.4,35.33,0,14.85,33.17,2.7,5.06,1.88,30.28,0,-11.25,0,2508.79,1.27,10.87,3.71,2524.64,468.95,-6500.61,-5.56,-12.6899999999996,High
Nov 2048,Canadian,NCAR,No Change,No Change,1861.91,25.85,0,8.41,29.48,0.24,0.72,0.94,22.27,0,-12.76,0,1813.78,0.96,4.12,0,1818.86,491.72,-6488.46,22.77,12.1499999999996,High
Dec 2048,Canadian,NCAR,No Change,No Change,309.15,5.17,0,1.7,5,0.24,0.72,0.94,4.17,0,-1.45,0,299.81,0.16,4.11,0,304.07,516.62,-6478.72,24.9,9.73999999999978,High
Jan 2049,Canadian,NCAR,No Change,No Change,273.85,5.03,0,0.88,6.68,0.24,0.72,0.94,4.02,0,-2.49,0,264.81,0.2,4.21,0,269.22,517.04,-6475.77,0.419999999999959,2.94999999999982,High
Feb 2049,Canadian,NCAR,No Change,No Change,336.44,4.96,0,1.44,7.17,0.24,0.72,0.94,4.18,0,-3.64,0,327.31,0.23,5.85,0,333.39,519.04,-6474.02,2,1.75,High
Mar 2049,Canadian,NCAR,No Change,No Change,489.65,7.22,0,1.65,9.95,1.18,2.06,1.19,6.06,0,-3.56,0,476.36,0.36,9.81,0.13,486.66,519.9,-6473.26,0.860000000000014,0.760000000000218,High
Apr 2049,Canadian,NCAR,No Change,No Change,2374.14,27.26,0,10.35,45.55,9.95,9.4,2.75,23.43,0,-20.32,0,2323.45,1.62,18.2,2.62,2345.89,519.73,-6471.75,-0.169999999999959,1.51000000000022,High
May 2049,Canadian,NCAR,No Change,No Change,2567.5,33.48,0,13.23,35.5,10.03,18.14,4.99,27.27,0,-6.62,0,2506.75,1.41,29.37,13.86,2551.39,543.77,-6477.91,24.04,-6.15999999999985,High
Jun 2049,Canadian,NCAR,No Change,No Change,3927.11,48.35,0,26.19,43.21,14.53,18.27,4.88,41.2,0,-8.46,0,3837.56,1.93,34.34,22.94,3896.78,553.01,-6484.27,9.24000000000001,-6.36000000000058,High
Jul 2049,Canadian,NCAR,No Change,No Change,1824.11,23.5,0,18.08,41.61,35.65,36.63,9.16,19.33,0,-1.48,0,1781.28,0.94,52.93,24.59,1859.75,560.75,-6487.87,7.74000000000001,-3.59999999999945,High
Aug 2049,Canadian,NCAR,No Change,No Change,2541.22,39.34,0,14.35,42.18,17.37,25.29,6.67,30.02,0,-1.05,0,2471.87,1.23,39.32,20.81,2533.22,541.24,-6522.08,-19.51,-34.21,High
Sep 2049,Canadian,NCAR,No Change,No Change,2614.88,35.48,0,14.83,36.01,12.13,16.5,4.56,29.78,0,-4.45,0,2549.61,1.21,28.14,15.77,2594.73,545.35,-6532.55,4.11000000000001,-10.4700000000003,High
Oct 2049,Canadian,NCAR,No Change,No Change,232.22,3.62,0,13.11,15.57,26.65,29.77,7.83,3.02,0,1.23,0,225.58,0.36,34.64,6.72,267.3,553.05,-6534.93,7.69999999999993,-2.38000000000011,High
Nov 2049,Canadian,NCAR,No Change,No Change,545.51,6.93,0,2.15,9.58,0.27,0.75,0.95,6.13,0,-4.85,0,532.45,0.31,5.28,0,538.05,529.28,-6559.34,-23.77,-24.4099999999999,High
Dec 2049,Canadian,NCAR,No Change,No Change,79.78,1.34,0,0.34,2.11,0.24,0.72,0.94,1,0,-0.94,0,77.45,0.06,4.31,0,81.83,533.11,-6557.86,3.83000000000004,1.48000000000047,High
Jan 2050,Canadian,NCAR,No Change,No Change,589.35,7.48,0,1.85,11.35,0.24,0.72,0.94,6.79,0,-5.84,0,575.08,0.36,4.41,0,579.85,530.44,-6557.58,-2.66999999999996,0.279999999999745,High
Feb 2050,Canadian,NCAR,No Change,No Change,352.61,5.19,0,1.16,8.55,0.24,0.72,0.94,4.83,0,-4.55,0,342.59,0.28,6.57,0,349.44,536.91,-6556.4,6.46999999999991,1.18000000000029,High
Mar 2050,Canadian,NCAR,No Change,No Change,2120.39,31.7,0,11.45,27.08,0.24,0.72,0.94,22.56,0,-7.95,0,2066.13,1.36,7.83,0.02,2075.35,538.42,-6555.89,1.50999999999999,0.509999999999309,High
Apr 2050,Canadian,NCAR,No Change,No Change,1060.68,20.8,0,14.11,23.14,9.85,17.53,4.45,11.56,0,-8.14,0,1028.32,1.54,26.48,1.93,1058.27,557.21,-6541.09,18.7900000000001,14.8000000000002,High
May 2050,Canadian,NCAR,No Change,No Change,2505.32,47.45,0,24.51,44.38,12.7,20.34,5.46,26.51,0,-11.45,0,2431.35,2.7,33.59,16.54,2484.19,557.11,-6552.68,-0.100000000000023,-11.5900000000001,High
Jun 2050,Canadian,NCAR,No Change,No Change,358.55,10.71,0,16.06,38.39,47.24,48.13,11.8,3.72,0,2.86,0,344.12,0.64,58.7,26.42,429.88,570.09,-6569.03,12.98,-16.3499999999995,High
Jul 2050,Canadian,NCAR,No Change,No Change,1565.66,26.61,0,17.85,39.36,33.38,40.9,10.32,22.28,0,1.8,0,1516.77,0.97,54.35,24.36,1596.45,538.88,-6625.21,-31.21,-56.1800000000003,High
Aug 2050,Canadian,NCAR,No Change,No Change,2244.76,31.87,0,14.48,37.56,20.11,29.55,7.6,26.96,0,-1.17,0,2185.93,1.11,42.4,20.69,2250.14,521.09,-6656.06,-17.79,-30.8500000000004,High
Sep 2050,Canadian,NCAR,No Change,No Change,843.19,8.85,0,15.69,29.8,36.83,32.91,8.23,8.22,0,-0.34,0,826.12,0.53,42.96,17.01,886.61,518.09,-6672.92,-3,-16.8599999999997,High
Oct 2050,Canadian,NCAR,No Change,No Change,307.73,3.86,0,12.56,17.52,27.66,26.36,6.93,3.66,0,1.1,0,300.22,0.33,31.8,6.04,338.39,492.78,-6706.73,-25.3100000000001,-33.8099999999995,High
Nov 2050,Canadian,NCAR,No Change,No Change,228.19,2.89,0,0.77,4.89,0.64,2.2,1.26,2.86,0,-2.35,0,222.44,0.21,6.45,0.06,229.16,470.27,-6727.44,-22.51,-20.71,High
Dec 2050,Canadian,NCAR,No Change,No Change,736.77,11.27,0,3.27,12.61,0.24,0.72,0.94,9.62,0,-4.78,0,715.88,0.42,3.05,0,719.35,469.01,-6727.93,-1.25999999999999,-0.490000000000691,High
Jan 2051,Canadian,NCAR,No Change,No Change,839.25,12.15,0,3.37,14.59,0.24,0.72,0.94,9.97,0,-6.01,0,817.14,0.44,4.36,0,821.94,478.1,-6722.87,9.09000000000003,5.0600000000004,High
Feb 2051,Canadian,NCAR,No Change,No Change,224.89,3.31,0,0.75,5.61,0.24,0.72,0.94,2.99,0,-2.99,0,218.6,0.18,5.18,0,223.97,487.86,-6718.68,9.75999999999999,4.1899999999996,High
Mar 2051,Canadian,NCAR,No Change,No Change,315.98,5,0,1.4,6.05,0.44,0.93,0.98,3.45,0,-2.21,0,307.53,0.2,7.58,0.02,315.33,487.81,-6718.47,-0.0500000000000114,0.210000000000036,High
Apr 2051,Canadian,NCAR,No Change,No Change,545.93,14.23,0,10.3,13.66,7.57,18.38,4.69,6.19,0,-3.07,0,525.51,0.92,24.82,2.26,553.51,485.8,-6717.2,-2.00999999999999,1.27000000000044,High
May 2051,Canadian,NCAR,No Change,No Change,783.07,22.48,0,10.59,34.72,21.87,33.24,8.51,7.68,0,-2.07,0,752.91,1.12,43.27,15.71,813.01,480.75,-6730.02,-5.05000000000001,-12.8200000000006,High
Jun 2051,Canadian,NCAR,No Change,No Change,507.29,20.64,0,15.34,50.1,47.34,45.68,11.25,4.72,0,1.54,0,481.94,0.99,60.62,26.37,569.92,475.04,-6764.84,-5.70999999999998,-34.8199999999997,High
Jul 2051,Canadian,NCAR,No Change,No Change,2401.52,35.74,0,17.22,41.86,22.11,29.99,7.67,26.33,0,-2.52,0,2339.46,1.29,45.81,23.54,2410.1,451.62,-6819.38,-23.42,-54.54,High
Aug 2051,Canadian,NCAR,No Change,No Change,2113.2,35.22,0,14.38,39.83,19.49,31.66,8.1,27.1,0,-0.8,0,2050.88,1.3,43.38,20.51,2116.07,447.88,-6841.43,-3.74000000000001,-22.0500000000002,High
Sep 2051,Canadian,NCAR,No Change,No Change,2112.96,27.58,0,15.97,29.16,16.6,21.28,5.59,22.99,0,-1.89,0,2062.39,0.94,33.16,16.89,2113.38,448.39,-6859.19,0.509999999999991,-17.7599999999993,High
Oct 2051,Canadian,NCAR,No Change,No Change,421.7,5.97,0,10.89,12.72,18.5,18.31,4.88,4.94,0,0.48,0,410.79,0.38,22.73,2.79,436.7,443.47,-6870.66,-4.91999999999996,-11.4700000000003,High
Nov 2051,Canadian,NCAR,No Change,No Change,1608.64,23.57,0,7.65,24.39,0.24,0.72,0.94,19.81,0,-9.02,0,1565.25,0.8,3.94,0,1569.99,428.39,-6881.47,-15.08,-10.8100000000004,High
Dec 2051,Canadian,NCAR,No Change,No Change,335.17,5.23,0,1.44,6.41,0.24,0.72,0.94,4.34,0,-2.59,0,325.6,0.21,3.6,0,329.41,448.38,-6870.45,19.99,11.0200000000004,High
Jan 2052,Canadian,NCAR,No Change,No Change,130.49,2.54,0,0.52,3.51,0.24,0.72,0.94,1.59,0,-1.35,0,126.36,0.11,3.82,0,130.29,450.72,-6868.47,2.34000000000003,1.97999999999956,High
Feb 2052,Canadian,NCAR,No Change,No Change,144.21,3.22,0,0.6,4.42,0.24,0.72,0.94,2.13,0,-1.71,0,138.86,0.14,5.28,0,144.28,449.94,-6868.01,-0.78000000000003,0.460000000000036,High
Mar 2052,Canadian,NCAR,No Change,No Change,189.41,7.94,0,0.86,11.69,0.71,2.44,1.27,2.3,0,-4.39,0,179.18,0.5,8.8,0.13,188.6,448.61,-6867.36,-1.32999999999998,0.650000000000546,High
Apr 2052,Canadian,NCAR,No Change,No Change,1400.32,28.83,0,7.89,36.5,5.2,13.09,3.52,15.16,0,-12.06,0,1356.32,1.7,18.84,1.77,1378.63,451.97,-6870.76,3.36000000000001,-3.40000000000055,High
May 2052,Canadian,NCAR,No Change,No Change,1881.45,33.08,0,9.17,43.52,8.96,23.05,6.13,19.16,0,-12.5,0,1829.21,1.84,30.69,13.19,1874.93,474,-6878.99,22.03,-8.22999999999956,High
Jun 2052,Canadian,NCAR,No Change,No Change,522.32,16.13,0,14.82,42.34,43.71,43.51,10.75,4.74,0,1.9,0,501.45,0.78,55.79,25.63,583.65,494.79,-6902.43,20.79,-23.4400000000005,High
Jul 2052,Canadian,NCAR,No Change,No Change,1557.87,24.76,0,17.71,39.92,34.93,38.63,9.71,20.43,0,1.12,0,1512.68,0.93,51.33,23.69,1588.64,470.4,-6954.19,-24.39,-51.7599999999993,High
Aug 2052,Canadian,NCAR,No Change,No Change,3893.65,54.77,0,18,63.02,11.62,16.02,4.49,42.97,0,-16.71,0,3795.91,2.08,27.21,19.98,3845.18,452.99,-6985.25,-17.41,-31.0600000000004,High
Sep 2052,Canadian,NCAR,No Change,No Change,55.33,1.79,0,16.13,21.1,39.19,39.22,9.61,0.56,0,3.45,0,52.98,0.29,42.97,17.43,113.67,488.71,-6990.5,35.72,-5.25,High
Oct 2052,Canadian,NCAR,No Change,No Change,974.78,11.8,0,10.64,12.94,9.78,16.11,4.39,10.35,0,-2.62,0,952.63,0.62,21.63,4,978.87,457.27,-7033.53,-31.44,-43.0299999999997,High
Nov 2052,Canadian,NCAR,No Change,No Change,909.07,10.06,0,3.87,12.87,0.26,0.73,0.94,8.79,0,-6.86,0,890.22,0.43,4.66,0,895.32,450.52,-7041.52,-6.75,-7.99000000000069,High
Dec 2052,Canadian,NCAR,No Change,No Change,117.05,1.79,0,0.42,2.9,0.24,0.72,0.94,1.37,0,-1.38,0,113.88,0.09,3.9,0,117.88,458.25,-7039.37,7.73000000000002,2.15000000000055,High
Jan 2053,Canadian,NCAR,No Change,No Change,541.17,8.21,0,1.8,11.16,0.24,0.72,0.94,7.22,0,-4.85,0,525.73,0.34,3.61,0,529.69,456.78,-7039.16,-1.47000000000003,0.210000000000036,High
Feb 2053,Canadian,NCAR,No Change,No Change,413.93,7.36,0,2.38,7.83,0.24,0.72,0.94,6.2,0,-2.87,0,400.36,0.25,5.85,0,406.47,463.86,-7036.56,7.08000000000004,2.59999999999945,High
Mar 2053,Canadian,NCAR,No Change,No Change,1065.89,11.6,0,4.16,15.81,1.01,1.74,1.13,10.19,0,-7.91,0,1044.09,0.55,8.92,0.14,1053.72,465.38,-7033,1.51999999999998,3.5600000000004,High
Apr 2053,Canadian,NCAR,No Change,No Change,1944.8,23.04,0,9.51,36,10.04,11.43,3.26,17.96,0,-13.76,0,1903.8,1.33,19.99,4.41,1929.53,471.85,-7031.46,6.47000000000003,1.53999999999996,High
May 2053,Canadian,NCAR,No Change,No Change,2463.02,32.07,0,11.46,38.82,14.02,19.37,5.19,26.14,0,-5.39,0,2404.81,1.2,32.62,18.33,2456.96,485.99,-7039.84,14.14,-8.38000000000011,High
Jun 2053,Canadian,NCAR,No Change,No Change,1154.63,17.67,0,14.64,39.77,37.48,36.74,9.22,12.26,0,0.01,0,1124.7,0.73,48.64,23.17,1197.24,492.35,-7051.6,6.36000000000001,-11.7600000000002,High
Jul 2053,Canadian,NCAR,No Change,No Change,4100.14,47.55,0,20.1,52.34,15.27,18.62,4.97,40.78,0,-11.36,0,4011.81,1.74,33.72,23.1,4070.37,473.51,-7090.02,-18.84,-38.4200000000001,High
Aug 2053,Canadian,NCAR,No Change,No Change,3759.34,42.78,0,15.33,54.92,13.14,17.9,4.85,38.41,0,-16.15,0,3678.15,1.83,30.3,20.19,3730.47,490.51,-7097.35,17,-7.32999999999993,High
Sep 2053,Canadian,NCAR,No Change,No Change,1201.31,16.8,0,14.51,30.35,28.54,29.1,7.47,14.87,0,-0.24,0,1169.64,0.72,39.85,15.55,1225.76,515.04,-7108.33,24.53,-10.9799999999996,High
Oct 2053,Canadian,NCAR,No Change,No Change,1025.79,12.72,0,9.83,13.77,6.94,14.19,3.81,12.16,0,-4.72,0,1000.91,0.78,19.36,1.94,1023,498.63,-7130.89,-16.41,-22.5600000000004,High
Nov 2053,Canadian,NCAR,No Change,No Change,323.54,9,0,0.93,11.25,0.24,0.72,0.94,4.09,0,-3.32,0,310.46,0.38,4.45,0,315.28,496.47,-7135.77,-2.15999999999997,-4.88000000000011,High
Dec 2053,Canadian,NCAR,No Change,No Change,324.81,7.4,0,1.52,9.14,0.24,0.72,0.94,4.02,0,-3.33,0,313.39,0.31,3.69,0,317.39,502.81,-7134.78,6.33999999999998,0.990000000000691,High
Jan 2054,Canadian,NCAR,No Change,No Change,393.69,9.05,0,0.92,14.73,0.24,0.72,0.94,5.57,0,-6.85,0,379.07,0.49,5.36,0,384.92,507.78,-7133.86,4.96999999999997,0.920000000000073,High
Feb 2054,Canadian,NCAR,No Change,No Change,223.82,5.19,0,0.86,7.89,0.24,0.72,0.94,2.6,0,-3.59,0,216.03,0.27,5.79,0,222.1,516.68,-7134.91,8.89999999999998,-1.05000000000018,High
Mar 2054,Canadian,NCAR,No Change,No Change,435.13,9.82,0,1.58,14.22,0.37,0.86,0.97,5.09,0,-6.1,0,420.23,0.49,7.63,0.02,428.36,518.31,-7135.68,1.63,-0.770000000000437,High
Apr 2054,Canadian,NCAR,No Change,No Change,2798.25,31.48,0,13.96,41.37,6.54,11.51,3.21,29.27,0,-19.4,0,2737.51,2.07,19.46,1.14,2760.18,524.43,-7136.6,6.12,-0.920000000000073,High
May 2054,Canadian,NCAR,No Change,No Change,2568.43,34.12,0,18.77,36.97,11.3,19.45,5.21,25.94,0,-12.34,0,2508.37,2.02,31.29,14.42,2556.09,548.12,-7136.17,23.6900000000001,0.430000000000291,High
Jun 2054,Canadian,NCAR,No Change,No Change,1947.38,23.65,0,14.64,40.89,29.24,28.1,7.12,17.58,0,-3.55,0,1906.15,0.91,45.25,23.12,1975.42,556.74,-7151.23,8.62,-15.0599999999995,High
Jul 2054,Canadian,NCAR,No Change,No Change,3481.18,39.98,0,19.03,44.6,17.23,19.99,5.28,32.84,0,-7.79,0,3408.36,1.37,37.29,22.64,3469.66,544.12,-7181.3,-12.62,-30.0700000000006,High
Aug 2054,Canadian,NCAR,No Change,No Change,2661.64,34.7,0,14.3,41.63,18.37,24.05,6.24,27.93,0,-4.1,0,2599.01,1.24,39.1,20.24,2659.59,548.91,-7193.61,4.78999999999996,-12.3099999999995,High
Sep 2054,Canadian,NCAR,No Change,No Change,3441.61,44.72,0,26.41,34.78,7.93,12.57,3.64,39.11,0,-10.51,0,3357.79,1.97,22.17,15.19,3397.11,550.89,-7207.82,1.98000000000002,-14.21,High
Oct 2054,Canadian,NCAR,No Change,No Change,200.62,5.88,0,11.62,13.89,22.18,21.8,5.73,2.79,0,2.18,0,191.96,0.37,27.08,3.59,222.99,564.49,-7203.34,13.6,4.47999999999956,High
Nov 2054,Canadian,NCAR,No Change,No Change,818.44,13.29,0,3.41,17.46,0.24,0.72,0.94,10.02,0,-7.91,0,795.14,0.58,5.83,0,801.55,545.2,-7218.03,-19.29,-14.6899999999996,High
Dec 2054,Canadian,NCAR,No Change,No Change,184.97,3.56,0,0.56,5.76,0.24,0.72,0.94,2.37,0,-2.71,0,179.04,0.19,4.69,0,183.91,556.35,-7215.7,11.15,2.32999999999993,High
Jan 2055,Canadian,NCAR,No Change,No Change,584.99,12.37,0,3.75,12.8,0.24,0.72,0.94,7.67,0,-4.77,0,564.96,0.83,5.58,0,571.37,556.96,-7215.81,0.610000000000014,-0.110000000000582,High
Feb 2055,Canadian,NCAR,No Change,No Change,181.72,4.22,0,1.35,3.98,0.24,0.72,0.94,2.72,0,-1.08,0,174.78,0.21,6.39,0,181.39,563.71,-7212.69,6.75,3.1200000000008,High
Mar 2055,Canadian,NCAR,No Change,No Change,1931.42,31.58,0,19.13,18.45,0.25,0.77,0.96,22.52,0,-7.4,0,1877.32,1.64,8.74,0.09,1887.79,560.83,-7210.82,-2.88,1.86999999999989,High
Apr 2055,Canadian,NCAR,No Change,No Change,434.31,13.03,0,10.33,12.86,7.59,19.57,4.93,5.22,0,-3.53,0,416.06,0.95,26.52,2.15,445.69,570.09,-7195.59,9.25999999999999,15.2299999999996,High
May 2055,Canadian,NCAR,No Change,No Change,2352.46,40.46,0,18.68,43.02,11.52,19.62,5.29,23.34,0,-12.04,0,2288.67,2.32,31.81,14.2,2337,563.49,-7210.69,-6.60000000000002,-15.0999999999995,High
Jun 2055,Canadian,NCAR,No Change,No Change,3493.21,44.73,0,25.21,42.53,14.59,19.73,5.25,37.38,0,-10.48,0,3411.09,2.06,35.12,21.71,3469.98,577.51,-7227.92,14.02,-17.2300000000005,High
Jul 2055,Canadian,NCAR,No Change,No Change,2541.79,30.76,0,16.88,36.87,19.78,26.84,6.92,26.51,0,-4.31,0,2484.53,1.09,44.01,22.67,2552.3,584.81,-7237.21,7.29999999999995,-9.28999999999996,High
Aug 2055,Canadian,NCAR,No Change,No Change,1096.67,16.25,0,14.45,38.78,37.84,37.63,9.43,11.73,0,0.16,0,1068.69,0.7,49.41,21.4,1140.19,577.82,-7257.61,-6.9899999999999,-20.3999999999996,High
Sep 2055,Canadian,NCAR,No Change,No Change,781.5,11.13,0,14.64,28.68,33.8,31.83,8.1,9.3,0,1.09,0,761.07,0.51,41.62,16.09,819.29,557.55,-7295.31,-20.2700000000001,-37.7000000000007,High
Oct 2055,Canadian,NCAR,No Change,No Change,740.58,9.47,0,10.65,12.74,13.35,17,4.61,8.54,0,-1.06,0,722.57,0.5,22.94,3.53,749.54,534.55,-7324.74,-23,-29.4299999999994,High
Nov 2055,Canadian,NCAR,No Change,No Change,185.98,2.39,0,0.44,4.63,0.24,0.72,0.94,2.29,0,-2.6,0,181.31,0.15,5.76,0,187.22,523.4,-7333.2,-11.15,-8.46000000000004,High
Dec 2055,Canadian,NCAR,No Change,No Change,125.65,1.91,0,0.49,2.87,0.24,0.72,0.94,1.6,0,-1.3,0,122.14,0.09,4.3,0,126.53,521.81,-7333.29,-1.59000000000003,-0.0900000000001455,High
Jan 2056,Canadian,NCAR,No Change,No Change,994.54,14.2,0,3.64,18.06,0.24,0.72,0.94,12.44,0,-7.8,0,967.9,0.55,4.93,0,973.38,519.91,-7332.76,-1.89999999999998,0.529999999999745,High
Feb 2056,Canadian,NCAR,No Change,No Change,506.87,6.71,0,2.25,8.95,0.24,0.72,0.94,5.75,0,-4.55,0,494.42,0.3,5.96,0,500.68,532.56,-7327.89,12.65,4.86999999999989,High
Mar 2056,Canadian,NCAR,No Change,No Change,246.1,3.72,0,0.73,5.78,0.61,1.4,1.07,3.17,0,-2.39,0,239.21,0.21,8.71,0.05,248.19,535.08,-7326.46,2.5200000000001,1.43000000000029,High
Apr 2056,Canadian,NCAR,No Change,No Change,1752.92,20.91,0,8.9,30.18,7.92,12.29,3.34,18.91,0,-11.55,0,1713.1,1.3,19.6,1.56,1735.56,531.87,-7326.07,-3.21000000000004,0.390000000000327,High
May 2056,Canadian,NCAR,No Change,No Change,1361.84,14.81,0,10.59,24.74,12.64,29.01,7.46,13.8,0,-8.98,0,1333.23,1.11,37.34,13.29,1384.97,543.48,-7329.23,11.61,-3.15999999999985,High
Jun 2056,Canadian,NCAR,No Change,No Change,1078.21,14.6,0,15.12,37.44,38.97,38.2,9.52,10.15,0,0.37,0,1053.46,0.64,50.21,24.51,1128.82,539.78,-7359.25,-3.70000000000005,-30.0200000000004,High
Jul 2056,Canadian,NCAR,No Change,No Change,2723.53,34.64,0,17.94,37.72,18.96,26.13,6.77,29.34,0,-3.2,0,2659.55,1.15,42.07,22.98,2725.74,516.74,-7401.93,-23.04,-42.6800000000003,High
Aug 2056,Canadian,NCAR,No Change,No Change,2045.6,25.92,0,14.23,38.27,22.17,32.06,8.15,23.38,0,-5.6,0,1996.3,1.18,44.51,20.66,2062.66,512.78,-7418.12,-3.96000000000004,-16.1899999999996,High
Sep 2056,Canadian,NCAR,No Change,No Change,1199,14.72,0,14.76,30.84,30.01,28.68,7.3,13.17,0,-1.59,0,1171.1,0.71,39.55,15.45,1226.81,508.28,-7444.9,-4.5,-26.7799999999997,High
Oct 2056,Canadian,NCAR,No Change,No Change,350.52,6.48,0,11.55,14.45,21.52,20.64,5.48,3.94,0,1.64,0,340.1,0.37,25.47,3.47,369.41,490.95,-7470.15,-17.33,-25.25,High
Nov 2056,Canadian,NCAR,No Change,No Change,756.4,12.94,0,3.62,13.72,0.24,0.72,0.94,8.79,0,-4.61,0,734.67,0.45,4.3,0,739.43,473.56,-7483.2,-17.39,-13.0500000000002,High
Dec 2056,Canadian,NCAR,No Change,No Change,1288.62,16.79,0,6.93,16.37,0.24,0.72,0.94,12.84,0,-6.81,0,1258.99,0.54,3.7,0,1263.22,482.51,-7478.79,8.94999999999999,4.40999999999985,High
Jan 2057,Canadian,NCAR,No Change,No Change,190.11,4.22,0,0.71,5.11,0.24,0.72,0.94,2.48,0,-1.52,0,183.41,0.16,3.52,0,187.09,494.71,-7472.53,12.2,6.26000000000022,High
Feb 2057,Canadian,NCAR,No Change,No Change,159.26,4.48,0,0.61,5.57,0.24,0.72,0.94,2.16,0,-1.65,0,152.62,0.18,5.72,0,158.53,495.83,-7471.34,1.12,1.1899999999996,High
Mar 2057,Canadian,NCAR,No Change,No Change,425.2,9.44,0,1.8,10.12,1.34,2.62,1.3,5.42,0,-1.52,0,410.34,0.39,10.21,0.17,421.1,495.21,-7470.6,-0.620000000000005,0.739999999999782,High
Apr 2057,Canadian,NCAR,No Change,No Change,261.08,7.67,0,10.87,13.75,13.97,30.61,8.05,2.83,0,-3.79,0,250.58,0.82,34.84,5.65,291.9,495.11,-7468.2,-0.0999999999999659,2.40000000000055,High
May 2057,Canadian,NCAR,No Change,No Change,167.72,11.85,0,12.44,34.8,39.55,41.77,10.2,1.55,0,3.55,0,154.32,0.62,48.52,22.18,225.64,482.6,-7497.37,-12.51,-29.1700000000001,High
Jun 2057,Canadian,NCAR,No Change,No Change,648.91,11.42,0,16.25,39.62,46.87,46.66,11.49,7.63,0,1.77,0,629.86,0.65,55.52,25.77,711.79,460.89,-7546.02,-21.71,-48.6500000000005,High
Jul 2057,Canadian,NCAR,No Change,No Change,2255.62,29.91,0,17.85,40.46,28.29,32.29,8.19,25.27,0,-1.18,0,2200.43,1.07,46.41,23.67,2271.58,433.3,-7597.57,-27.59,-51.5499999999993,High
Aug 2057,Canadian,NCAR,No Change,No Change,717.62,10.53,0,14.64,33.87,40.27,41.2,10.26,8.57,0,1.76,0,698.52,0.52,47.19,21.45,767.69,423.17,-7621.25,-10.13,-23.6800000000003,High
Sep 2057,Canadian,NCAR,No Change,No Change,895.86,11.8,0,15.33,30.71,35.38,32.4,8.22,11.03,0,0.58,0,873.02,0.56,41.05,16.49,931.13,400.53,-7663.32,-22.64,-42.0699999999997,High
Oct 2057,Canadian,NCAR,No Change,No Change,607.25,7.45,0,11.11,12.93,16.3,17.92,4.77,6.68,0,-0.75,0,593.11,0.47,22.04,3.2,618.83,378.99,-7692.38,-21.54,-29.0600000000004,High
Nov 2057,Canadian,NCAR,No Change,No Change,502.1,6.3,0,1.92,9.16,0.24,0.72,0.94,5.77,0,-4.84,0,490.02,0.31,3.92,0,494.25,366.72,-7702.8,-12.27,-10.4200000000001,High
Dec 2057,Canadian,NCAR,No Change,No Change,696.79,9.94,0,3.54,10.9,0.24,0.72,0.94,8.13,0,-4.62,0,678.72,0.36,2.68,0,681.76,371.49,-7701.63,4.76999999999998,1.17000000000007,High
Jan 2058,Canadian,NCAR,No Change,No Change,176.02,2.92,0,0.41,4.79,0.24,0.72,0.94,2.16,0,-2.2,0,170.94,0.15,4.44,0,175.53,379.24,-7697.9,7.75,3.73000000000047,High
Feb 2058,Canadian,NCAR,No Change,No Change,294.71,4.48,0,1.04,7.04,0.24,0.72,0.94,3.98,0,-3.6,0,286.25,0.24,4.48,0,290.97,379.13,-7697.7,-0.110000000000014,0.199999999999818,High
Mar 2058,Canadian,NCAR,No Change,No Change,205.32,3.28,0,0.67,4.94,0.59,1.48,1.09,2.66,0,-1.93,0,199.38,0.19,6.94,0.06,206.56,381.22,-7697.09,2.09000000000003,0.609999999999673,High
Apr 2058,Canadian,NCAR,No Change,No Change,1059.64,29.77,0,8.28,33.67,5.72,14.82,3.9,11.4,0,-8.12,0,1018.47,1.65,19.58,2.24,1041.94,379.03,-7696.82,-2.19000000000005,0.270000000000437,High
May 2058,Canadian,NCAR,No Change,No Change,1913.69,32.82,0,10.1,43.49,10.38,24.54,6.39,19.43,0,-12.24,0,1861.44,1.86,31.62,14.62,1909.53,398.32,-7706.7,19.29,-9.88000000000011,High
Jun 2058,Canadian,NCAR,No Change,No Change,2688.72,34.01,0,14.16,44.58,18.63,23.78,6.16,27.08,0,-7.48,0,2627.62,1.39,38.08,22.47,2689.56,417.97,-7732.28,19.65,-25.5799999999999,High
Jul 2058,Canadian,NCAR,No Change,No Change,5769.45,70.43,0,30.63,74.4,10.42,13.34,3.81,57.67,0,-26.74,0,5641.35,2.56,25.09,21.92,5690.93,423.46,-7752.77,5.48999999999995,-20.4900000000007,High
Aug 2058,Canadian,NCAR,No Change,No Change,2711.31,36.6,0,14.39,42.5,16.77,20.62,5.5,29.26,0,-4.76,0,2645.45,1.24,34.36,19.98,2701.02,471.87,-7753.29,48.41,-0.519999999999527,High
Sep 2058,Canadian,NCAR,No Change,No Change,1121,15.33,0,14.09,30.32,29.31,27.12,6.96,11.61,0,-0.4,0,1094.06,0.63,37.76,15.51,1147.97,478.36,-7763.88,6.49000000000001,-10.5900000000001,High
Oct 2058,Canadian,NCAR,No Change,No Change,117.86,8.58,0,10.67,12.52,14.65,22.49,5.86,1.39,0,-0.62,0,107.9,0.66,26.01,3.53,138.1,461.77,-7788.34,-16.59,-24.46,High
Nov 2058,Canadian,NCAR,No Change,No Change,1742.8,25.36,0,8.89,25.15,0.24,0.71,0.94,20.08,0,-9.26,0,1697.36,0.83,4.57,0,1702.75,450.25,-7807.73,-11.52,-19.3899999999994,High
Dec 2058,Canadian,NCAR,No Change,No Change,454.69,7.69,0,1.88,10.09,0.24,0.71,0.94,5.69,0,-4.39,0,441.31,0.34,3.75,0,445.4,470.36,-7796.69,20.11,11.04,High
Jan 2059,Canadian,NCAR,No Change,No Change,159.72,3.21,0,0.39,5.32,0.24,0.71,0.94,2.16,0,-2.44,0,154.36,0.17,5.21,0,159.74,476.23,-7795.15,5.87,1.53999999999996,High
Feb 2059,Canadian,NCAR,No Change,No Change,190.09,3.71,0,0.8,5.01,0.24,0.71,0.94,2.7,0,-2.03,0,183.69,0.16,5.49,0,189.34,475.88,-7795.2,-0.350000000000023,-0.0500000000001819,High
Mar 2059,Canadian,NCAR,No Change,No Change,138.47,7.02,0,0.49,11.09,0.49,1.79,1.15,1.79,0,-4.52,0,129.67,0.45,8.35,0.08,138.55,474.93,-7794.3,-0.949999999999989,0.899999999999636,High
Apr 2059,Canadian,NCAR,No Change,No Change,2669.09,29.64,0,12.29,46.82,7.45,6.08,2.04,24.18,0,-23.66,0,2615.28,1.63,14.08,2.11,2633.1,477.83,-7797.76,2.89999999999998,-3.46000000000004,High
May 2059,Canadian,NCAR,No Change,No Change,2829.34,36.21,0,11.81,42.12,10.29,19.03,5.13,30.61,0,-8.96,0,2762.52,1.53,30.18,15.95,2810.18,507.16,-7803.39,29.33,-5.63000000000011,High
Jun 2059,Canadian,NCAR,No Change,No Change,3408.57,54.84,0,16.01,59.85,15.49,19.12,5.14,36.44,0,-7.46,0,3317.29,1.92,35.02,22.51,3376.74,522.71,-7811.6,15.55,-8.21000000000004,High
Jul 2059,Canadian,NCAR,No Change,No Change,2574.4,41.07,0,17.06,45.2,21.09,28.16,7.28,29.59,0,-1.47,0,2503.75,1.37,45.78,23.36,2574.25,546.02,-7819.1,23.3099999999999,-7.5,High
Aug 2059,Canadian,NCAR,No Change,No Change,4352.74,61.16,0,27.7,52.78,9.93,13.97,4.01,50.51,0,-11.85,0,4241.07,2.46,25.93,19.85,4289.31,545.23,-7835.21,-0.789999999999964,-16.1099999999997,High
Sep 2059,Canadian,NCAR,No Change,No Change,603.41,11.31,0,15.43,30.76,36.94,32.62,8.11,4.49,0,1.48,0,587.61,0.57,43.8,17.32,649.31,572.11,-7826.36,26.88,8.85000000000036,High
Oct 2059,Canadian,NCAR,No Change,No Change,10.93,1.41,0,13.09,15.48,30.52,28,7.24,0.13,0,3.14,0,9.39,0.22,32.34,6.09,48.04,546.64,-7862.22,-25.47,-35.8600000000006,High
Nov 2059,Canadian,NCAR,No Change,No Change,144.65,7.94,0,0.99,11.24,0.82,3.68,1.55,1.65,0,-3.98,0,135.06,0.53,8.27,0.13,143.99,520.02,-7885.8,-26.62,-23.5799999999999,High
Dec 2059,Canadian,NCAR,No Change,No Change,1154.24,17.98,0,6.51,18.65,0.24,0.71,0.94,12.43,0,-7.56,0,1123.84,0.62,3.85,0,1128.31,524.29,-7890.39,4.26999999999998,-4.59000000000015,High
Jan 2060,Canadian,NCAR,No Change,No Change,685.81,10.87,0,2.66,15.65,0.24,0.71,0.94,6.91,0,-7.72,0,668.03,0.52,4.99,0,673.53,538.62,-7885.3,14.33,5.09000000000015,High
Feb 2060,Canadian,NCAR,No Change,No Change,113.37,3.8,0,0.46,5.39,0.24,0.71,0.94,1.63,0,-1.99,0,107.94,0.18,6.74,0,114.87,548.81,-7885.87,10.1899999999999,-0.569999999999709,High
Mar 2060,Canadian,NCAR,No Change,No Change,821.15,15.13,0,3.24,20.51,0.89,1.61,1.12,9.24,0,-8.58,0,796.79,0.85,9.43,0.09,807.16,546.99,-7886.01,-1.81999999999994,-0.140000000000327,High
Apr 2060,Canadian,NCAR,No Change,No Change,842.45,17.29,0,10.71,19.04,7.9,20.04,5.23,7.4,0,-5.68,0,817.76,1.11,28.28,4.53,851.67,557.68,-7885.95,10.6899999999999,0.0600000000004002,High
May 2060,Canadian,NCAR,No Change,No Change,2414.18,41.93,0,18.91,47.13,16.23,18.92,4.95,23.02,0,-10.07,0,2349.23,2.19,35.47,19.32,2406.21,555.37,-7903.57,-2.30999999999995,-17.6199999999999,High
Jun 2060,Canadian,NCAR,No Change,No Change,1154.95,15.78,0,14.95,40.3,39.31,38.7,9.69,12.17,0,-0.89,0,1126.99,0.73,52.64,24.3,1204.65,564.77,-7923.91,9.39999999999998,-20.3400000000001,High
Jul 2060,Canadian,NCAR,No Change,No Change,2394.34,34.93,0,17.76,41.51,23.25,33.65,8.51,28.65,0,-2.43,0,2330.76,1.33,50.29,23.65,2406.03,542.13,-7965.93,-22.64,-42.0200000000004,High
Aug 2060,Canadian,NCAR,No Change,No Change,2659.04,35.21,0,13.67,44.94,16.55,27.35,7.06,30.48,0,-8.39,0,2593.35,1.55,39.74,20.45,2655.09,535.24,-7988.49,-6.88999999999999,-22.5599999999995,High
Sep 2060,Canadian,NCAR,No Change,No Change,3538.5,45.2,0,20.37,42.09,6.97,7.15,2.38,38.11,0,-11.66,0,3455.2,1.36,18.01,15.01,3489.58,544.18,-8007.14,8.93999999999994,-18.6500000000005,High
Oct 2060,Canadian,NCAR,No Change,No Change,303.12,4.24,0,12.02,14.34,23.79,25.04,6.68,3.5,0,1.35,0,295.38,0.32,30.19,4.99,330.88,566.05,-8000.47,21.87,6.67000000000007,High
Nov 2060,Canadian,NCAR,No Change,No Change,593.29,7.43,0,2.33,10.37,0.32,0.83,0.97,6.75,0,-5.3,0,579.11,0.34,5.59,0.01,585.05,544.77,-8018.96,-21.28,-18.4899999999998,High
Dec 2060,Canadian,NCAR,No Change,No Change,291.1,4.67,0,1.34,5.45,0.24,0.71,0.94,3.91,0,-2.06,0,282.53,0.17,4.2,0,286.9,549.09,-8017.38,4.32000000000005,1.57999999999993,High
Jan 2061,Canadian,NCAR,No Change,No Change,171.24,2.25,0,0.5,3.8,0.24,0.71,0.94,1.99,0,-1.94,0,167,0.12,5.05,0,172.17,549.87,-8015.3,0.779999999999973,2.07999999999993,High
Feb 2061,Canadian,NCAR,No Change,No Change,364.35,5.15,0,1.67,7.08,0.24,0.71,0.94,4.59,0,-3.6,0,354.61,0.23,5.61,0,360.45,548.16,-8015.02,-1.71000000000004,0.279999999999745,High
Mar 2061,Canadian,NCAR,No Change,No Change,1231.78,14.74,0,5.54,16.96,0.3,0.8,0.96,13.27,0,-8.15,0,1203.77,0.7,7.82,0.02,1212.31,549.16,-8013.79,1,1.23000000000047,High
Apr 2061,Canadian,NCAR,No Change,No Change,827.71,11.34,0,10.86,19.32,13.97,18.79,4.93,9.77,0,-5.77,0,806.6,0.91,27.18,3.63,838.31,557.83,-8008.53,8.67000000000007,5.26000000000022,High
May 2061,Canadian,NCAR,No Change,No Change,1386.81,15.42,0,12,35.52,29.74,30.43,7.74,14.39,0,-3.09,0,1357,0.72,44.39,20.52,1422.64,549.85,-8022.02,-7.98000000000002,-13.4900000000007,High
Jun 2061,Canadian,NCAR,No Change,No Change,1319.77,13.05,0,14.94,34.15,35.62,33.33,8.27,10.61,0,-0.98,0,1296.1,0.56,46.01,23.91,1366.58,533.93,-8053.93,-15.9200000000001,-31.9099999999999,High
Jul 2061,Canadian,NCAR,No Change,No Change,3611.66,44.96,0,16.95,54.09,16.84,22.76,5.91,38.28,0,-11.09,0,3528.41,1.85,37.95,22.61,3590.82,511.52,-8093.27,-22.41,-39.3400000000001,High
Aug 2061,Canadian,NCAR,No Change,No Change,1508.19,22.55,0,14.38,37.89,31.5,34.16,8.67,17.6,0,1,0,1468.04,0.78,45.87,21.28,1535.98,527.67,-8105.54,16.15,-12.2699999999995,High
Sep 2061,Canadian,NCAR,No Change,No Change,3010.33,37.78,0,14.51,43.08,11.37,16.25,4.46,33.64,0,-10,0,2938.91,1.55,27.17,16.3,2983.93,513.68,-8133.71,-13.99,-28.1700000000001,High
Oct 2061,Canadian,NCAR,No Change,No Change,835.18,11.7,0,11.31,13.43,11.87,20,5.33,10.6,0,-1.81,0,812.88,0.66,25.53,4.11,843.18,530.03,-8138.17,16.35,-4.46000000000004,High
Nov 2061,Canadian,NCAR,No Change,No Change,148.44,2,0,0.81,2.86,0.7,2.25,1.27,1.78,0,-1.1,0,144.66,0.13,6.95,0.07,151.81,520.71,-8148.16,-9.31999999999994,-9.98999999999978,High
Dec 2061,Canadian,NCAR,No Change,No Change,753.34,11.06,0,4.03,11.45,0.24,0.71,0.94,9.36,0,-4.55,0,732.92,0.37,4.04,0,737.32,516.9,-8148.53,-3.81000000000006,-0.369999999999891,High
Jan 2062,Canadian,NCAR,No Change,No Change,287.45,3.83,0,0.88,6,0.24,0.71,0.94,3.41,0,-3,0,280.22,0.19,4.28,0,284.68,523.84,-8143.48,6.94000000000005,5.05000000000018,High
Feb 2062,Canadian,NCAR,No Change,No Change,81,1.38,0,0.27,2.58,0.23,0.71,0.94,1.16,0,-1.31,0,78.45,0.08,5.73,0,84.26,525.09,-8142.85,1.25,0.6299999999992,High
Mar 2062,Canadian,NCAR,No Change,No Change,134.31,1.61,0,0.6,2.76,0.59,1.59,1.1,1.6,0,-1.28,0,131.1,0.12,8.91,0.07,140.21,521.47,-8142.76,-3.62,0.0900000000001455,High
Apr 2062,Canadian,NCAR,No Change,No Change,475.49,6.58,0,10.83,13.75,14.33,22.98,5.92,5.65,0,-4.41,0,463.26,0.74,29.84,4.29,498.13,515.21,-8143.01,-6.25999999999999,-0.25,High
May 2062,Canadian,NCAR,No Change,No Change,961.63,11.77,0,11.91,35.16,34.63,33.53,8.43,10.27,0,-1.3,0,939.59,0.63,44.3,18.76,1003.29,501.85,-8163.12,-13.36,-20.1099999999997,High
Jun 2062,Canadian,NCAR,No Change,No Change,2913.6,32.24,0,15.5,41.41,19.33,23.71,6.08,27.82,0,-6.58,0,2853.54,1.24,40.4,23.17,2918.35,483.17,-8198,-18.68,-34.8800000000001,High
Jul 2062,Canadian,NCAR,No Change,No Change,2255.25,30.62,0,17.24,35.68,22.46,28.17,7.27,25.19,0,-0.81,0,2199.44,0.97,42.59,22.59,2265.59,482.48,-8217.56,-0.689999999999998,-19.5599999999995,High
Aug 2062,Canadian,NCAR,No Change,No Change,3716.3,51.53,0,17.28,55.96,11.52,16.76,4.7,43.3,0,-12,0,3621.47,1.81,28.01,19.57,3670.86,474.01,-8236.67,-8.47000000000003,-19.1100000000006,High
Sep 2062,Canadian,NCAR,No Change,No Change,882.09,13.47,0,15.6,29.99,34.96,32.8,8.29,10.46,0,2.29,0,858.16,0.55,42.65,17.57,918.93,502.5,-8237.01,28.49,-0.340000000000146,High
Oct 2062,Canadian,NCAR,No Change,No Change,1870.84,28.86,0,11.79,23.16,5.07,11.21,3.39,24.39,0,-1.98,0,1817.58,0.97,17.05,4.86,1840.46,479.39,-8266.34,-23.11,-29.3299999999999,High
Nov 2062,Canadian,NCAR,No Change,No Change,89.9,1.44,0,2.97,5.31,6.91,6.69,2.17,1.24,0,-0.07,0,87.22,0.14,11.39,0.25,99.01,488.24,-8256.6,8.85000000000002,9.73999999999978,High
Dec 2062,Canadian,NCAR,No Change,No Change,113.8,1.69,0,0.45,2.66,0.24,0.71,0.94,1.33,0,-1.26,0,110.78,0.08,4.52,0,115.38,479.76,-8260.2,-8.48000000000002,-3.60000000000036,High
Jan 2063,Canadian,NCAR,No Change,No Change,1067.87,13.87,0,4.14,17.91,0.24,0.71,0.94,12.22,0,-8.49,0,1041.78,0.55,3.87,0,1046.2,477.43,-8259.9,-2.32999999999998,0.300000000001091,High
Feb 2063,Canadian,NCAR,No Change,No Change,228.61,3.52,0,0.94,5.03,0.24,0.71,0.94,3.07,0,-2.39,0,222.03,0.16,4.95,0,227.14,491,-8255.94,13.57,3.95999999999913,High
Mar 2063,Canadian,NCAR,No Change,No Change,1016.45,11.73,0,3.32,17.85,1.41,2.35,1.26,10.97,0,-8.66,0,993.75,0.63,10.12,0.17,1004.68,490.62,-8255.03,-0.379999999999995,0.909999999999854,High
Apr 2063,Canadian,NCAR,No Change,No Change,716.08,7.74,0,9.67,17.02,12.72,17.2,4.46,6.79,0,-7.05,0,701.55,0.82,23.99,2.48,728.85,498.03,-8253.99,7.40999999999997,1.04000000000087,High
May 2063,Canadian,NCAR,No Change,No Change,1908.25,21.55,0,11.19,27.14,12.36,22.68,6.01,19.26,0,-5.36,0,1867.44,0.94,33.97,15.2,1917.54,491.07,-8269.47,-6.95999999999998,-15.4799999999996,High
Jun 2063,Canadian,NCAR,No Change,No Change,1810.52,21.13,0,13.92,35.96,27.58,27.72,7.11,18.5,0,-1.92,0,1770.9,0.74,41.83,21.81,1835.28,488.55,-8287.43,-2.51999999999998,-17.9600000000009,High
Jul 2063,Canadian,NCAR,No Change,No Change,3645.9,44.19,0,18.44,48.9,15.39,19.93,5.35,38.2,0,-9.35,0,3563.51,1.59,34.74,22.43,3622.28,475.71,-8313.26,-12.84,-25.8299999999999,High
Aug 2063,Canadian,NCAR,No Change,No Change,2972.46,39.47,0,14.96,44.07,16.4,22.54,6.01,33.9,0,-4.49,0,2899.09,1.32,36.19,20.78,2957.37,489.06,-8321.43,13.35,-8.17000000000007,High
Sep 2063,Canadian,NCAR,No Change,No Change,426.38,4.47,0,15.13,22.97,35.81,34.14,8.57,3.83,0,1.84,0,418.09,0.33,40.56,16.58,475.57,497.07,-8329.33,8.00999999999999,-7.89999999999964,High
Oct 2063,Canadian,NCAR,No Change,No Change,332.5,5.01,0,12.23,16.7,26.33,24.24,6.43,4.18,0,2.12,0,323.3,0.3,29.75,5.43,358.78,469.24,-8365.81,-27.83,-36.4799999999996,High
Nov 2063,Canadian,NCAR,No Change,No Change,903.86,11.52,0,3.15,16.81,0.24,0.72,0.95,10.57,0,-8.75,0,881.77,0.56,4.53,0,886.86,447.66,-8382.74,-21.58,-16.9300000000003,High
Dec 2063,Canadian,NCAR,No Change,No Change,488.89,7.26,0,1.97,9.65,0.24,0.71,0.94,6.43,0,-4.44,0,475.2,0.32,3.47,0,478.99,459.47,-8380.69,11.81,2.04999999999927,High
Jan 2064,Canadian,NCAR,No Change,No Change,581,7.82,0,2.2,10.69,0.24,0.71,0.94,6.8,0,-5.16,0,566.38,0.33,4.03,0,570.74,465.19,-8378.47,5.71999999999997,2.22000000000116,High
Feb 2064,Canadian,NCAR,No Change,No Change,913.39,10.61,0,3.7,16.05,0.24,0.71,0.94,9.86,0,-9.44,0,892.91,0.55,4.87,0,898.33,471.37,-8376.6,6.18000000000001,1.86999999999898,High
Mar 2064,Canadian,NCAR,No Change,No Change,152.56,2.17,0,2.12,3.76,2.49,4.68,1.7,1.78,0,-1.43,0,148.61,0.21,12.07,0.3,161.2,482.08,-8375.95,10.71,0.649999999999636,High
Apr 2064,Canadian,NCAR,No Change,No Change,467.86,6.79,0,10.37,13.96,12.93,20.44,5.19,5.11,0,-5.39,0,455.96,0.78,27.01,5.87,489.61,474.25,-8378.89,-7.82999999999998,-2.93999999999869,High
May 2064,Canadian,NCAR,No Change,No Change,3911.95,50.22,0,13.99,65.29,6.14,10.12,2.98,36.47,0,-25.28,0,3825.26,2.36,19.82,12.95,3860.39,463.52,-8400.28,-10.73,-21.3900000000012,High
Jun 2064,Canadian,NCAR,No Change,No Change,5015.72,59.03,0,30.99,52.43,9.56,12.2,3.5,51.38,0,-17.45,0,4905.3,2.61,25.38,21.31,4954.6,509.99,-8409.17,46.47,-8.88999999999942,High
Jul 2064,Canadian,NCAR,No Change,No Change,3841.21,49.67,0,30.43,41.87,15.41,21.17,5.57,41.3,0,-9.34,0,3750.24,2.12,36.3,22.14,3810.8,536.19,-8405.25,26.2,3.92000000000007,High
Aug 2064,Canadian,NCAR,No Change,No Change,2802.91,41.77,0,15.71,47.41,17.67,23.4,6.08,30.55,0,-5.29,0,2730.58,1.62,38.01,20.3,2790.51,541.94,-8411.03,5.75,-5.78000000000065,High
Sep 2064,Canadian,NCAR,No Change,No Change,1036.82,17.02,0,15.26,33.98,32.86,32.95,8.37,12.9,0,-0.13,0,1006.9,0.77,44.55,17.07,1069.3,550.98,-8423.38,9.03999999999996,-12.3499999999985,High
Oct 2064,Canadian,NCAR,No Change,No Change,902.21,11.53,0,11.36,16.59,16.33,19.85,5.47,9.35,0,-0.55,0,881.32,0.47,27.37,6.95,916.12,532.13,-8452.27,-18.85,-28.8900000000012,High
Nov 2064,Canadian,NCAR,No Change,No Change,175.09,2.4,0,1.44,3.26,1.15,3.49,1.51,2.11,0,-1.33,0,170.58,0.18,8.46,0.14,179.36,519.39,-8464.8,-12.74,-12.5299999999988,High
Dec 2064,Canadian,NCAR,No Change,No Change,400.56,6.01,0,1.53,8.26,0.24,0.71,0.94,5.09,0,-3.81,0,389.46,0.27,4.58,0,394.3,515.02,-8466.14,-4.37,-1.34000000000015,High
Jan 2065,Canadian,NCAR,No Change,No Change,234.98,5.43,0,0.63,7.23,0.24,0.71,0.94,3.04,0,-2.42,0,226.5,0.23,4.81,0,231.55,518.23,-8464.62,3.21000000000004,1.51999999999862,High
Feb 2065,Canadian,NCAR,No Change,No Change,508.57,9.19,0,2.31,11.61,0.24,0.71,0.94,6.82,0,-4.88,0,492.55,0.38,4.76,0,497.7,520.18,-8463.77,1.94999999999993,0.850000000000364,High
Mar 2065,Canadian,NCAR,No Change,No Change,489.44,15.76,0,1.63,17.63,0.45,0.97,0.99,5.89,0,-3.66,0,467.8,0.6,7.97,0.03,476.39,526.55,-8461.59,6.37,2.18000000000029,High
Apr 2065,Canadian,NCAR,No Change,No Change,774.66,19.56,0,9.64,20.64,7.03,17.86,4.67,8.14,0,-4.83,0,746.95,1.14,25.4,3.1,776.59,535.76,-8459.37,9.21000000000004,2.21999999999935,High
May 2065,Canadian,NCAR,No Change,No Change,1557.26,31.84,0,11.21,40.75,17.66,28.47,7.24,16.61,0,-3.86,0,1508.81,1.4,42.11,18.97,1571.29,537.17,-8472.35,1.40999999999997,-12.9799999999996,High
Jun 2065,Canadian,NCAR,No Change,No Change,3905.89,61.54,0,30.51,54.77,12.62,15.61,4.31,40.43,0,-14.01,0,3803.92,2.88,30.47,21.65,3858.93,539.38,-8499.8,2.21000000000004,-27.4499999999989,High
Jul 2065,Canadian,NCAR,No Change,No Change,4156.31,52.27,0,35.97,37.91,13.32,16.5,4.51,42.44,0,-10.48,0,4061.6,2.19,31.91,21.73,4117.43,562.36,-8506.33,22.98,-6.53000000000065,High
Aug 2065,Canadian,NCAR,No Change,No Change,2527.19,34.1,0,16.43,45.48,19.16,26.75,6.82,26.26,0,-10.46,0,2466.84,1.8,41.55,20.47,2530.66,567.03,-8508.08,4.66999999999996,-1.75,High
Sep 2065,Canadian,NCAR,No Change,No Change,479.38,7.3,0,14.79,23.34,34.35,32.93,8.28,4.9,0,3.19,0,467.18,0.34,40.43,16.72,524.67,571.73,-8532.68,4.70000000000005,-24.6000000000004,High
Oct 2065,Canadian,NCAR,No Change,No Change,351.35,4.2,0,12.19,16.72,26.58,23.51,6.24,3.38,0,1.59,0,343.78,0.27,29.92,5.63,379.6,544.94,-8565.96,-26.79,-33.2799999999988,High
Nov 2065,Canadian,NCAR,No Change,No Change,1814.68,25.55,0,6.64,33.05,0.68,1.7,1.17,22.94,0,-14.55,0,1766.19,1.1,6.86,0.11,1774.25,522.44,-8583.89,-22.5,-17.9300000000003,High
Dec 2065,Canadian,NCAR,No Change,No Change,242.4,3.33,0,1.1,4.26,0.24,0.71,0.94,2.73,0,-1.93,0,236.35,0.14,4.48,0,240.96,548.48,-8576.14,26.04,7.75,High
Jan 2066,Canadian,NCAR,No Change,No Change,50.38,1.04,0,0.13,1.9,0.23,0.71,0.94,0.67,0,-0.82,0,48.67,0.06,5.76,0,54.49,547.79,-8575.1,-0.690000000000055,1.03999999999905,High
Feb 2066,Canadian,NCAR,No Change,No Change,323.81,5.85,0,1.97,5.86,0.24,0.71,0.94,4.39,0,-1.93,0,313.56,0.19,5.95,0,319.69,543.46,-8575.02,-4.32999999999993,0.0799999999999272,High
Mar 2066,Canadian,NCAR,No Change,No Change,516.79,11.62,0,1.83,15.67,1.25,2.13,1.21,5.81,0,-5.2,0,499.36,0.57,10.33,0.14,510.4,542.9,-8572.32,-0.560000000000059,2.70000000000073,High
Apr 2066,Canadian,NCAR,No Change,No Change,596.83,11.79,0,10.16,16.54,10.76,20.33,5.24,7.05,0,-5.08,0,577.99,0.93,27.35,3.17,609.44,547.92,-8572.78,5.01999999999998,-0.460000000000946,High
May 2066,Canadian,NCAR,No Change,No Change,1206.34,16.65,0,12.42,37.93,33.58,32.7,8.24,12.34,0,-0.84,0,1177.35,0.72,45.97,20.8,1244.83,541.44,-8589.06,-6.4799999999999,-16.2799999999988,High
Jun 2066,Canadian,NCAR,No Change,No Change,1387.45,14.8,0,14.16,32.37,31.53,30.07,7.59,11.1,0,-0.72,0,1361.56,0.51,42.56,23.56,1428.2,524.29,-8622.82,-17.1500000000001,-33.7600000000002,High
Jul 2066,Canadian,NCAR,No Change,No Change,4396.8,56.36,0,22.85,57.83,12.64,15.16,4.21,45.34,0,-13.57,0,4295.1,1.89,29.68,21.94,4348.62,505.05,-8658.48,-19.24,-35.6599999999999,High
Aug 2066,Canadian,NCAR,No Change,No Change,4095.93,54.74,0,17.63,62.8,10.6,16.11,4.49,46.99,0,-17.22,0,3994.2,2.12,27.29,19.23,4042.84,531.5,-8659.61,26.45,-1.13000000000102,High
Sep 2066,Canadian,NCAR,No Change,No Change,143.23,2.82,0,16.21,22.63,39.48,38.73,9.58,1.2,0,3.13,0,139.21,0.33,44.35,17.42,201.3,568.04,-8660.69,36.54,-1.07999999999993,High
Oct 2066,Canadian,NCAR,No Change,No Change,437.14,5.94,0,12.12,17.2,24.39,23.56,6.23,4.2,0,0.62,0,427,0.39,29.88,5.77,463.04,535.99,-8702.92,-32.05,-42.2299999999996,High
Nov 2066,Canadian,NCAR,No Change,No Change,49.7,1.28,0,0.37,1.48,0.45,1.2,1.02,0.67,0,-0.18,0,47.75,0.06,6,0.03,53.84,516.24,-8721.19,-19.75,-18.2700000000004,High
Dec 2066,Canadian,NCAR,No Change,No Change,356.81,5.36,0,1.82,5.76,0.24,0.71,0.94,4.17,0,-2.17,0,347.28,0.19,4.37,0,351.84,511.46,-8720.91,-4.78000000000003,0.280000000000655,High
Jan 2067,Canadian,NCAR,No Change,No Change,57.24,1.4,0,0.16,2.09,0.24,0.71,0.94,0.97,0,-0.68,0,54.88,0.06,5.29,0,60.23,512.38,-8718.68,0.920000000000016,2.22999999999956,High
Feb 2067,Canadian,NCAR,No Change,No Change,1100.64,15.03,0,4.69,20.64,0.24,0.71,0.94,13.74,0,-10.76,0,1071.87,0.69,6.26,0,1078.82,508.72,-8718.16,-3.65999999999997,0.520000000000437,High
Mar 2067,Canadian,NCAR,No Change,No Change,598.08,9.33,0,2.05,13.17,0.62,1.16,1.02,7.12,0,-5.72,0,581.63,0.45,8.51,0.05,590.64,522.63,-8714.94,13.91,3.21999999999935,High
Apr 2067,Canadian,NCAR,No Change,No Change,470.89,5.55,0,10.4,13.56,12.98,19.48,4.85,4.66,0,-6.23,0,460.68,0.81,26.11,2.26,489.87,526.81,-8713.73,4.17999999999995,1.21000000000095,High
May 2067,Canadian,NCAR,No Change,No Change,916.61,17.32,0,11.86,38.45,34.11,33.04,8.35,9.24,0,0.39,0,890.05,0.74,44.47,18.37,953.62,515.9,-8732.2,-10.91,-18.4700000000012,High
Jun 2067,Canadian,NCAR,No Change,No Change,1635.85,24.35,0,14.95,40.2,32.01,34.38,8.71,19.29,0,0.34,0,1592.21,0.87,47.98,23.84,1664.9,500.46,-8765.63,-15.44,-33.4299999999985,High
Jul 2067,Canadian,NCAR,No Change,No Change,3365.21,39.45,0,18.04,49.42,18.65,27.52,6.92,35.22,0,-11.16,0,3290.53,1.81,42.05,22.9,3357.29,486.34,-8795.51,-14.12,-29.880000000001,High
Aug 2067,Canadian,NCAR,No Change,No Change,1059.69,15.26,0,14.09,37.37,36.78,36.37,9.13,11.24,0,-0.1,0,1033.19,0.67,46.31,20.67,1100.84,495.66,-8814.96,9.32000000000005,-19.4499999999989,High
Sep 2067,Canadian,NCAR,No Change,No Change,1750.47,22.58,0,14.8,27.95,19.49,22.7,5.97,19.48,0,-1.46,0,1708.41,0.78,34.04,16.03,1759.26,477.19,-8851.73,-18.47,-36.7700000000004,High
Oct 2067,Canadian,NCAR,No Change,No Change,333.88,6.83,0,11.98,15.59,22.74,21.41,5.6,4.21,0,1.59,0,322.84,0.41,26.51,3.99,353.75,468.34,-8866.46,-8.85000000000002,-14.7299999999996,High
Nov 2067,Canadian,NCAR,No Change,No Change,696.85,10.13,0,3,12.24,0.28,0.79,0.96,8.42,0,-5.24,0,678.3,0.4,4.69,0.01,683.4,450.49,-8880.46,-17.85,-14,High
Dec 2067,Canadian,NCAR,No Change,No Change,844.09,12.58,0,3.26,17.17,0.24,0.71,0.94,10.34,0,-8.19,0,821.17,0.58,2.98,0,824.73,457.59,-8877.11,7.09999999999997,3.34999999999854,High
Jan 2068,Canadian,NCAR,No Change,No Change,699.61,12.27,0,2.53,18.04,0.24,0.71,0.94,7.79,0,-8.66,0,679.55,0.6,4.32,0,684.48,471.31,-8874.73,13.72,2.38000000000102,High
Feb 2068,Canadian,NCAR,No Change,No Change,291.75,5.56,0,1.36,7.67,0.24,0.71,0.94,3.71,0,-3.49,0,282.48,0.26,4.16,0,286.89,484.56,-8875.37,13.25,-0.640000000001237,High
Mar 2068,Canadian,NCAR,No Change,No Change,560.24,11.07,0,1.67,18.21,0.29,0.79,0.96,6.06,0,-9.15,0,543.1,0.64,6.85,0.01,550.6,487.59,-8874.92,3.02999999999997,0.450000000000728,High
Apr 2068,Canadian,NCAR,No Change,No Change,272.76,8.23,0,10.42,12.35,11.42,20.53,5.16,2.74,0,-3.96,0,261.8,0.84,26.64,2.42,291.69,498.49,-8877.84,10.9,-2.92000000000007,High
May 2068,Canadian,NCAR,No Change,No Change,1276.51,21.18,0,11.89,37.16,27.77,29.72,7.59,12.94,0,-0.98,0,1242.38,0.88,41.43,17.19,1301.88,488.15,-8896.85,-10.34,-19.0100000000002,High
Jun 2068,Canadian,NCAR,No Change,No Change,2851.23,43.89,0,13,55.42,16.5,24.95,6.54,32.16,0,-9.94,0,2775.19,1.91,38.59,22.35,2838.04,478.25,-8924.22,-9.89999999999998,-27.369999999999,High
Jul 2068,Canadian,NCAR,No Change,No Change,4453.11,58.46,0,21.54,66.54,12.19,17.18,4.73,49.36,0,-19.71,0,4345.29,2.27,30.41,21.89,4399.86,496.98,-8942.75,18.73,-18.5300000000007,High
Aug 2068,Canadian,NCAR,No Change,No Change,3599.68,52.89,0,16.94,59.61,13.54,20.27,5.46,41.21,0,-12.43,0,3505.58,2.3,32.71,20.18,3560.77,533.37,-8947.43,36.39,-4.68000000000029,High
Sep 2068,Canadian,NCAR,No Change,No Change,1317.04,19.78,0,14.85,32.48,27.01,29.57,7.55,15.87,0,-1.4,0,1281.38,0.87,42.06,16.39,1340.7,561.54,-8953.63,28.17,-6.19999999999891,High
Oct 2068,Canadian,NCAR,No Change,No Change,165.85,2.98,0,12.94,17.4,30.06,27.3,7.12,1.96,0,2.45,0,160.91,0.26,32.96,6.86,201,546.97,-8977.56,-14.5699999999999,-23.9300000000003,High
Nov 2068,Canadian,NCAR,No Change,No Change,198.05,3.46,0,0.5,5.78,0.24,0.71,0.94,2.47,0,-2.77,0,192.12,0.19,4.61,0,196.92,521.52,-9000.21,-25.45,-22.6499999999996,High
Dec 2068,Canadian,NCAR,No Change,No Change,88.71,2.04,0,0.23,3.48,0.23,0.71,0.94,1.1,0,-1.57,0,85.58,0.12,4.58,0,90.27,522.23,-9000.28,0.710000000000036,-0.070000000001528,High
Jan 2069,Canadian,NCAR,No Change,No Change,924.13,13.25,0,3.46,17.72,0.24,0.71,0.94,11.05,0,-8.24,0,899.83,0.55,4.28,0,904.65,520.67,-9000.51,-1.56000000000006,-0.229999999999563,High
Feb 2069,Canadian,NCAR,No Change,No Change,225.84,4.41,0,1.01,5.89,0.24,0.71,0.94,3.15,0,-2.44,0,218.28,0.19,5.26,0,223.73,533.65,-8997.47,12.98,3.04000000000087,High
Mar 2069,Canadian,NCAR,No Change,No Change,178.29,7.71,0,2.1,9.93,1.65,6.05,2,2.37,0,-3.22,0,168.21,0.55,13.44,0.38,182.58,533.81,-8996.53,0.159999999999968,0.93999999999869,High
Apr 2069,Canadian,NCAR,No Change,No Change,494.27,17.73,0,9.04,19.56,7.47,25.82,6.93,5.02,0,-4.51,0,471.52,1.12,30.86,7.64,511.14,532.71,-9001.82,-1.09999999999991,-5.28999999999905,High
May 2069,Canadian,NCAR,No Change,No Change,1697.69,29.3,0,11.98,39.31,19.31,28.96,7.37,17.4,0,-3.95,0,1650.99,1.26,45.4,21.37,1719.03,532.83,-9027.84,0.120000000000005,-26.0200000000004,High
Jun 2069,Canadian,NCAR,No Change,No Change,585.75,9.16,0,15.57,33.53,42.69,43.59,10.76,5.33,0,2.24,0,571.26,0.5,52.54,25.77,650.07,529.02,-9057.35,-3.81000000000006,-29.5100000000002,High
Jul 2069,Canadian,NCAR,No Change,No Change,2613.55,40.37,0,15.51,50.31,20.5,25.87,6.68,27.01,0,-6.55,0,2546.18,1.6,42.74,22.48,2612.99,500.15,-9108.38,-28.87,-51.0299999999988,High
Aug 2069,Canadian,NCAR,No Change,No Change,5084.73,64.81,0,25.09,71.34,7.74,10.7,3.26,52.92,0,-26.23,0,4967,2.35,21.34,18.89,5009.57,506.41,-9129.58,6.26000000000005,-21.2000000000007,High
Sep 2069,Canadian,NCAR,No Change,No Change,1967.93,27.4,0,14.5,26.96,13.72,19.47,5.29,22.33,0,-1.16,0,1918.2,0.84,31.3,15.46,1965.79,556.12,-9129.22,49.71,0.360000000000582,High
Oct 2069,Canadian,NCAR,No Change,No Change,705.23,9.78,0,10.77,13.02,14.28,19.2,5.27,8.37,0,-0.19,0,687.08,0.46,25.12,4.49,717.15,552.22,-9137.69,-3.89999999999998,-8.47000000000116,High
Nov 2069,Canadian,NCAR,No Change,No Change,1111.03,14.85,0,4.55,18.81,0.23,0.71,0.94,13.18,0,-8.89,0,1083,0.61,5.02,0,1088.63,539.77,-9147.92,-12.45,-10.2299999999996,High
Dec 2069,Canadian,NCAR,No Change,No Change,303.55,5.13,0,1.67,5.01,0.23,0.71,0.94,3.7,0,-1.56,0,294.73,0.23,3.95,0,298.9,553.09,-9143.39,13.3200000000001,4.53000000000065,High
Jan 2070,Canadian,NCAR,No Change,No Change,344.52,5.4,0,1.73,5.06,0.23,0.71,0.94,4.44,0,-1.42,0,334.68,0.27,4.52,0,339.46,553.68,-9141.01,0.589999999999918,2.3799999999992,High
Feb 2070,Canadian,NCAR,No Change,No Change,518.57,8.4,0,6.92,4.29,0.23,0.71,0.94,6.32,0,-3.07,0,503.86,0.49,4.85,0,509.2,553.76,-9137.76,0.0800000000000409,3.25,High
Mar 2070,Canadian,NCAR,No Change,No Change,825.75,13.87,0,7.46,9.88,0.3,0.76,0.95,10.27,0,-3.9,0,801.61,0.74,7.89,0.01,810.25,552.73,-9134.28,-1.02999999999997,3.47999999999956,High
Apr 2070,Canadian,NCAR,No Change,No Change,483.77,23.69,0,14.31,24.4,10.47,19.22,4.88,4.47,0,-6.29,0,455.6,1.74,28.2,2.32,487.86,554.22,-9127.73,1.49000000000001,6.55000000000109,High
May 2070,Canadian,NCAR,No Change,No Change,2327.85,35.97,0,19.69,34.6,9.65,18.11,4.96,23.12,0,-10.75,0,2268.76,2.08,28.57,11.85,2311.25,554.3,-9146.22,0.0799999999999272,-18.4899999999998,High
Jun 2070,Canadian,NCAR,No Change,No Change,2991.31,39.17,0,17.96,44.24,17.28,24.05,6.3,32.98,0,-7.39,0,2919.16,1.64,40.12,22.49,2983.41,563.84,-9158.85,9.54000000000008,-12.630000000001,High
Jul 2070,Canadian,NCAR,No Change,No Change,3120.28,47.45,0,26.92,43.54,17.82,25.3,6.61,35.37,0,-7.24,0,3037.45,2.05,41.47,22.41,3103.38,568.42,-9173.49,4.57999999999993,-14.6399999999994,High
Aug 2070,Canadian,NCAR,No Change,No Change,4246.03,53.36,0,35.75,37.64,10.09,14.89,4.17,46.13,0,-12.46,0,4146.54,2.51,26.5,18.83,4194.38,571.36,-9186.46,2.94000000000005,-12.9699999999993,High
Sep 2070,Canadian,NCAR,No Change,No Change,1945.22,24.28,0,13.9,29.03,15.84,20.76,5.49,20.77,0,-3.73,0,1900.16,0.93,33.95,15.43,1950.47,583.13,-9182.32,11.77,4.13999999999942,High
Oct 2070,Canadian,NCAR,No Change,No Change,1451.84,21.81,0,12.88,21.4,8.23,17.29,4.71,18.37,0,-5.41,0,1411.66,1.18,23.84,4.1,1440.79,577.64,-9195.99,-5.49000000000001,-13.6700000000001,High
Nov 2070,Canadian,NCAR,No Change,No Change,594.65,8.05,0,5.45,6.17,0.24,0.72,0.95,7.39,0,-3.88,0,579.21,0.55,5.22,0,584.97,579.54,-9199.71,1.89999999999998,-3.71999999999935,High
Dec 2070,Canadian,NCAR,No Change,No Change,390.04,6.48,0,3.69,3.95,0.23,0.71,0.94,5.1,0,-1.22,0,378.46,0.3,4.32,0,383.09,580.03,-9195.97,0.490000000000009,3.73999999999978,High
Jan 2071,Canadian,NCAR,No Change,No Change,734.44,10.93,0,4.21,8.89,0.23,0.71,0.94,9.2,0,-2.43,0,714.31,0.5,4.27,0,719.09,579.18,-9191.86,-0.850000000000023,4.10999999999876,High
Feb 2071,Canadian,NCAR,No Change,No Change,171.48,3.42,0,1.04,3.63,0.23,0.71,0.94,2.61,0,-1.17,0,165.45,0.16,6.12,0,171.73,583.32,-9184.86,4.1400000000001,7,High
Mar 2071,Canadian,NCAR,No Change,No Change,333.9,5.79,0,2,6.17,0.3,0.76,0.95,4.49,0,-2.43,0,323.62,0.35,7.94,0.01,331.92,580.37,-9183.2,-2.95000000000005,1.65999999999985,High
Apr 2071,Canadian,NCAR,No Change,No Change,640.65,8.52,0,9.48,11.5,11.02,12.83,3.39,5.8,0,-1.95,0,626.33,0.52,20.54,0.94,648.32,578.11,-9180.95,-2.25999999999999,2.25,High
May 2071,Canadian,NCAR,No Change,No Change,1379.14,19.22,0,11.16,30.88,18.97,29.66,7.6,14.79,0,-4.87,0,1345.13,1.03,42.2,16.93,1405.28,567.49,-9187.47,-10.62,-6.51999999999862,High
Jun 2071,Canadian,NCAR,No Change,No Change,794.53,11.22,0,14.54,31.8,37.84,38.71,9.65,8.03,0,2.25,0,775.28,0.46,48.74,24.49,848.98,559.24,-9216.53,-8.25,-29.0600000000013,High
Jul 2071,Canadian,NCAR,No Change,No Change,3208.9,40.72,0,17.01,47.68,17.69,25.02,6.54,35.5,0,-7.84,0,3132.68,1.57,40.64,22.64,3197.53,533.52,-9259.81,-25.72,-43.2799999999988,High
Aug 2071,Canadian,NCAR,No Change,No Change,1256.15,15.02,0,14.18,37.57,35.61,35.57,8.94,13.52,0,-1.84,0,1227.61,0.72,46.92,20.17,1295.41,541.35,-9273.27,7.83000000000004,-13.4600000000009,High
Sep 2071,Canadian,NCAR,No Change,No Change,758.86,10.71,0,15.37,29.64,36.01,34.04,8.61,9.25,0,1.19,0,738.9,0.52,43.64,17.03,800.1,523.02,-9308.38,-18.33,-35.1099999999988,High
Oct 2071,Canadian,NCAR,No Change,No Change,786.03,10.05,0,12.42,17.86,19.44,25.38,6.74,9.13,0,-1.39,0,766.85,0.6,31.53,7.4,806.38,498.43,-9340.4,-24.59,-32.0200000000004,High
Nov 2071,Canadian,NCAR,No Change,No Change,174.93,3.13,0,0.84,4.18,0.71,2.36,1.29,2.13,0,-1.37,0,169.67,0.19,6.84,0.08,176.78,483.95,-9358.69,-14.48,-18.2900000000009,High
Dec 2071,Canadian,NCAR,No Change,No Change,774.51,13.26,0,3.94,13,0.23,0.71,0.94,10.77,0,-3.87,0,750.48,0.42,3.58,0,754.49,481.65,-9359.08,-2.30000000000001,-0.389999999999418,High
Jan 2072,Canadian,NCAR,No Change,No Change,251.5,4.26,0,0.75,6.1,0.23,0.71,0.94,3.47,0,-2.53,0,243.76,0.19,4.04,0,247.99,490.59,-9351.94,8.94,7.13999999999942,High
Feb 2072,Canadian,NCAR,No Change,No Change,939.87,15.03,0,4.56,17.56,0.23,0.71,0.94,11.65,0,-7.44,0,913.19,0.59,4.55,0,918.33,492.17,-9350.76,1.58000000000004,1.18000000000029,High
Mar 2072,Canadian,NCAR,No Change,No Change,16.04,5.09,0,0.9,4.95,1.8,2.31,1.23,0.22,0,0.87,0,10.73,0.18,9.57,0.12,20.59,504.71,-9346.31,12.54,4.45000000000073,High
Apr 2072,Canadian,NCAR,No Change,No Change,701.8,18.49,0,9.98,20.07,7.12,18.64,4.73,6.73,0,-5.64,0,676.58,1.21,25.1,2.78,705.66,499.37,-9346.42,-5.33999999999998,-0.110000000000582,High
May 2072,Canadian,NCAR,No Change,No Change,2044.21,44.11,0,9.19,60.92,12.91,22.81,6.02,20.22,0,-15.41,0,1979.89,2.32,34.97,17.74,2034.92,501.12,-9362.02,1.75,-15.6000000000004,High
Jun 2072,Canadian,NCAR,No Change,No Change,2279.34,41.24,0,13.44,53.26,20.81,28.02,7.17,23.36,0,-6.38,0,2214.75,1.73,45.56,23.79,2285.83,530.96,-9391.75,29.84,-29.7299999999996,High
Jul 2072,Canadian,NCAR,No Change,No Change,4023.58,57.99,0,20.19,65.45,13.44,18.74,5.11,45.29,0,-16.4,0,3920.3,2.19,33.26,22.1,3977.84,538.71,-9419.42,7.75,-27.6700000000001,High
Aug 2072,Canadian,NCAR,No Change,No Change,6127.39,81.74,0,55.34,43.25,6.41,9.17,2.87,69.01,0,-13.88,0,5976.64,3.44,19.92,18.45,6018.44,571.09,-9426.26,32.38,-6.84000000000015,High
Sep 2072,Canadian,NCAR,No Change,No Change,496.48,8.97,0,15.13,26.71,36.04,34.71,8.74,6.13,0,2.74,0,481.37,0.43,43.44,16.82,542.07,594.32,-9395.87,23.23,30.3899999999994,High
Oct 2072,Canadian,NCAR,No Change,No Change,76.97,2.53,0,12.31,15.49,28.4,23.57,6.09,0.79,0,2.9,0,73.66,0.23,29.2,4.62,107.71,567.51,-9429.79,-26.8100000000001,-33.9200000000001,High
Nov 2072,Canadian,NCAR,No Change,No Change,1022.52,13.64,0,4.14,17.83,0.27,0.77,0.96,12,0,-8.65,0,996.88,0.58,5.49,0.01,1002.96,542.87,-9448.21,-24.64,-18.4199999999983,High
Dec 2072,Canadian,NCAR,No Change,No Change,261.98,4.03,0,0.94,5.66,0.23,0.71,0.95,3.44,0,-2.52,0,254.52,0.18,4.61,0,259.31,554.76,-9444.67,11.89,3.53999999999905,High
Jan 2073,Canadian,NCAR,No Change,No Change,882.46,12.14,0,3.39,15.7,0.23,0.71,0.94,10.17,0,-7.2,0,860.15,0.48,4.57,0,865.2,555.34,-9443.52,0.580000000000041,1.14999999999964,High
Feb 2073,Canadian,NCAR,No Change,No Change,414.43,6.57,0,1.82,9.37,0.23,0.71,0.94,4.75,0,-4.7,0,403.11,0.31,3.93,0,407.35,565.99,-9440.31,10.65,3.21000000000095,High
Mar 2073,Canadian,NCAR,No Change,No Change,265.45,7.64,0,0.62,12.59,0.5,1.08,1.01,3.16,0,-5.53,0,254.65,0.45,8.64,0.03,263.76,570.97,-9440.03,4.98000000000002,0.279999999998836,High
Apr 2073,Canadian,NCAR,No Change,No Change,571.3,10.89,0,10.21,11.91,8.65,16.69,4.23,6.02,0,-3.37,0,554.4,0.79,23.9,1.23,580.33,574.5,-9442.5,3.52999999999997,-2.46999999999935,High
May 2073,Canadian,NCAR,No Change,No Change,2256.41,32.99,0,10.84,42.29,11.81,21.31,5.59,22.26,0,-9.92,0,2201.16,1.59,33.86,16.46,2253.06,566.32,-9453.55,-8.17999999999995,-11.0499999999993,High
Jun 2073,Canadian,NCAR,No Change,No Change,2931.18,40.36,0,15.84,46.9,19.7,20.73,5.38,27.38,0,-4.01,0,2863.43,1.33,40.48,23.37,2928.61,578.66,-9473.38,12.3399999999999,-19.8299999999999,High
Jul 2073,Canadian,NCAR,No Change,No Change,3870.01,46.4,0,29.49,42.69,16.14,22.75,5.91,40.42,0,-11.8,0,3783.19,2.17,38.39,22.17,3845.92,580.73,-9488.72,2.07000000000005,-15.3400000000001,High
Aug 2073,Canadian,NCAR,No Change,No Change,2816.56,34.44,0,16.5,42.69,17.43,24.37,6.36,30.1,0,-8.87,0,2752.03,1.55,39.21,20.44,2813.23,585.73,-9499.12,5,-10.4000000000015,High
Sep 2073,Canadian,NCAR,No Change,No Change,893.86,12.5,0,15.3,31.95,35.47,33.41,8.47,11.02,0,0.1,0,870.34,0.61,45.07,17.08,933.1,589.78,-9516.34,4.04999999999995,-17.2199999999993,High
Oct 2073,Canadian,NCAR,No Change,No Change,1018.07,11.22,0,8.2,9.95,4.68,7.21,2.25,8.95,0,-2.73,0,997.9,0.48,13.81,1.72,1013.91,566.13,-9547.23,-23.65,-30.8899999999994,High
Nov 2073,Canadian,NCAR,No Change,No Change,51.31,1.05,0,0.25,1.54,0.23,0.71,0.94,0.82,0,-0.55,0,49.43,0.04,6.36,0,55.84,562.55,-9547.69,-3.58000000000004,-0.460000000000946,High
Dec 2073,Canadian,NCAR,No Change,No Change,1522.22,21.84,0,8.48,20.1,0.23,0.71,0.94,17.92,0,-7.14,0,1482.45,0.64,4.02,0,1487.12,557.25,-9547.18,-5.29999999999995,0.510000000000218,High
Jan 2074,Canadian,NCAR,No Change,No Change,80.55,1.45,0,0.23,2.36,0.23,0.71,0.94,1.15,0,-0.98,0,77.95,0.07,4.66,0,82.68,572.86,-9536.17,15.61,11.0100000000002,High
Feb 2074,Canadian,NCAR,No Change,No Change,1043.27,14.37,0,6.22,14.34,0.23,0.71,0.94,11.43,0,-6.68,0,1017.47,0.72,4.92,0,1023.11,570.09,-9535.76,-2.76999999999998,0.409999999999854,High
Mar 2074,Canadian,NCAR,No Change,No Change,2756.77,37.33,0,24.18,19.41,0.23,0.71,0.94,29.74,0,-7.72,0,2689.71,1.69,6.95,0,2698.34,579.04,-9530.77,8.94999999999993,4.98999999999978,High
Apr 2074,Canadian,NCAR,No Change,No Change,1182.76,16.75,0,13.11,13.16,5.03,5.62,1.9,11.55,0,-5.45,0,1154.46,0.95,14.92,1.15,1171.48,591.03,-9508.52,11.99,22.25,High
May 2074,Canadian,NCAR,No Change,No Change,2310.91,27.1,0,14.07,32.51,12.15,19.01,5.15,23.12,0,-8.72,0,2260.7,1.39,31.54,14.1,2307.72,587.96,-9507.29,-3.06999999999994,1.22999999999956,High
Jun 2074,Canadian,NCAR,No Change,No Change,1921.04,25.24,0,16.41,35.9,26.83,29.76,7.64,21.16,0,-1.13,0,1874.64,0.89,45.69,22.1,1943.32,590.64,-9520.86,2.67999999999995,-13.5699999999997,High
Jul 2074,Canadian,NCAR,No Change,No Change,4849.09,58.77,0,37.73,45.4,11.81,16.68,4.57,51.54,0,-15.1,0,4738.78,2.55,31.03,21.72,4794.08,576.14,-9545.04,-14.5,-24.1800000000003,High
Aug 2074,Canadian,NCAR,No Change,No Change,4150.04,55.62,0,44.79,26.76,9.83,14.07,4.03,47.42,0,-8.35,0,4047,2.26,26.21,19.02,4094.48,590.81,-9542.42,14.67,2.6200000000008,High
Sep 2074,Canadian,NCAR,No Change,No Change,1041.3,14.25,0,15.72,31.12,34.56,31.92,8.07,12.18,0,1.38,0,1014.87,0.59,43.7,17.13,1076.29,591.57,-9532.41,0.760000000000105,10.0100000000002,High
Oct 2074,Canadian,NCAR,No Change,No Change,546.84,7.85,0,11.63,16.46,21.62,22.71,6.1,6.53,0,0.99,0,532.46,0.39,29.4,5.8,568.05,568.28,-9559.83,-23.2900000000001,-27.4200000000001,High
Nov 2074,Canadian,NCAR,No Change,No Change,717.06,10.26,0,3.54,10.89,0.24,0.71,0.95,8.25,0,-4.28,0,698.56,0.34,5.24,0,704.14,550.32,-9574.71,-17.9599999999999,-14.8799999999992,High
Dec 2074,Canadian,NCAR,No Change,No Change,415.17,7.21,0,1.87,8.11,0.23,0.71,0.95,5.96,0,-2.81,0,402,0.26,4.84,0,407.1,555.5,-9570.51,5.17999999999995,4.19999999999891,High
Jan 2075,Canadian,NCAR,No Change,No Change,291.7,5.71,0,0.63,8.74,0.23,0.71,0.94,3.98,0,-3.7,0,282.01,0.28,6.68,0,288.96,558.3,-9567.12,2.79999999999995,3.38999999999942,High
Feb 2075,Canadian,NCAR,No Change,No Change,1062.17,14.27,0,4.37,19.92,0.23,0.71,0.94,12.2,0,-10.44,0,1035.69,0.67,6.05,0,1042.41,559.9,-9566.61,1.60000000000002,0.510000000000218,High
Mar 2075,Canadian,NCAR,No Change,No Change,1363.13,18.98,0,8.5,17.31,0.25,0.73,0.95,14.96,0,-7.62,0,1329.19,1.04,7.77,0.01,1338,573.3,-9564.61,13.4,2,High
Apr 2075,Canadian,NCAR,No Change,No Change,811.57,15.53,0,9.28,15.49,6.55,13.57,3.57,8.37,0,-3.57,0,787.67,0.86,21.26,1.1,810.9,582.36,-9557.05,9.06000000000006,7.56000000000131,High
May 2075,Canadian,NCAR,No Change,No Change,2296.81,36.69,0,17.17,39.45,12.29,19.48,5.26,23.39,0,-9.59,0,2236.73,1.95,32.65,15.37,2286.69,580.04,-9563.35,-2.32000000000005,-6.30000000000109,High
Jun 2075,Canadian,NCAR,No Change,No Change,2743.67,33.07,0,14.19,45.08,19.35,21.01,5.4,23.92,0,-8.18,0,2686.69,1.33,40.06,22.41,2750.49,588.77,-9579.12,8.73000000000002,-15.7700000000004,High
Jul 2075,Canadian,NCAR,No Change,No Change,4482.92,56.48,0,41.64,37.45,12.78,16.94,4.62,46.48,0,-12.31,0,4379.96,2.49,32.34,21.94,4436.73,590.05,-9601.41,1.27999999999997,-22.2899999999991,High
Aug 2075,Canadian,NCAR,No Change,No Change,2789.39,31.76,0,19.81,40.7,19,26.98,6.84,29.24,0,-11.47,0,2728.39,1.72,41.84,20.47,2792.41,594.7,-9601.51,4.65000000000009,-0.100000000000364,High
Sep 2075,Canadian,NCAR,No Change,No Change,2082.85,28.1,0,15.45,29.16,16.07,22.52,5.94,23.66,0,-1.38,0,2031.1,0.93,36.28,17.18,2085.48,594.7,-9624.35,0,-22.8400000000001,High
Oct 2075,Canadian,NCAR,No Change,No Change,819.02,9.55,0,11.13,15.55,17.1,16.75,4.54,7.45,0,-0.45,0,802.02,0.44,24.65,5.17,832.27,588.09,-9635.82,-6.61000000000001,-11.4699999999993,High
Nov 2075,Canadian,NCAR,No Change,No Change,1707.52,21.16,0,7.95,23.44,0.27,0.82,0.97,18.98,0,-10.97,0,1667.38,1,6.26,0.06,1674.7,574.09,-9646.2,-14,-10.380000000001,High
Dec 2075,Canadian,NCAR,No Change,No Change,783.13,10.42,0,7.58,5.41,0.23,0.71,0.95,9.08,0,-2.88,0,763.64,0.54,4.13,0,768.31,590.86,-9638.1,16.77,8.10000000000036,High
Jan 2076,Canadian,NCAR,No Change,No Change,278.48,4.87,0,1.36,5.43,0.23,0.71,0.95,3.55,0,-2,0,270.06,0.31,4.99,0,275.37,591.66,-9631.66,0.799999999999955,6.44000000000051,High
Feb 2076,Canadian,NCAR,No Change,No Change,883.93,10.98,0,10.28,5.47,0.23,0.71,0.95,10.03,0,-5.23,0,862.92,0.7,5.9,0,869.52,591.63,-9629.87,-0.0299999999999727,1.78999999999905,High
Mar 2076,Canadian,NCAR,No Change,No Change,866.92,9.85,0,4.73,12.54,2.42,3.96,1.59,9.05,0,-5.7,0,848.03,0.69,13.11,0.26,862.1,590.72,-9624.84,-0.909999999999968,5.03000000000065,High
Apr 2076,Canadian,NCAR,No Change,No Change,358.07,4.43,0,10.22,13.3,14.25,20.68,5.21,3.54,0,-5.56,0,350.1,0.73,28.38,5.73,384.93,590.11,-9624.12,-0.610000000000014,0.719999999999345,High
May 2076,Canadian,NCAR,No Change,No Change,967.37,12.62,0,11.27,30.62,29.62,29.39,7.56,8.86,0,-0.2,0,945.89,0.55,40.2,15.37,1002.01,576.25,-9647.33,-13.86,-23.2099999999991,High
Jun 2076,Canadian,NCAR,No Change,No Change,1589.08,25.22,0,14.53,40.2,30.3,30.54,7.81,16.97,0,-0.09,0,1546.89,0.87,45.31,22.08,1615.15,558.87,-9675.87,-17.38,-28.5400000000009,High
Jul 2076,Canadian,NCAR,No Change,No Change,2674.94,44.07,0,16.43,49.98,20.19,29.14,7.53,31.84,0,-3.78,0,2599.04,1.64,45.38,22.7,2668.75,546.19,-9703.79,-12.68,-27.9200000000001,High
Aug 2076,Canadian,NCAR,No Change,No Change,1431.82,27.01,0,15.97,41.2,30,35.71,9.01,17.18,0,-1.3,0,1387.63,1.15,50.42,21.11,1460.31,552.21,-9720.05,6.01999999999998,-16.2599999999984,High
Sep 2076,Canadian,NCAR,No Change,No Change,699.77,14.88,0,15.07,35,36.66,34.45,8.7,8.33,0,0.76,0,676.56,0.71,46.6,17.43,741.31,539.69,-9751.99,-12.52,-31.9400000000005,High
Oct 2076,Canadian,NCAR,No Change,No Change,2750.86,37.29,0,16.1,34.84,0.25,0.75,0.95,31.27,0,-14.62,0,2682.31,1.22,6.36,1.59,2691.48,517.17,-9786.09,-22.5200000000001,-34.1000000000004,High
Nov 2076,Canadian,NCAR,No Change,No Change,166.3,2.28,0,0.41,4.2,0.23,0.71,0.95,2.06,0,-2.22,0,161.95,0.14,5.45,0,167.54,545.2,-9770.83,28.0300000000001,15.2600000000002,High
Dec 2076,Canadian,NCAR,No Change,No Change,88.16,2.19,0,0.29,3.19,0.23,0.71,0.95,1.12,0,-1.17,0,84.84,0.1,4.31,0,89.25,543.47,-9770.76,-1.73000000000002,0.069999999999709,High
Jan 2077,Canadian,NCAR,No Change,No Change,616.71,11.64,0,2.42,16.08,0.23,0.71,0.94,7.09,0,-7.16,0,597.99,0.53,5.01,0,603.52,541.89,-9770.57,-1.58000000000004,0.190000000000509,High
Feb 2077,Canadian,NCAR,No Change,No Change,468.95,7.61,0,1.86,11.18,0.23,0.71,0.94,5.94,0,-5.58,0,455.4,0.38,5.23,0,461.01,552.49,-9770.4,10.6,0.170000000000073,High
Mar 2077,Canadian,NCAR,No Change,No Change,144.08,3.93,0,0.5,5.87,0.48,1.49,1.09,1.83,0,-2.2,0,138.33,0.24,8.99,0.06,147.62,557.98,-9769.81,5.49000000000001,0.590000000000146,High
Apr 2077,Canadian,NCAR,No Change,No Change,200.47,5.64,0,10.99,13.43,15.74,24.17,6.13,2.38,0,-3.8,0,192.45,0.76,30.8,3.58,227.59,554.78,-9770.64,-3.20000000000005,-0.829999999999927,High
May 2077,Canadian,NCAR,No Change,No Change,2621.21,31.23,0,11.4,39.99,13.79,16.63,4.47,25.41,0,-7.59,0,2564.58,1.22,31.47,18.43,2615.69,539.72,-9793.7,-15.0599999999999,-23.0600000000013,High
Jun 2077,Canadian,NCAR,No Change,No Change,3491.26,34.69,0,15.9,47.08,17.16,17.81,4.65,28.65,0,-12.57,0,3427.91,1.44,35.81,22.95,3488.1,546.61,-9806.47,6.88999999999999,-12.7699999999986,High
Jul 2077,Canadian,NCAR,No Change,No Change,2542.07,38.25,0,16.33,46.25,21.51,27.54,7.04,26.62,0,-4.25,0,2477.2,1.43,45.6,22.72,2546.95,553.89,-9826.5,7.27999999999997,-20.0300000000007,High
Aug 2077,Canadian,NCAR,No Change,No Change,2298.57,36.52,0,13.26,46.04,17.79,29.95,7.71,27.33,0,-6.58,0,2234.72,1.59,42.98,20.65,2299.94,553.53,-9847.35,-0.360000000000014,-20.8500000000004,High
Sep 2077,Canadian,NCAR,No Change,No Change,424.16,6.93,0,14.92,23.51,35.1,33.75,8.49,4.7,0,3.28,0,412.53,0.34,40.94,16.69,470.5,561.03,-9869.48,7.5,-22.1299999999992,High
Oct 2077,Canadian,NCAR,No Change,No Change,640.99,8.2,0,11.81,15.41,19.49,20.91,5.55,7.05,0,0,0,625.75,0.46,27.16,5,658.36,533.75,-9903.45,-27.28,-33.9700000000012,High
Nov 2077,Canadian,NCAR,No Change,No Change,495.46,6.67,0,1.94,9.27,0.23,0.71,0.94,5.71,0,-4.6,0,483.09,0.3,4.83,0,488.21,517.87,-9916.76,-15.88,-13.3099999999995,High
Dec 2077,Canadian,NCAR,No Change,No Change,424.87,7.85,0,2.38,6.99,0.23,0.71,0.94,6.13,0,-1.51,0,410.89,0.22,4,0,415.11,521.84,-9915.42,3.97000000000003,1.34000000000015,High
Jan 2078,Canadian,NCAR,No Change,No Change,998.75,12.1,0,3.36,17.47,0.23,0.71,0.94,10.79,0,-9.05,0,975.87,0.55,4.65,0,981.07,524.36,-9910.56,2.51999999999998,4.86000000000058,High
Feb 2078,Canadian,NCAR,No Change,No Change,714.65,13.09,0,3.46,16.65,0.23,0.71,0.94,10.02,0,-7.34,0,691.54,0.55,4.07,0,696.16,536.71,-9908.58,12.35,1.97999999999956,High
Mar 2078,Canadian,NCAR,No Change,No Change,278.41,7.14,0,0.68,11.3,0.49,1,0.99,3.53,0,-4.75,0,267.73,0.4,8.23,0.03,276.38,548.82,-9905.67,12.11,2.90999999999985,High
Apr 2078,Canadian,NCAR,No Change,No Change,672.08,21.08,0,8.65,24.54,6.17,16.68,4.27,6.8,0,-7.32,0,644.19,1.38,23.32,1.67,670.56,551.41,-9906.92,2.58999999999992,-1.25,High
May 2078,Canadian,NCAR,No Change,No Change,224.82,10.58,0,11.58,34.21,37.73,38.61,9.62,1.87,0,1.91,0,212.37,0.61,48.66,17.59,279.23,558.88,-9921.51,7.47000000000003,-14.5900000000001,High
Jun 2078,Canadian,NCAR,No Change,No Change,762.98,11.77,0,14.7,34.56,39.7,39.75,9.89,7.88,0,1.66,0,743.34,0.55,49.66,23.43,816.97,535.7,-9964.32,-23.18,-42.8099999999995,High
Jul 2078,Canadian,NCAR,No Change,No Change,2396.67,29.55,0,16.99,39.22,24.17,29.79,7.61,25.92,0,-3.61,0,2341.2,1.11,45.81,22.67,2410.79,510.76,-10008.07,-24.9400000000001,-43.75,High
Aug 2078,Canadian,NCAR,No Change,No Change,3721.21,45.74,0,16.8,51.88,12.95,16.46,4.53,38.71,0,-11.64,0,3636.76,1.66,29.35,20.2,3687.97,502.17,-10030.6,-8.58999999999998,-22.5300000000007,High
Sep 2078,Canadian,NCAR,No Change,No Change,2152.55,26.52,0,15.5,27.82,15.3,19.96,5.29,23.08,0,-2.39,0,2102.95,0.89,32.63,16.29,2152.76,523.67,-10035.65,21.4999999999999,-5.04999999999927,High
Oct 2078,Canadian,NCAR,No Change,No Change,559.6,6.92,0,11.23,13.2,17.3,19.39,5.13,6.41,0,-0.68,0,546.26,0.47,24.75,3.49,574.97,518.24,-10045.93,-5.42999999999995,-10.2800000000007,High
Nov 2078,Canadian,NCAR,No Change,No Change,323.49,3.84,0,0.7,7.59,0.23,0.71,0.94,3.81,0,-4.48,0,315.84,0.25,5.26,0,321.36,503.65,-10057.94,-14.59,-12.0100000000002,High
Dec 2078,Canadian,NCAR,No Change,No Change,1284.41,18.45,0,7.72,15.63,0.23,0.71,0.94,14.71,0,-5.17,0,1251.25,0.5,4.19,0,1255.94,505.51,-10058.37,1.86000000000001,-0.430000000000291,High
Jan 2079,Canadian,NCAR,No Change,No Change,771.59,9.94,0,2.6,14.57,0.23,0.71,0.94,9.04,0,-7.45,0,752.61,0.45,4.2,0,757.27,516.48,-10048.58,10.97,9.79000000000087,High
Feb 2079,Canadian,NCAR,No Change,No Change,223.6,3.55,0,0.88,5.4,0.23,0.71,0.94,3.28,0,-2.67,0,216.76,0.17,6.46,0,223.4,526.37,-10046.76,9.88999999999999,1.81999999999971,High
Mar 2079,Canadian,NCAR,No Change,No Change,319.4,4.86,0,0.95,7.14,0.73,1.37,1.06,4.3,0,-2.75,0,310.24,0.25,8.67,0.06,319.21,524.84,-10045.91,-1.52999999999997,0.850000000000364,High
Apr 2079,Canadian,NCAR,No Change,No Change,208.35,2.42,0,10.55,12.66,17.36,20.4,5.12,2.2,0,-4.06,0,203.73,0.63,26.89,2.38,233.62,522.9,-10044.72,-1.94000000000005,1.19000000000051,High
May 2079,Canadian,NCAR,No Change,No Change,2563.54,28.49,0,10.71,36.63,10.16,15.14,4.23,23.97,0,-9.93,0,2511.07,1.24,27.14,14.66,2554.11,506.6,-10064.24,-16.3,-19.5200000000004,High
Jun 2079,Canadian,NCAR,No Change,No Change,3839.21,43.18,0,14.71,58.08,15.07,20.05,5.22,36.88,0,-16.57,0,3759.14,2.03,35.15,23.03,3819.35,516.85,-10075.78,10.25,-11.5400000000009,High
Jul 2079,Canadian,NCAR,No Change,No Change,2803.61,38.08,0,17.56,46.14,21.24,28.9,7.33,28.49,0,-5.88,0,2737.04,1.5,46.49,23.5,2808.52,539.53,-10093.32,22.68,-17.5399999999991,High
Aug 2079,Canadian,NCAR,No Change,No Change,4023.45,58.23,0,18.66,62.83,12.18,18.89,5.13,46.45,0,-13.59,0,3918.77,2.51,30.79,20.03,3972.09,539.52,-10115.78,-0.00999999999999091,-22.4600000000009,High
Sep 2079,Canadian,NCAR,No Change,No Change,1113.75,13.11,0,15.61,31.13,34.21,29.6,7.45,11.04,0,-0.01,0,1089.61,0.59,41.63,16.52,1148.35,573.16,-10116.72,33.64,-0.93999999999869,High
Oct 2079,Canadian,NCAR,No Change,No Change,66.27,1.25,0,12.71,14.86,29.38,25.05,6.5,0.74,0,2.87,0,64.28,0.2,30.14,5.29,99.9,550.6,-10144.37,-22.5599999999999,-27.6500000000015,High
Nov 2079,Canadian,NCAR,No Change,No Change,564.97,12.13,0,1.51,19.95,0.85,2.04,1.22,5.58,0,-9.21,0,547.25,0.74,6.95,0.07,555,524.49,-10164.61,-26.11,-20.2399999999998,High
Dec 2079,Canadian,NCAR,No Change,No Change,45.02,1.89,0,0.17,2.97,0.22,0.71,0.94,0.61,0,-1.13,0,42.52,0.1,4.18,0,46.8,537.46,-10169.12,12.97,-4.51000000000022,High
Jan 2080,Canadian,NCAR,No Change,No Change,131.18,3.93,0,0.33,6,0.23,0.71,0.94,2.08,0,-2.36,0,125.17,0.2,4.09,0,129.46,535.79,-10169.4,-1.67000000000007,-0.279999999998836,High
Feb 2080,Canadian,NCAR,No Change,No Change,548.26,9.04,0,1.99,14.13,0.23,0.71,0.94,7.13,0,-7.34,0,532.1,0.48,4.65,0,537.22,537.23,-10169.45,1.44000000000005,-0.0500000000010914,High
Mar 2080,Canadian,NCAR,No Change,No Change,718.83,10.19,0,2.88,13.85,0.23,0.71,0.94,8.51,0,-6.76,0,700.13,0.45,6.48,0,707.06,546.24,-10169.42,9.00999999999999,0.0300000000006548,High
Apr 2080,Canadian,NCAR,No Change,No Change,371.35,6.38,0,7.39,8.99,6.72,12.97,3.44,4.11,0,-3.91,0,360.86,0.63,20.34,1.15,382.98,553.14,-10167.43,6.89999999999998,1.98999999999978,High
May 2080,Canadian,NCAR,No Change,No Change,2418.31,29.51,0,11.08,39.41,11.39,19.42,5.17,23.1,0,-11.06,0,2365.7,1.46,31.93,16.14,2415.24,544.6,-10177.91,-8.53999999999996,-10.4799999999996,High
Jun 2080,Canadian,NCAR,No Change,No Change,2595.85,25.8,0,15.41,39.48,23.8,22.83,5.77,21.9,0,-6.29,0,2548.15,1.01,40.77,22.18,2612.11,554.93,-10196.25,10.3299999999999,-18.3400000000001,High
Jul 2080,Canadian,NCAR,No Change,No Change,2967.13,39.87,0,18.02,44.05,19.75,27.15,7.03,33.09,0,-3.83,0,2894.17,1.38,44.21,23.38,2963.14,546.9,-10219.88,-8.02999999999997,-23.6299999999992,High
Aug 2080,Canadian,NCAR,No Change,No Change,3494.39,44.35,0,16.92,48.37,13.57,18.35,5.01,37.44,0,-9.01,0,3412.6,1.64,31.83,20.2,3466.26,547.11,-10234.12,0.210000000000036,-14.2400000000016,High
Sep 2080,Canadian,NCAR,No Change,No Change,1957.77,26.16,0,14.87,30.22,17.78,22.9,6.01,21.61,0,-2.1,0,1910,0.94,36.19,16.42,1963.55,563.42,-10239.22,16.3099999999999,-5.09999999999854,High
Oct 2080,Canadian,NCAR,No Change,No Change,144.67,2.58,0,12.78,16.68,29.61,26.99,7.04,1.93,0,2.49,0,140.16,0.25,32.45,6.13,178.99,556.57,-10253.03,-6.84999999999991,-13.8100000000013,High
Nov 2080,Canadian,NCAR,No Change,No Change,145.42,15.36,0,0.63,23.53,0.56,2.83,1.38,1.68,0,-9.2,0,128.38,0.95,7.53,0.1,136.96,531.13,-10274.68,-25.4400000000001,-21.6499999999996,High
Dec 2080,Canadian,NCAR,No Change,No Change,646.46,10.47,0,2.92,12,0.23,0.71,0.94,8.94,0,-4.6,0,627.05,0.39,4.45,0,631.89,548.02,-10283.75,16.89,-9.06999999999971,High
Jan 2081,Canadian,NCAR,No Change,No Change,133.46,2.59,0,0.36,4.08,0.23,0.71,0.94,1.73,0,-1.75,0,129.14,0.13,5.75,0,135.02,555.1,-10279.17,7.08000000000004,4.57999999999993,High
Feb 2081,Canadian,NCAR,No Change,No Change,811.14,12.3,0,10.99,5.64,0.23,0.71,0.94,10.27,0,-4.88,0,788.56,0.78,4.98,0,794.32,552.96,-10278.94,-2.13999999999999,0.229999999999563,High
Mar 2081,Canadian,NCAR,No Change,No Change,434,9.74,0,4.77,7.79,0.27,0.74,0.95,4.58,0,-3.14,0,419.68,0.59,7.43,0.01,427.71,553.15,-10273.31,0.189999999999941,5.63000000000102,High
Apr 2081,Canadian,NCAR,No Change,No Change,491.55,10.71,0,9.99,15.19,10.03,18.72,4.72,5.67,0,-5.37,0,475.17,0.94,25.75,2.07,503.92,553.04,-10271.68,-0.110000000000014,1.6299999999992,High
May 2081,Canadian,NCAR,No Change,No Change,3337.95,48.76,0,26.25,39.4,7.1,15.01,4.25,37.14,0,-12.34,0,3252.05,2.56,24.82,12.79,3292.22,546.45,-10287.45,-6.58999999999992,-15.7700000000004,High
Jun 2081,Canadian,NCAR,No Change,No Change,3866.36,47.03,0,29.18,43.11,14.28,16.49,4.4,36.02,0,-13.24,0,3783.31,2.27,32.62,21.81,3840.01,564.69,-10286.21,18.24,1.2400000000016,High
Jul 2081,Canadian,NCAR,No Change,No Change,4465.23,56.96,0,40.94,39.53,13.41,18.59,5.02,48.13,0,-12.69,0,4360.14,2.59,33.9,22.66,4419.29,572.98,-10297.32,8.28999999999996,-11.1100000000006,High
Aug 2081,Canadian,NCAR,No Change,No Change,3625.23,49.06,0,28.58,39.13,12.54,17.16,4.74,39.76,0,-8.14,0,3536.41,2.03,30.44,19.77,3588.65,578.77,-10298.1,5.78999999999996,-0.780000000000655,High
Sep 2081,Canadian,NCAR,No Change,No Change,129.62,3.71,0,15.76,22.06,38.08,37.95,9.37,1.51,0,3.65,0,124.4,0.32,43.73,17.42,185.87,587.34,-10298.66,8.57000000000005,-0.559999999999491,High
Oct 2081,Canadian,NCAR,No Change,No Change,778.22,11.42,0,9.92,11.51,8.45,14.94,4.04,8.87,0,-2.19,0,757.93,0.64,20.78,2.31,781.66,556.18,-10339.51,-31.1600000000001,-40.8500000000004,High
Nov 2081,Canadian,NCAR,No Change,No Change,773.77,14.47,0,3.69,17.81,0.23,0.71,0.94,9.31,0,-7.39,0,749.98,0.59,5.16,0,755.74,549.36,-10346.06,-6.81999999999994,-6.54999999999927,High
Dec 2081,Canadian,NCAR,No Change,No Change,344.93,6.94,0,1.36,9.59,0.23,0.71,0.94,4.44,0,-4.1,0,333.55,0.32,4.03,0,337.9,561.54,-10343.9,12.18,2.15999999999985,High
Jan 2082,Canadian,NCAR,No Change,No Change,382.83,7.08,0,1.32,9.22,0.23,0.71,0.94,5.37,0,-3.5,0,370.38,0.28,5.96,0,376.62,566.63,-10343.32,5.09000000000003,0.579999999999927,High
Feb 2082,Canadian,NCAR,No Change,No Change,837.23,9.83,0,4.37,11.85,0.23,0.71,0.94,8.96,0,-6.76,0,818.44,0.61,5.3,0,824.34,569.41,-10341.22,2.77999999999997,2.10000000000036,High
Mar 2082,Canadian,NCAR,No Change,No Change,320.72,14.11,0,6.34,12.04,1.1,1.85,1.16,3.74,0,-4.15,0,302.86,0.98,10.12,0.1,314.06,575.5,-10338.79,6.09000000000003,2.42999999999847,High
Apr 2082,Canadian,NCAR,No Change,No Change,818.36,22.27,0,12.42,22.19,9.06,18.48,4.84,9.5,0,-4.64,0,786.6,1.36,27.51,3.15,818.62,577.01,-10339.98,1.50999999999999,-1.18999999999869,High
May 2082,Canadian,NCAR,No Change,No Change,2539.32,40.83,0,18.63,45.37,15.7,19.83,5.24,25.36,0,-9.54,0,2473.12,2.07,36.16,19.51,2530.86,576.27,-10351.91,-0.740000000000009,-11.9300000000003,High
Jun 2082,Canadian,NCAR,No Change,No Change,2480.7,29.01,0,15.49,41.68,24.17,26.59,6.69,23.62,0,-5.16,0,2428.08,1.16,45.15,23.33,2497.71,584.37,-10370.19,8.10000000000002,-18.2800000000007,High
Jul 2082,Canadian,NCAR,No Change,No Change,2992.35,37.96,0,16.76,45.42,18.85,26.29,6.84,33.22,0,-6.81,0,2921.17,1.44,43.2,22.98,2988.8,576.63,-10394.96,-7.74000000000001,-24.7699999999986,High
Aug 2082,Canadian,NCAR,No Change,No Change,1857.59,25.09,0,13.85,36.81,25.59,29.3,7.52,19.81,0,-0.84,0,1812.7,0.85,42.82,20.75,1877.12,579.45,-10410.99,2.82000000000005,-16.0300000000007,High
Sep 2082,Canadian,NCAR,No Change,No Change,638.37,10.51,0,14.85,27.17,34.53,33.45,8.49,8.35,0,2.57,0,619.5,0.46,42.36,16.53,678.86,569.64,-10434.55,-9.81000000000006,-23.5599999999995,High
Oct 2082,Canadian,NCAR,No Change,No Change,817.44,10.14,0,8.83,9.79,7.73,10.66,3.05,8.76,0,-1.2,0,798.54,0.46,16.93,1.98,817.91,544.88,-10465.13,-24.76,-30.5799999999999,High
Nov 2082,Canadian,NCAR,No Change,No Change,173.81,2.13,0,0.39,4.34,0.23,0.71,0.95,2.03,0,-2.51,0,169.64,0.14,5.03,0,174.81,537.61,-10467.15,-7.26999999999998,-2.02000000000044,High
Dec 2082,Canadian,NCAR,No Change,No Change,129.1,1.75,0,0.47,2.77,0.24,0.71,0.94,1.51,0,-1.35,0,125.85,0.09,4.3,0,130.23,536.45,-10467.39,-1.15999999999997,-0.239999999999782,High
Jan 2083,Canadian,NCAR,No Change,No Change,457.64,6.03,0,1.19,10.18,0.23,0.71,0.94,5.67,0,-5.43,0,445.94,0.32,4.36,0,450.62,534.45,-10467,-2,0.389999999999418,High
Feb 2083,Canadian,NCAR,No Change,No Change,485.7,6.56,0,2.46,8.18,0.23,0.71,0.94,5.5,0,-4.12,0,473.64,0.27,5.04,0,478.94,539.8,-10466.51,5.34999999999991,0.489999999999782,High
Mar 2083,Canadian,NCAR,No Change,No Change,706.43,9.8,0,3.04,11.83,0.29,0.76,0.95,8.38,0,-5.15,0,688.26,0.38,7.77,0.01,696.41,542.47,-10464.9,2.67000000000007,1.61000000000058,High
Apr 2083,Canadian,NCAR,No Change,No Change,398.26,3.74,0,10.81,12.72,14.39,22.1,5.52,3.91,0,-6.18,0,390.61,0.77,28.96,3.17,423.52,546.05,-10461.49,3.57999999999993,3.40999999999985,High
May 2083,Canadian,NCAR,No Change,No Change,1701.81,21.01,0,11.96,34.42,21.85,29.74,7.6,19.91,0,-4.51,0,1660.88,1,42.71,19.46,1724.04,531.99,-10483.51,-14.0599999999999,-22.0200000000004,High
Jun 2083,Canadian,NCAR,No Change,No Change,1668.26,18.41,0,15.4,39.81,35.67,32.93,8.24,16.18,0,-1.88,0,1633.67,0.75,47.94,24.11,1706.46,524,-10509.71,-7.99000000000001,-26.1999999999989,High
Jul 2083,Canadian,NCAR,No Change,No Change,4947.42,62.19,0,23.66,67.89,11.71,16.31,4.51,54.83,0,-19.98,0,4830.41,2.32,29.72,22.14,4884.59,504.9,-10544.2,-19.1,-34.4900000000016,High
Aug 2083,Canadian,NCAR,No Change,No Change,3397.98,43.41,0,14.74,50.3,13.69,19.16,5.21,37.61,0,-9.54,0,3316.95,1.6,32.28,20.01,3370.85,543.16,-10543.29,38.26,0.909999999999854,High
Sep 2083,Canadian,NCAR,No Change,No Change,2366.37,26.72,0,15.29,29.47,14.61,16.95,4.56,23.2,0,-4.34,0,2316.44,0.91,30.66,16.01,2364.02,561.43,-10549.18,18.27,-5.88999999999942,High
Oct 2083,Canadian,NCAR,No Change,No Change,2243.02,24.21,0,12.9,22.97,4.44,6.57,2.26,20.23,0,-8.06,0,2198.58,0.84,14.96,7.02,2221.4,558.02,-10558.72,-3.40999999999997,-9.53999999999905,High
Nov 2083,Canadian,NCAR,No Change,No Change,477.53,6.3,0,1.86,8.8,0.23,0.71,0.94,5.66,0,-4.4,0,465.57,0.28,5.08,0,470.94,565.9,-10557.87,7.88,0.849999999998545,High
Dec 2083,Canadian,NCAR,No Change,No Change,630.7,9.68,0,5.75,5.63,0.23,0.71,0.94,8.49,0,-1.92,0,612.53,0.45,4.2,0,617.18,569.14,-10556.38,3.24000000000001,1.4900000000016,High
Jan 2084,Canadian,NCAR,No Change,No Change,554.36,7.28,0,2.84,7.13,0.23,0.71,0.94,6.6,0,-2.87,0,540.47,0.42,4.32,0,545.2,570.1,-10549.57,0.960000000000036,6.80999999999949,High
Feb 2084,Canadian,NCAR,No Change,No Change,329.22,5.44,0,2.95,3.81,0.23,0.71,0.94,4.32,0,-1.33,0,319.46,0.25,5.6,0,325.3,572.44,-10545.59,2.34000000000003,3.97999999999956,High
Mar 2084,Canadian,NCAR,No Change,No Change,345.28,4.81,0,1.55,6.11,1.13,2.54,1.29,3.68,0,-1.98,0,336.78,0.26,10.99,0.16,348.19,570.18,-10542.37,-2.2600000000001,3.21999999999935,High
Apr 2084,Canadian,NCAR,No Change,No Change,975.24,13.05,0,12.59,22.29,14.44,19.37,4.99,12.07,0,-8.59,0,950.12,1.21,27.99,3.03,982.34,565.43,-10542.07,-4.75,0.300000000001091,High
May 2084,Canadian,NCAR,No Change,No Change,2186.61,26.4,0,11.89,33.52,13.75,24.19,6.3,22.67,0,-6.44,0,2137.54,1.17,37.73,17.96,2194.4,559.67,-10556,-5.75999999999999,-13.9300000000003,High
Jun 2084,Canadian,NCAR,No Change,No Change,555.5,10.26,0,15.05,33.38,41.28,42.27,10.46,5.17,0,2.59,0,540.07,0.52,51.16,24.47,616.22,559.6,-10575.61,-0.0699999999999363,-19.6100000000006,High
Jul 2084,Canadian,NCAR,No Change,No Change,573.92,18.77,0,17.83,40.24,45.3,45.46,11.25,6.64,0,5.26,0,548.51,0.74,55.3,24.63,629.18,532.35,-10624.13,-27.25,-48.5199999999986,High
Aug 2084,Canadian,NCAR,No Change,No Change,2854.91,41.42,0,13.89,49.72,17.05,25.04,6.54,31.8,0,-6.76,0,2781.69,1.61,38.49,21.09,2842.88,506.21,-10671.07,-26.14,-46.9400000000005,High
Sep 2084,Canadian,NCAR,No Change,No Change,1084.05,15.87,0,14.23,30.34,30.12,28.11,7.25,12.41,0,0.85,0,1055.77,0.57,39.18,16.39,1111.91,518.9,-10685.62,12.69,-14.5500000000011,High
Oct 2084,Canadian,NCAR,No Change,No Change,225.1,3.28,0,12.44,16.86,28.47,26.74,7.04,2.51,0,2.21,0,219.31,0.24,31.91,6.84,258.29,500.8,-10709.61,-18.1,-23.9899999999998,High
Nov 2084,Canadian,NCAR,No Change,No Change,7.68,1.32,0,2.79,5.72,8.17,5.99,2.01,0.13,0,0.89,0,6.23,0.1,10.76,0.23,17.32,476.97,-10731.41,-23.83,-21.7999999999993,High
Dec 2084,Canadian,NCAR,No Change,No Change,247.88,4.5,0,1.13,5.07,0.23,0.71,0.94,2.98,0,-1.64,0,240.4,0.17,3.77,0,244.34,467.75,-10734.62,-9.22000000000003,-3.21000000000095,High
Jan 2085,Canadian,NCAR,No Change,No Change,301.16,5.95,0,0.77,8.35,0.23,0.71,0.94,4.27,0,-3.19,0,290.94,0.26,4.46,0,295.66,468.58,-10733.04,0.829999999999984,1.57999999999993,High
Feb 2085,Canadian,NCAR,No Change,No Change,387.01,5.52,0,2.02,6.32,0.23,0.71,0.94,4.14,0,-2.8,0,377.35,0.21,5.45,0,383.01,471.99,-10731.73,3.41000000000003,1.31000000000131,High
Mar 2085,Canadian,NCAR,No Change,No Change,956.2,13.5,0,3.13,19.37,0.82,1.5,1.1,11.72,0,-8.83,0,930.98,0.65,8.4,0.08,940.12,472.39,-10730.15,0.399999999999977,1.57999999999993,High
Apr 2085,Canadian,NCAR,No Change,No Change,1616.32,18.92,0,9.39,32.26,10.86,15.24,3.99,16.92,0,-13.29,0,1580.49,1.41,21.98,2.84,1606.72,482.96,-10727.76,10.57,2.38999999999942,High
May 2085,Canadian,NCAR,No Change,No Change,1377.08,22.35,0,11.96,38.02,26.39,32.27,8.24,16.76,0,-2.25,0,1337.96,1.01,43.77,18.39,1401.13,493.62,-10738.21,10.66,-10.4499999999989,High
Jun 2085,Canadian,NCAR,No Change,No Change,2154.55,32.34,0,15.26,46.54,28.72,27.42,6.94,19.51,0,-1.84,0,2102.7,1.1,43.58,24.2,2171.59,485.5,-10766.11,-8.12,-27.9000000000015,High
Jul 2085,Canadian,NCAR,No Change,No Change,3137.48,43.99,0,17.74,48.65,18.43,24.73,6.44,34.53,0,-5.55,0,3058.96,1.59,39.91,22.8,3123.25,480.21,-10793.12,-5.29000000000002,-27.0100000000002,High
Aug 2085,Canadian,NCAR,No Change,No Change,1026.47,13.93,0,14.13,33.2,35.52,36.46,9.17,11.23,0,1.58,0,1001.3,0.54,44.85,21.03,1067.71,488.8,-10805.21,8.59000000000003,-12.0899999999983,High
Sep 2085,Canadian,NCAR,No Change,No Change,1761.02,23.24,0,15.55,30.14,22.14,25.05,6.54,19.75,0,-1.13,0,1718.02,0.81,36.85,17.54,1773.23,468.93,-10840.71,-19.87,-35.5,High
Oct 2085,Canadian,NCAR,No Change,No Change,109.44,3.99,0,13.31,18.27,31.07,28.78,7.44,1.21,0,3.19,0,104.24,0.29,32.99,7.11,144.63,458.59,-10858.14,-10.34,-17.4300000000003,High
Nov 2085,Canadian,NCAR,No Change,No Change,682.5,10.54,0,2.89,12.77,0.52,1.21,1.05,8.23,0,-5.02,0,663.73,0.43,5.36,0.04,669.56,434.16,-10882.2,-24.43,-24.0600000000013,High
Dec 2085,Canadian,NCAR,No Change,No Change,112.07,2.42,0,0.4,3.52,0.23,0.71,0.94,1.59,0,-1.37,0,108.05,0.11,3.79,0,111.95,441.21,-10879.19,7.04999999999995,3.01000000000022,High
Jan 2086,Canadian,NCAR,No Change,No Change,146.74,2.4,0,0.51,3.57,0.23,0.71,0.94,1.82,0,-1.56,0,142.51,0.11,4.56,0,147.18,440.46,-10878.73,-0.75,0.460000000000946,High
Feb 2086,Canadian,NCAR,No Change,No Change,483.62,8.64,0,2.61,10.23,0.23,0.71,0.94,6.49,0,-4.31,0,468.49,0.34,4.63,0,473.45,439,-10878.23,-1.45999999999998,0.5,High
Mar 2086,Canadian,NCAR,No Change,No Change,886.58,12.51,0,2.44,20.49,0.8,1.47,1.09,9.96,0,-10.35,0,864.11,0.72,7.91,0.07,872.81,444.13,-10875.8,5.13,2.43000000000029,High
Apr 2086,Canadian,NCAR,No Change,No Change,296.47,5.71,0,10.32,12.14,13.1,19.31,4.81,2.86,0,-4.39,0,287.9,0.75,24.81,2.11,315.56,456.3,-10876.64,12.17,-0.840000000000146,High
May 2086,Canadian,NCAR,No Change,No Change,563.69,9.27,0,12.21,31.49,36.76,37.55,9.38,5.75,0,1.84,0,548.66,0.49,44.26,19.43,612.84,445.04,-10894.8,-11.26,-18.1599999999999,High
Jun 2086,Canadian,NCAR,No Change,No Change,2045.88,25.63,0,14.83,41.96,29.51,26.53,6.74,17.93,0,-2.53,0,2002.31,0.88,40.93,23.48,2067.61,423.68,-10934.8,-21.36,-40,High
Jul 2086,Canadian,NCAR,No Change,No Change,3479.29,45.41,0,19.53,47.23,16.45,20.74,5.53,35.9,0,-6.41,0,3397.98,1.52,34.65,22.56,3456.7,414.98,-10962.66,-8.69999999999999,-27.8600000000006,High
Aug 2086,Canadian,NCAR,No Change,No Change,1439.65,25.55,0,14.02,40.29,29.86,34.94,8.87,17.37,0,0.1,0,1396.74,0.99,45.8,20.81,1464.33,426.32,-10970.95,11.34,-8.29000000000087,High
Sep 2086,Canadian,NCAR,No Change,No Change,1815.9,25.65,0,14.86,31.64,18.23,25.7,6.6,19.89,0,-3.75,0,1770.37,1.12,36.88,16.42,1824.79,417.03,-11000.36,-9.29000000000002,-29.4099999999999,High
Oct 2086,Canadian,NCAR,No Change,No Change,310.7,5.23,0,12.2,17.51,26.75,24.8,6.58,3.7,0,1.95,0,301.77,0.32,29.46,5.72,337.27,412.67,-11019.75,-4.35999999999996,-19.3899999999994,High
Nov 2086,Canadian,NCAR,No Change,No Change,577.77,11.47,0,2.18,16.2,0.23,0.7,0.94,7.35,0,-7.24,0,558.95,0.55,3.95,0,563.46,392.19,-11038.04,-20.48,-18.2900000000009,High
Dec 2086,Canadian,NCAR,No Change,No Change,667.09,11.63,0,2.99,13.43,0.23,0.7,0.94,9.35,0,-5,0,646.1,0.45,3.51,0,650.06,403.97,-11037.68,11.78,0.360000000000582,High
Jan 2087,Canadian,NCAR,No Change,No Change,707.94,10.35,0,2.7,13.97,0.23,0.7,0.94,7.88,0,-6.53,0,689.71,0.45,3.76,0,693.92,413.42,-11033.09,9.44999999999999,4.59000000000015,High
Feb 2087,Canadian,NCAR,No Change,No Change,105.32,2.81,0,0.28,4.74,0.22,0.7,0.94,1.39,0,-2.15,0,101.12,0.16,5.24,0,106.52,423.16,-11031.5,9.74000000000001,1.59000000000015,High
Mar 2087,Canadian,NCAR,No Change,No Change,709.76,15.81,0,2.37,24.53,0.89,1.61,1.1,6.29,0,-11.1,0,687.66,0.9,7.97,0.09,696.62,422.21,-11032.03,-0.950000000000045,-0.530000000000655,High
Apr 2087,Canadian,NCAR,No Change,No Change,409.24,13.89,0,10.71,14.31,8.16,22.03,5.56,5.24,0,-4.02,0,390.12,1.04,27.16,3.13,421.44,438.39,-11037.45,16.18,-5.42000000000007,High
May 2087,Canadian,NCAR,No Change,No Change,1497.72,31.21,0,10.48,42.41,17.87,26.74,6.87,14.75,0,-5.22,0,1451.76,1.41,40,19.3,1512.48,433.86,-11055.82,-4.52999999999997,-18.369999999999,High
Jun 2087,Canadian,NCAR,No Change,No Change,330.28,6.5,0,16.48,33.49,47.14,48.61,11.89,3.3,0,3.17,0,320.48,0.49,53.72,26.4,401.09,438.26,-11085.47,4.39999999999998,-29.6499999999996,High
Jul 2087,Canadian,NCAR,No Change,No Change,6301.43,81.14,0,34.57,80.2,10.56,13.81,3.92,65.83,0,-25.86,0,6154.46,2.79,25.29,22.22,6204.76,407.62,-11142.11,-30.64,-56.6400000000012,High
Aug 2087,Canadian,NCAR,No Change,No Change,3837.85,55.02,0,15.95,67.86,11.77,17.06,4.69,42.85,0,-19.35,0,3739.99,2.32,27.7,19.38,3789.39,461.86,-11134.25,54.24,7.86000000000058,High
Sep 2087,Canadian,NCAR,No Change,No Change,355.41,9.23,0,15.38,29.53,38.39,36.64,9.18,3.46,0,2.19,0,342.72,0.52,45.27,18.02,406.53,502.62,-11142.5,40.76,-8.25,High
Oct 2087,Canadian,NCAR,No Change,No Change,611.35,8.81,0,8.35,9.89,8.82,11.99,3.37,7.39,0,-1.08,0,595.15,0.46,17.13,1.8,614.53,475.95,-11182.34,-26.67,-39.8400000000001,High
Nov 2087,Canadian,NCAR,No Change,No Change,559.77,7.2,0,2.11,10.23,0.23,0.7,0.94,6.41,0,-5.25,0,546.17,0.34,4.92,0,551.42,468.52,-11186.44,-7.43000000000001,-4.10000000000036,High
Dec 2087,Canadian,NCAR,No Change,No Change,78.84,1.47,0,0.19,2.7,0.22,0.7,0.94,1.15,0,-1.29,0,76.22,0.08,4.62,0,80.92,473.36,-11185.04,4.84000000000003,1.39999999999964,High
Jan 2088,Canadian,NCAR,No Change,No Change,88.77,2.11,0,0.24,3.01,0.23,0.7,0.94,1.31,0,-1.01,0,85.34,0.09,5.68,0,91.12,470.99,-11184.94,-2.37,0.100000000000364,High
Feb 2088,Canadian,NCAR,No Change,No Change,149.04,3.08,0,0.59,4.31,0.33,0.86,0.98,2.18,0,-1.64,0,143.78,0.14,6.52,0.01,150.44,467.85,-11184.4,-3.13999999999999,0.540000000000873,High
Mar 2088,Canadian,NCAR,No Change,No Change,527.27,7.87,0,7.03,12.07,8.64,14.45,3.73,5.52,0,-3.21,0,513.88,0.62,20.14,0.93,535.57,465.2,-11183.75,-2.65000000000003,0.649999999999636,High
Apr 2088,Canadian,NCAR,No Change,No Change,430.97,14.02,0,10.04,15.9,10.15,26.39,7,3.68,0,-2.66,0,413.26,0.89,30.65,7.69,452.5,459.22,-11193.1,-5.97999999999996,-9.35000000000036,High
May 2088,Canadian,NCAR,No Change,No Change,2109.96,32.11,0,11.55,41.83,14.4,25.17,6.46,21.97,0,-8.43,0,2055.89,1.57,36.75,18.75,2112.96,453.7,-11219.15,-5.52000000000004,-26.0499999999993,High
Jun 2088,Canadian,NCAR,No Change,No Change,5565.38,76.08,0,23.35,95.68,10.21,13.73,3.87,59.15,0,-36.07,0,5430.15,3.32,26.13,22.64,5482.24,463.09,-11243.08,9.38999999999999,-23.9300000000003,High
Jul 2088,Canadian,NCAR,No Change,No Change,2469.62,31.5,0,17.21,40.98,24.15,30.41,7.75,26.33,0,-3.72,0,2411.8,1.19,47.68,23.73,2484.4,532.29,-11252.5,69.2,-9.42000000000007,High
Aug 2088,Canadian,NCAR,No Change,No Change,3019.79,41.71,0,13.25,51.35,15.73,23.17,6.11,34.2,0,-8.86,0,2943.88,1.7,36.13,20.39,3002.1,524.09,-11276.28,-8.19999999999993,-23.7800000000007,High
Sep 2088,Canadian,NCAR,No Change,No Change,1511.9,21.58,0,15.2,31.74,25.89,28.96,7.44,18.48,0,-0.31,0,1471.84,0.84,41.18,17.13,1530.98,540.64,-11288.39,16.55,-12.1099999999988,High
Oct 2088,Canadian,NCAR,No Change,No Change,1379.26,18,0,8.35,17.13,4.3,7.11,2.27,15.59,0,-3.91,0,1345.67,0.74,13.17,1.8,1361.37,526.83,-11308.86,-13.8099999999999,-20.4700000000012,High
Nov 2088,Canadian,NCAR,No Change,No Change,397.62,5.72,0,1.24,8.85,0.23,0.7,0.94,4.93,0,-4.43,0,386.97,0.29,4.95,0,392.21,531.33,-11303.82,4.5,5.04000000000087,High
Dec 2088,Canadian,NCAR,No Change,No Change,605.64,11.02,0,2.97,11.38,0.23,0.7,0.94,8.95,0,-3.47,0,585.67,0.37,3.65,0,589.68,534.76,-11303.08,3.42999999999995,0.739999999999782,High
Jan 2089,Canadian,NCAR,No Change,No Change,569.64,9.09,0,2.41,10.5,0.23,0.7,0.94,7.22,0,-3.9,0,553.32,0.31,3.69,0,557.32,542.03,-11297.37,7.26999999999998,5.70999999999913,High
Feb 2089,Canadian,NCAR,No Change,No Change,42.67,1.57,0,0.16,2.23,0.22,0.7,0.94,0.67,0,-0.67,0,40.43,0.07,6.49,0,46.99,548.37,-11293.8,6.34000000000003,3.57000000000153,High
Mar 2089,Canadian,NCAR,No Change,No Change,1821.69,29.97,0,9.82,27.89,0.25,0.74,0.95,21.94,0,-8.95,0,1769.77,1.46,8.17,0.04,1779.43,543.65,-11293.56,-4.72000000000003,0.239999999999782,High
Apr 2089,Canadian,NCAR,No Change,No Change,681.52,12.96,0,9.95,17.14,9.58,16.68,4.32,6.74,0,-5.52,0,661.82,0.96,24.47,2.31,689.56,562.91,-11280.39,19.26,13.1700000000001,High
May 2089,Canadian,NCAR,No Change,No Change,2012.22,28.2,0,11.92,34.79,13.69,26.09,6.69,20.68,0,-6.11,0,1963.33,1.29,38.74,17.56,2020.92,558.36,-11293.83,-4.54999999999995,-13.4400000000005,High
Jun 2089,Canadian,NCAR,No Change,No Change,2213.21,29.64,0,14.23,39.66,22.39,25.53,6.57,21.75,0,-2.88,0,2161.81,1.03,43.08,22.82,2228.73,560.12,-11316.22,1.75999999999999,-22.3899999999994,High
Jul 2089,Canadian,NCAR,No Change,No Change,2756.54,38.48,0,16.73,47.29,20.86,28.34,7.21,28.83,0,-6.25,0,2689.23,1.56,45.7,22.96,2759.44,553.28,-11339.13,-6.84000000000003,-22.9099999999999,High
Aug 2089,Canadian,NCAR,No Change,No Change,3641.27,55.72,0,24.09,50.45,12.83,18.02,4.97,41.18,0,-8.22,0,3544.37,2.22,31.05,19.97,3597.61,555.14,-11360.63,1.86000000000001,-21.5,High
Sep 2089,Canadian,NCAR,No Change,No Change,361.71,10.8,0,15.53,29.97,38.58,37.2,9.31,3.99,0,3.35,0,346.92,0.52,47.04,18.23,412.7,574.76,-11360.69,19.62,-0.0600000000013097,High
Oct 2089,Canadian,NCAR,No Change,No Change,1646.26,19.14,0,9.72,20.51,5.44,9.29,2.81,14.79,0,-6.51,0,1612.33,0.86,16.34,4.14,1633.67,547.01,-11399.46,-27.75,-38.7699999999986,High
Nov 2089,Canadian,NCAR,No Change,No Change,1144.21,14.47,0,3.98,21.76,0.23,0.7,0.94,13.21,0,-11.77,0,1116.53,0.72,4.67,0,1121.93,552.23,-11401.81,5.22000000000003,-2.35000000000036,High
Dec 2089,Canadian,NCAR,No Change,No Change,59.35,1.48,0,0.22,2.21,0.22,0.7,0.94,0.68,0,-0.8,0,57.19,0.07,5.08,0,62.34,568.84,-11400.12,16.61,1.68999999999869,High
Jan 2090,Canadian,NCAR,No Change,No Change,205.86,5.71,0,1.04,6.57,0.23,0.7,0.94,2.9,0,-2.04,0,197.25,0.36,4.69,0,202.31,565.52,-11400.01,-3.32000000000005,0.110000000000582,High
Feb 2090,Canadian,NCAR,No Change,No Change,216.47,5.25,0,2.82,4.26,0.23,0.7,0.94,2.98,0,-1.94,0,208.25,0.33,6.25,0,214.83,566.93,-11398.91,1.40999999999997,1.10000000000036,High
Mar 2090,Canadian,NCAR,No Change,No Change,557.01,12.18,0,6.48,8.97,0.23,0.7,0.94,7.02,0,-3.81,0,537.81,0.76,6.87,0,545.44,564.47,-11397.63,-2.45999999999992,1.28000000000065,High
Apr 2090,Canadian,NCAR,No Change,No Change,1678.89,22.95,0,23.96,16.69,8.48,7.5,2.32,18.88,0,-10.89,0,1637.06,1.67,16.73,1.59,1657.05,566.1,-11394.18,1.63,3.44999999999891,High
May 2090,Canadian,NCAR,No Change,No Change,2793.5,33.99,0,16.89,33.5,9.86,16.4,4.5,28.94,0,-8.1,0,2730.57,1.56,28.26,14.28,2774.66,562.76,-11392.95,-3.34000000000003,1.22999999999956,High
Jun 2090,Canadian,NCAR,No Change,No Change,3135.65,32.67,0,16.79,44.6,17.95,25.24,6.36,30.14,0,-12.46,0,3072.84,1.68,41.43,22.74,3138.69,570.04,-11398.29,7.27999999999997,-5.34000000000015,High
Jul 2090,Canadian,NCAR,No Change,No Change,3175.69,39.27,0,20.67,41.63,17.31,22.75,5.95,33.55,0,-7.25,0,3102.88,1.53,39.17,21.89,3165.46,574.14,-11422.23,4.10000000000002,-23.9399999999987,High
Aug 2090,Canadian,NCAR,No Change,No Change,3021.93,40.2,0,19.31,41.85,16.1,23.53,6.22,35.16,0,-6.49,0,2946.57,1.64,37.46,20.55,3006.22,576.1,-11434.61,1.96000000000004,-12.380000000001,High
Sep 2090,Canadian,NCAR,No Change,No Change,1791.6,26.79,0,15,26.24,16.35,22.97,6.11,22.52,0,1.11,0,1742.28,0.79,35.01,16.46,1794.54,581.69,-11443.81,5.59000000000003,-9.19999999999891,High
Oct 2090,Canadian,NCAR,No Change,No Change,551.45,8.04,0,11.38,15.45,19.55,21.65,5.8,6.79,0,0.32,0,536.62,0.43,28.06,5.1,570.22,573.43,-11453.49,-8.2600000000001,-9.68000000000029,High
Nov 2090,Canadian,NCAR,No Change,No Change,633.12,7.05,0,2.22,10.71,0.42,1.01,1.01,6.46,0,-5.82,0,619.61,0.36,5.95,0.02,625.94,557.11,-11467.32,-16.3199999999999,-13.8299999999999,High
Dec 2090,Canadian,NCAR,No Change,No Change,240.09,3.7,0,1,4.79,0.23,0.7,0.94,2.8,0,-2.01,0,233.59,0.15,4.51,0,238.25,561.46,-11466.71,4.35000000000002,0.610000000000582,High
Jan 2091,Canadian,NCAR,No Change,No Change,703.25,9.12,0,2.01,14.22,0.23,0.7,0.94,8.46,0,-7.33,0,685.66,0.45,4.71,0,690.82,561.27,-11465.68,-0.190000000000055,1.02999999999884,High
Feb 2091,Canadian,NCAR,No Change,No Change,471.8,7.24,0,4.36,4.37,0.23,0.7,0.94,5.81,0,-1.55,0,458.75,0.29,4.39,0,463.44,570.32,-11464.3,9.05000000000007,1.38000000000102,High
Mar 2091,Canadian,NCAR,No Change,No Change,769.67,11.88,0,5.5,9.09,0.39,0.89,0.98,9.2,0,-2.88,0,748.59,0.55,8.33,0.03,757.51,569.82,-11459.81,-0.5,4.48999999999978,High
Apr 2091,Canadian,NCAR,No Change,No Change,745.94,10.22,0,10.66,17.2,11.9,20.94,5.38,6.93,0,-6.67,0,728.78,0.93,28.89,4.23,762.84,570.11,-11453.43,0.289999999999964,6.3799999999992,High
May 2091,Canadian,NCAR,No Change,No Change,1735,20.45,0,12.1,35.74,26.07,23.63,6.05,14.79,0,-2.02,0,1699.77,0.7,39.41,20.84,1760.71,562.07,-11472.95,-8.03999999999996,-19.5200000000004,High
Jun 2091,Canadian,NCAR,No Change,No Change,2726.41,35.12,0,15.83,42.11,20.84,23.81,6.12,25.42,0,-3.12,0,2665.87,1.15,41.91,23.96,2732.88,549.92,-11498.61,-12.1500000000001,-25.6599999999999,High
Jul 2091,Canadian,NCAR,No Change,No Change,2208.37,30.13,0,17.64,40.63,27.78,32.98,8.33,25.03,0,-1.47,0,2153.22,1.11,49.27,23.67,2227.27,546.98,-11517.96,-2.93999999999994,-19.3499999999985,High
Aug 2091,Canadian,NCAR,No Change,No Change,4788.62,66.46,0,22.35,71.7,9.02,13.7,3.95,54.44,0,-21.36,0,4667.72,2.78,24.84,19.67,4715.01,535.21,-11542.72,-11.77,-24.7600000000002,High
Sep 2091,Canadian,NCAR,No Change,No Change,143.03,5.86,0,16.26,27.32,41,39.77,9.83,1.32,0,2.81,0,135.85,0.47,47.68,18.19,202.19,582.8,-11539.05,47.5899999999999,3.67000000000007,High
Oct 2091,Canadian,NCAR,No Change,No Change,747.07,13.69,0,10.5,14.8,13.08,17.92,4.93,9.53,0,0.93,0,723.85,0.54,24.76,4.93,754.08,551.39,-11583.05,-31.41,-44,High
Nov 2091,Canadian,NCAR,No Change,No Change,168.62,7.06,0,0.49,11.45,0.45,1.69,1.15,2.05,0,-4.87,0,159.52,0.44,6.51,0.04,166.51,541.33,-11590.52,-10.0599999999999,-7.47000000000116,High
Dec 2091,Canadian,NCAR,No Change,No Change,774.96,13.62,0,3.73,15.4,0.23,0.7,0.94,10.51,0,-5.78,0,750.83,0.5,4.64,0,755.98,546.36,-11593.93,5.02999999999997,-3.40999999999985,High
Jan 2092,Canadian,NCAR,No Change,No Change,739.13,10.91,0,2.36,15.69,0.23,0.7,0.94,9.29,0,-7.39,0,718.93,0.49,4.47,0,723.89,556.65,-11588.96,10.29,4.97000000000116,High
Feb 2092,Canadian,NCAR,No Change,No Change,242.51,4.06,0,0.86,6.15,0.23,0.7,0.94,3.18,0,-2.93,0,235.27,0.2,6.45,0,241.92,567.4,-11586.82,10.75,2.13999999999942,High
Mar 2092,Canadian,NCAR,No Change,No Change,209.5,5.27,0,3.03,5.73,2.34,6.72,2.13,2.76,0,-1.52,0,201.47,0.36,15.18,0.58,217.59,566.63,-11586.33,-0.769999999999982,0.489999999999782,High
Apr 2092,Canadian,NCAR,No Change,No Change,623.72,12.09,0,10.46,14.77,10.9,26.83,7.21,6.85,0,-3.03,0,604.78,0.78,33.85,8.75,648.16,559.43,-11590.25,-7.20000000000005,-3.92000000000007,High
May 2092,Canadian,NCAR,No Change,No Change,1882.44,24.35,0,12.16,36.33,22.77,24.62,6.36,18.31,0,-2.23,0,1839.77,0.86,39.77,20.3,1900.69,549.08,-11614.8,-10.3499999999999,-24.5499999999993,High
Jun 2092,Canadian,NCAR,No Change,No Change,940.08,20.07,0,14.5,41.16,38.44,38.58,9.66,9.41,0,2.08,0,910.6,0.77,51.64,24.51,987.52,541.13,-11637.27,-7.95000000000005,-22.4700000000012,High
Jul 2092,Canadian,NCAR,No Change,No Change,1905.15,25.62,0,17.38,41.48,32.67,34.01,8.57,19.55,0,-1.53,0,1859.98,0.97,50.3,24.33,1935.58,521.14,-11679.22,-19.99,-41.9499999999989,High
Aug 2092,Canadian,NCAR,No Change,No Change,2777.4,41.37,0,13.51,51.73,17.39,26.09,6.8,31.33,0,-8.2,0,2704.7,1.72,39.57,21.37,2767.37,505.08,-11710.97,-16.06,-31.75,High
Sep 2092,Canadian,NCAR,No Change,No Change,488.87,9.35,0,15.51,30.59,38.52,36.39,9.14,5.14,0,1.23,0,474.38,0.54,45.79,17.81,538.52,519.14,-11728.51,14.06,-17.5400000000009,High
Oct 2092,Canadian,NCAR,No Change,No Change,98.63,6.85,0,12.04,18.4,25.74,27.61,7.19,1.25,0,1.68,0,90.53,0.47,32.91,6.39,130.3,492.67,-11767.2,-26.47,-38.6900000000005,High
Nov 2092,Canadian,NCAR,No Change,No Change,522.77,8.9,0,1.85,13.61,0.35,0.92,0.99,5.86,0,-6.68,0,508.01,0.47,5.08,0.01,513.57,472.85,-11791.08,-19.82,-23.8799999999992,High
Dec 2092,Canadian,NCAR,No Change,No Change,261.68,6.03,0,0.91,8.87,0.23,0.7,0.94,3.56,0,-3.82,0,252.1,0.3,3.76,0,256.16,480.96,-11791.84,8.10999999999996,-0.760000000000218,High
Jan 2093,Canadian,NCAR,No Change,No Change,205.15,5.46,0,0.6,8.62,0.23,0.7,0.94,2.6,0,-3.83,0,197.08,0.29,4.55,0,201.92,485.59,-11791.87,4.63,-0.0300000000006548,High
Feb 2093,Canadian,NCAR,No Change,No Change,238.64,5.56,0,0.87,8.37,0.23,0.7,0.94,3.06,0,-3.73,0,230.02,0.29,5.14,0,235.45,489.2,-11792.85,3.61000000000001,-0.979999999999563,High
Mar 2093,Canadian,NCAR,No Change,No Change,408.71,7.75,0,1.55,10.49,1.09,2.56,1.29,4.81,0,-3.62,0,396.14,0.42,9.82,0.15,406.54,491.95,-11793.28,2.75,-0.430000000000291,High
Apr 2093,Canadian,NCAR,No Change,No Change,499.8,8.13,0,10.17,14.33,11.57,19.05,4.79,5.12,0,-5.66,0,486.55,0.86,25.27,2.39,515.07,492.79,-11793.5,0.840000000000032,-0.219999999999345,High
May 2093,Canadian,NCAR,No Change,No Change,789.11,12.45,0,12.14,33.95,34.91,33.63,8.45,6.75,0,0.68,0,769.91,0.6,42.72,17.53,830.76,484.54,-11810.68,-8.25,-17.1800000000003,High
Jun 2093,Canadian,NCAR,No Change,No Change,2524.84,33.4,0,14.88,39.55,19.13,25.8,6.73,27.33,0,-3.03,0,2464.1,1.12,41.21,23.63,2530.07,466.03,-11845.96,-18.51,-35.2799999999988,High
Jul 2093,Canadian,NCAR,No Change,No Change,4989.51,64.2,0,24.32,69.15,11.27,15.59,4.35,55.16,0,-20.38,0,4870.15,2.38,27.97,21.91,4922.4,464.31,-11864.36,-1.71999999999997,-18.4000000000015,High
Aug 2093,Canadian,NCAR,No Change,No Change,3349.1,46.8,0,13.32,58.51,14.09,22.12,5.85,37.49,0,-12.98,0,3264.82,2.05,33.77,19.97,3320.6,505.47,-11862.73,41.16,1.63000000000102,High
Sep 2093,Canadian,NCAR,No Change,No Change,864.49,12.46,0,14.96,28.75,33.43,31.71,8.07,9.86,0,1.67,0,842.18,0.51,41.65,17.23,901.57,532.39,-11874.47,26.92,-11.7399999999998,High
Oct 2093,Canadian,NCAR,No Change,No Change,1019.62,13.71,0,10.22,13.17,7.52,15.65,4.28,12.04,0,-2.87,0,993.87,0.7,21.24,3.23,1019.04,509.7,-11903.81,-22.69,-29.3400000000001,High
Nov 2093,Canadian,NCAR,No Change,No Change,728.48,13.49,0,2.94,17.73,0.23,0.7,0.94,9.08,0,-7.54,0,705.91,0.59,5.38,0,711.89,505.49,-11909.23,-4.20999999999998,-5.42000000000007,High
Dec 2093,Canadian,NCAR,No Change,No Change,183.16,4.04,0,0.67,5.74,0.23,0.7,0.94,2.34,0,-2.33,0,176.78,0.19,4.02,0,181,517.37,-11907.46,11.88,1.77000000000044,High
Jan 2094,Canadian,NCAR,No Change,No Change,827.47,13.94,0,3.03,19.09,0.23,0.7,0.94,10.21,0,-8.56,0,803.32,0.61,3.69,0,807.62,518.62,-11907.21,1.25,0.25,High
Feb 2094,Canadian,NCAR,No Change,No Change,114.92,3.64,0,0.36,5.83,0.22,0.7,0.94,1.53,0,-2.54,0,109.74,0.2,6.02,0,115.97,533.54,-11905.32,14.92,1.88999999999942,High
Mar 2094,Canadian,NCAR,No Change,No Change,398.48,11.22,0,1,18.28,0.69,1.76,1.15,4.81,0,-8.05,0,382.45,0.68,9.07,0.08,392.27,532.89,-11906.08,-0.649999999999977,-0.760000000000218,High
Apr 2094,Canadian,NCAR,No Change,No Change,1577.51,30.72,0,12.82,34.26,7.65,13.16,3.54,17.07,0,-10.55,0,1529.72,1.85,22.1,2.09,1555.76,542.02,-11910,9.13,-3.92000000000007,High
May 2094,Canadian,NCAR,No Change,No Change,1014.03,24.66,0,11.06,38.99,24,33.87,8.58,11.24,0,-2.59,0,978.13,1.19,48.44,19.42,1047.19,556.15,-11915.19,14.13,-5.19000000000051,High
Jun 2094,Canadian,NCAR,No Change,No Change,1216.02,15.91,0,14.53,37.69,36.18,34.28,8.57,10.35,0,-0.8,0,1189.76,0.67,47.99,23.65,1262.06,547.99,-11951.25,-8.15999999999997,-36.0599999999995,High
Jul 2094,Canadian,NCAR,No Change,No Change,4669.77,64.89,0,24.64,68.9,12.04,16.63,4.56,50.37,0,-19.55,0,4554.5,2.93,30.28,21.71,4609.42,527.23,-11991.07,-20.76,-39.8199999999997,High
Aug 2094,Canadian,NCAR,No Change,No Change,3408.37,42.09,0,23.84,41.36,15.02,21.73,5.72,37.74,0,-10.05,0,3328.55,1.96,35.08,20.23,3385.82,565.89,-11994.02,38.66,-2.95000000000073,High
Sep 2094,Canadian,NCAR,No Change,No Change,1998.87,21.57,0,14.91,29.5,19.85,20.43,5.31,19.35,0,-3.82,0,1957.94,0.83,34.51,16.27,2009.56,573.16,-12002.58,7.26999999999998,-8.55999999999949,High
Oct 2094,Canadian,NCAR,No Change,No Change,366.48,7.16,0,11.34,16.33,23.46,20.64,5.54,4.74,0,2.65,0,354.57,0.3,27.32,4.9,387.09,563.42,-12018.44,-9.74000000000001,-15.8600000000006,High
Nov 2094,Canadian,NCAR,No Change,No Change,304.93,9.91,0,0.66,16.6,0.55,1.64,1.14,4.19,0,-7.4,0,290.82,0.61,6.51,0.04,297.99,544.08,-12031.05,-19.3399999999999,-12.6099999999988,High
Dec 2094,Canadian,NCAR,No Change,No Change,218.66,4.78,0,0.54,8.06,0.23,0.7,0.94,3.04,0,-3.86,0,210.85,0.27,5.18,0,216.29,554.12,-12034.81,10.04,-3.76000000000022,High
Jan 2095,Canadian,NCAR,No Change,No Change,675.14,10.37,0,2.87,12,0.23,0.7,0.94,8.13,0,-4.65,0,656.64,0.38,4.71,0,661.74,556.53,-12035.39,2.40999999999997,-0.579999999999927,High
Feb 2095,Canadian,NCAR,No Change,No Change,809.35,12.09,0,10.31,5.97,0.23,0.7,0.94,9.41,0,-4.68,0,787.85,0.72,6.46,0,795.03,563.35,-12031.67,6.82000000000005,3.71999999999935,High
Mar 2095,Canadian,NCAR,No Change,No Change,1745.97,25.81,0,17.62,16.75,0.25,0.75,0.96,15.96,0,-9.89,0,1704.2,1.59,8.36,0.05,1714.2,562.39,-12026.7,-0.960000000000036,4.96999999999935,High
Apr 2095,Canadian,NCAR,No Change,No Change,1897.54,40.37,0,34.84,24.67,7.86,13.6,3.64,20.43,0,-14.12,0,1836.74,2.84,23.12,2.41,1865.11,570.32,-12020.48,7.93000000000006,6.22000000000116,High
May 2095,Canadian,NCAR,No Change,No Change,3025.29,62.63,0,39.37,42.68,7.01,12.23,3.6,30.48,0,-16.17,0,2932.17,3.75,23.56,13.14,2972.62,573.96,-12026.53,3.63999999999999,-6.05000000000109,High
Jun 2095,Canadian,NCAR,No Change,No Change,2954.13,48.26,0,32.62,43.2,18.83,21.89,5.68,28.1,0,-11.15,0,2877.77,2.42,40.58,23.16,2943.93,594.7,-12033.98,20.74,-7.44999999999891,High
Jul 2095,Canadian,NCAR,No Change,No Change,4118.06,51.78,0,38.82,35.39,14.26,18.46,4.97,42.67,0,-10.36,0,4023.61,2.19,34.62,22.32,4082.74,594.7,-12056.4,0,-22.4200000000001,High
Aug 2095,Canadian,NCAR,No Change,No Change,1609.6,22.88,0,16.16,36.61,31.28,32.52,8.29,17.55,0,0.59,0,1569.17,0.79,46.62,21.18,1637.75,594.7,-12059.9,0,-3.5,High
Sep 2095,Canadian,NCAR,No Change,No Change,1101.17,15.66,0,14.73,31.41,31.75,29.43,7.53,11.62,0,0.68,0,1073.89,0.6,41.86,17.36,1133.71,577.64,-12087.17,-17.0600000000001,-27.2700000000004,High
Oct 2095,Canadian,NCAR,No Change,No Change,303.41,6.15,0,11.63,15.1,22.48,22.21,5.87,3.98,0,1.51,0,293.28,0.39,27.85,4.13,325.65,557.34,-12114.13,-20.3,-26.9599999999991,High
Nov 2095,Canadian,NCAR,No Change,No Change,769.39,11.42,0,3,14.95,0.23,0.7,0.95,9.8,0,-6.78,0,748.17,0.48,5.26,0,753.91,538.46,-12129.12,-18.88,-14.9900000000016,High
Dec 2095,Canadian,NCAR,No Change,No Change,126.7,1.98,0,0.35,3.34,0.22,0.7,0.95,1.35,0,-1.6,0,123.37,0.11,4.91,0,128.39,547.69,-12125.86,9.23000000000002,3.26000000000022,High
Jan 2096,Canadian,NCAR,No Change,No Change,522.34,8.48,0,1.87,11.51,0.23,0.7,0.94,6.52,0,-5.03,0,507.34,0.36,3.95,0,511.65,545.65,-12125.87,-2.04000000000008,-0.0100000000002183,High
Feb 2096,Canadian,NCAR,No Change,No Change,1305.82,18.27,0,5.91,24.47,0.23,0.7,0.94,15.05,0,-12.71,0,1272.51,0.83,4.79,0,1278.12,552.74,-12124.14,7.09000000000003,1.73000000000138,High
Mar 2096,Canadian,NCAR,No Change,No Change,1477.82,20.39,0,8.05,19.73,0.23,0.71,0.95,14.67,0,-8.14,0,1442.75,0.98,8.37,0.04,1452.14,571.96,-12121.56,19.22,2.57999999999993,High
Apr 2096,Canadian,NCAR,No Change,No Change,1364.95,20.81,0,17.54,21.45,10.98,14.89,3.94,14.81,0,-8.7,0,1329.33,1.49,24.5,2.34,1357.67,582.85,-12114.83,10.89,6.72999999999956,High
May 2096,Canadian,NCAR,No Change,No Change,3297.51,38.94,0,22.68,35.89,8.32,15.07,4.16,33.67,0,-13.46,0,3224.9,2.15,26.35,13.55,3266.94,579.77,-12122.01,-3.08000000000004,-7.18000000000029,High
Jun 2096,Canadian,NCAR,No Change,No Change,2123.9,28.26,0,15.71,42.07,27.7,27.42,6.96,19.41,0,-2.84,0,2076.24,1.02,46.18,23.84,2147.27,591.9,-12126.26,12.13,-4.25,High
Jul 2096,Canadian,NCAR,No Change,No Change,2417.75,40.36,0,15.43,49.02,21.61,28.27,7.28,26.74,0,-4,0,2350.65,1.52,46.52,22.76,2421.46,580.55,-12153.99,-11.35,-27.7299999999996,High
Aug 2096,Canadian,NCAR,No Change,No Change,3232.48,43.52,0,22.56,47.13,15.45,22.62,5.93,35.27,0,-12.85,0,3153.69,2.13,36.09,20.04,3211.96,582.43,-12175,1.88,-21.0100000000002,High
Sep 2096,Canadian,NCAR,No Change,No Change,1798.54,23.7,0,13.75,28.54,16.99,22.2,5.87,20.76,0,-2.47,0,1754.09,0.87,35.11,15.66,1805.73,594.7,-12189.31,12.2700000000001,-14.3099999999995,High
Oct 2096,Canadian,NCAR,No Change,No Change,616.08,8.69,0,10.92,12.81,16.01,18.09,4.9,7.23,0,0.55,0,600.16,0.42,24.25,3.48,628.31,587.48,-12203.02,-7.22000000000003,-13.7100000000009,High
Nov 2096,Canadian,NCAR,No Change,No Change,2233.46,28.86,0,11.8,25.44,0.23,0.7,0.95,25.05,0,-9.37,0,2179.55,1.22,5.33,0,2186.1,573.22,-12211.9,-14.26,-8.8799999999992,High
Dec 2096,Canadian,NCAR,No Change,No Change,462.51,6.99,0,4.5,4.04,0.23,0.7,0.95,6.18,0,-1.67,0,449.35,0.35,4.01,0,453.71,592.86,-12195.99,19.64,15.9099999999999,High
Jan 2097,Canadian,NCAR,No Change,No Change,1152.46,16.44,0,11.79,7.6,0.23,0.7,0.95,13.82,0,-3.44,0,1122.2,0.72,4.85,0,1127.77,592.42,-12191.24,-0.440000000000055,4.75,High
Feb 2097,Canadian,NCAR,No Change,No Change,572.06,8.26,0,6.99,4.83,0.23,0.7,0.95,6.95,0,-3.88,0,556.85,0.54,5.97,0,563.36,594.7,-12180.62,2.28000000000009,10.619999999999,High
Mar 2097,Canadian,NCAR,No Change,No Change,463.9,7.69,0,2.17,8.78,1.58,3.42,1.46,5.93,0,-2.05,0,450.28,0.36,12.26,0.24,463.15,593.09,-12177.31,-1.61000000000001,3.31000000000131,High
Apr 2097,Canadian,NCAR,No Change,No Change,1579.01,21.46,0,21.98,20.23,11.94,17.22,4.84,18.66,0,-10.41,0,1538.89,1.59,24.41,6.5,1571.39,590,-12175.63,-3.09000000000003,1.68000000000029,High
May 2097,Canadian,NCAR,No Change,No Change,1204.15,15.43,0,11.48,28.04,22.16,28.63,7.42,12.25,0,-2.72,0,1176.47,0.78,38.91,13.48,1229.64,586.26,-12186.25,-3.74000000000001,-10.6200000000008,High
Jun 2097,Canadian,NCAR,No Change,No Change,1888.61,22.38,0,16.63,37.9,30.78,29.79,7.56,18.65,0,-2.23,0,1847.59,0.86,46.28,22.55,1917.28,574.45,-12211.41,-11.8099999999999,-25.1599999999999,High
Jul 2097,Canadian,NCAR,No Change,No Change,2514.57,34.17,0,17.44,39.9,21.22,28.83,7.41,27.04,0,-3.18,0,2453.36,1.22,45.51,22.54,2522.64,557.52,-12239.78,-16.9300000000001,-28.3700000000008,High
Aug 2097,Canadian,NCAR,No Change,No Change,1635.61,22.86,0,17,42.51,33.42,36.2,9.04,18,0,-4.39,0,1594.75,1.16,50.12,21.04,1667.07,552.11,-12259.88,-5.40999999999997,-20.0999999999985,High
Sep 2097,Canadian,NCAR,No Change,No Change,177.53,5.88,0,15.35,26.08,38.48,37.19,9.21,1.67,0,2.48,0,169.99,0.45,44.12,16.71,231.26,538.24,-12294.47,-13.87,-34.5900000000001,High
Oct 2097,Canadian,NCAR,No Change,No Change,1024.21,10.73,0,10.25,11.34,9.05,12.09,3.41,8.96,0,-2.31,0,1004.51,0.49,18.43,3.13,1026.57,509.7,-12335.01,-28.54,-40.5400000000009,High
Nov 2097,Canadian,NCAR,No Change,No Change,534.81,7.52,0,1.99,10.57,0.23,0.7,0.95,6.05,0,-5.16,0,521.23,0.35,4.8,0,526.38,502.24,-12340.16,-7.45999999999998,-5.14999999999964,High
Dec 2097,Canadian,NCAR,No Change,No Change,246.16,4.51,0,0.99,6.39,0.23,0.7,0.95,2.87,0,-2.85,0,238.79,0.21,3.4,0,242.4,507.55,-12339.02,5.31,1.13999999999942,High
Jan 2098,Canadian,NCAR,No Change,No Change,100.57,3.73,0,0.35,5.73,0.22,0.7,0.94,1.32,0,-2.33,0,95.52,0.2,3.9,0,99.61,510.06,-12338.77,2.50999999999999,0.25,High
Feb 2098,Canadian,NCAR,No Change,No Change,157.18,6.01,0,0.46,9.57,0.22,0.7,0.94,2.14,0,-4.15,0,149.03,0.33,6.02,0,155.39,511.43,-12339.53,1.37,-0.760000000000218,High
Mar 2098,Canadian,NCAR,No Change,No Change,315.28,12.26,0,1.05,19.21,0.79,2.81,1.35,4.06,0,-7.98,0,298.96,0.78,10.05,0.15,309.94,514.53,-12341.3,3.09999999999997,-1.76999999999862,High
Apr 2098,Canadian,NCAR,No Change,No Change,206.07,14.36,0,10.8,14.63,8.45,24.96,6.26,2.19,0,-3.74,0,189.52,1.11,31.27,4.29,226.19,524.36,-12346.84,9.83000000000004,-5.54000000000087,High
May 2098,Canadian,NCAR,No Change,No Change,1535.35,29.66,0,10.58,43.72,16.32,29.86,7.53,15.83,0,-10.02,0,1489.86,1.7,42.56,19.48,1553.61,517.97,-12371.37,-6.38999999999999,-24.5300000000007,High
Jun 2098,Canadian,NCAR,No Change,No Change,3235.69,43.69,0,13.55,58.17,16.17,20.87,5.42,30.88,0,-13.88,0,3161.12,2.02,36.42,22.35,3221.9,525.14,-12407.38,7.16999999999996,-36.0099999999984,High
Jul 2098,Canadian,NCAR,No Change,No Change,3982.54,47.43,0,17.29,58.11,15.14,20.55,5.4,41.92,0,-14.84,0,3893.18,2.02,35.53,22.11,3952.83,546.18,-12428.18,21.04,-20.8000000000011,High
Aug 2098,Canadian,NCAR,No Change,No Change,1442.95,19.83,0,14.55,38.49,32.93,35.97,9.05,16.65,0,-1.11,0,1406.47,0.83,48.08,21.28,1476.66,568.77,-12438.36,22.59,-10.1800000000003,High
Sep 2098,Canadian,NCAR,No Change,No Change,2132.38,27.22,0,15.33,27.95,15.1,20.18,5.38,23.19,0,-1.84,0,2081.97,0.88,33.04,16.3,2132.19,553.16,-12471.01,-15.61,-32.6499999999996,High
Oct 2098,Canadian,NCAR,No Change,No Change,961.99,11.82,0,9.7,11.03,7.35,12.75,3.54,10.34,0,-2.14,0,939.82,0.58,19.02,2.37,961.8,547.77,-12480.76,-5.38999999999999,-9.75,High
Nov 2098,Canadian,NCAR,No Change,No Change,589.86,10.79,0,2.65,12.41,0.23,0.7,0.94,7.2,0,-4.45,0,571.87,0.41,6.09,0,578.37,541.64,-12484.14,-6.13,-3.3799999999992,High
Dec 2098,Canadian,NCAR,No Change,No Change,59.79,3.4,0,0.11,5.76,0.21,0.7,0.94,0.88,0,-2.47,0,55.52,0.2,4.64,0,60.36,547.49,-12481.15,5.85000000000002,2.98999999999978,High
Jan 2099,Canadian,NCAR,No Change,No Change,556.46,10.89,0,1.65,16.87,0.23,0.7,0.94,7.04,0,-7.96,0,538.52,0.55,5.58,0,544.65,548.16,-12482.5,0.669999999999959,-1.35000000000036,High
Feb 2099,Canadian,NCAR,No Change,No Change,1140.51,16.88,0,6.3,18.86,0.23,0.7,0.94,13.77,0,-8.92,0,1109.87,0.87,6.34,0,1117.07,558.99,-12483.18,10.83,-0.680000000000291,High
Mar 2099,Canadian,NCAR,No Change,No Change,96.88,11.39,0,3.75,11.94,1.91,2.94,1.36,1.15,0,-3.23,0,84.34,0.84,11.67,0.17,97.02,571.05,-12478.09,12.0599999999999,5.09000000000015,High
Apr 2099,Canadian,NCAR,No Change,No Change,1630.78,40.12,0,34.28,23.32,7.37,12.5,3.39,17.27,0,-12.92,0,1573.39,2.81,21.28,1.65,1599.14,570.98,-12481.91,-0.0699999999999363,-3.81999999999971,High
May 2099,Canadian,NCAR,No Change,No Change,1811.12,34.14,0,15.43,41.13,14.05,23.96,6.27,18.27,0,-10.54,0,1758.71,2.16,36.39,13.75,1811.01,574.76,-12488.32,3.77999999999997,-6.40999999999985,High
Jun 2099,Canadian,NCAR,No Change,No Change,3372.03,50.73,0,29.08,45.46,15.14,19.08,5.1,34.83,0,-11.13,0,3286.47,2.46,35.24,21.88,3346.05,583.13,-12512.03,8.37,-23.7100000000009,High
Jul 2099,Canadian,NCAR,No Change,No Change,3360.46,38.88,0,22.27,43.51,18.61,25.52,6.52,35.13,0,-10.06,0,3286.45,1.77,42.39,22.73,3353.35,592.19,-12524.18,9.06000000000006,-12.1499999999996,High
Aug 2099,Canadian,NCAR,No Change,No Change,3339.26,44.84,0,28.9,35.34,14.91,22.09,5.86,39.11,0,-6.33,0,3255.31,1.84,35.66,20.26,3313.07,593.71,-12540.85,1.51999999999998,-16.6700000000001,High
Sep 2099,Canadian,NCAR,No Change,No Change,327.14,6.39,0,15.64,24.35,37.68,36.75,9.2,4.13,0,3.72,0,316.62,0.35,43.99,17.39,378.35,594.7,-12544.55,0.990000000000009,-3.69999999999891,High
Oct 2099,Canadian,NCAR,No Change,No Change,2738.42,38.53,0,15.58,36.99,2.13,3.41,1.48,33.97,0,-13.33,0,2665.91,1.43,10.11,2.82,2680.28,564.94,-12581.64,-29.76,-37.0900000000001,High
Nov 2099,Canadian,NCAR,No Change,No Change,1721.54,24.89,0,20.6,8.31,0.23,0.7,0.95,22.21,0,-4.99,0,1674.44,1.2,4.8,0,1680.44,591.61,-12565.75,26.67,15.8899999999994,High
Dec 2099,Canadian,NCAR,No Change,No Change,90.97,1.29,0,0.39,2.14,0.36,0.7,0.95,1.19,0,-0.94,0,88.49,0.06,4.32,0,92.87,594.65,-12548.29,3.03999999999996,17.4599999999991,High
