date,Precipitation,Runoff,SW_In,SW_Out,SW_Diversions,SW_Returns,GW_Diversions,GW_Returns,Recharge,GW_In,SW_to_GW,GW_Out,ET_Land_Surface,ET_SW,ET_Human_Use,ET_GW,ET_Total,Cumulative_Storage_Change_Human_Use,Cumulative_Storage_Change_GW,Monthly_Storage_Change_Human_Use,Monthly_Storage_Change_GW
Jan 2016,168.9,0.42,0,0,0.01,0.74,3.26,0.05,0.31,0,1.14,0,168.17,0.01,2.47,0.0,170.66,0,-13763.91,0,0.0
Feb 2016,281.88,0.98,0,0,0.01,0.74,11.02,2.28,0.7,0,1.67,0,280.2,0.04,8.0,0.0,288.25,0,-13765.66,0,-1.75
Mar 2016,63.85,0.69,0,0,0.01,0.74,19.51,4.7,0.43,0,1.28,0,62.74,0.13,14.07,0.01,76.95,0,-13772.03,0,-6.3700000000007995
Apr 2016,8.17,0.16,0,0,0.01,0.74,98.54,26.37,0.13,0,0.81,0,7.87,0.09,71.44,0.15,79.55,0,-13785.13,0,-13.0999999999985
May 2016,1461.22,3.85,0,0,0.01,0.74,31.35,7.8,2.71,0,4.42,0,1454.66,0.16,22.81,0.18,1477.81,0,-13856.52,0,-71.39000000000121
Jun 2016,225.93,0.51,0,0,0.0,0.74,126.28,34.03,0.47,0,1.09,0,224.95,0.16,91.51,0.22,316.84,0,-13873.11,0,-16.5900000000001
Jul 2016,409.1,2.63,0,0,0.01,0.74,112.21,30.17,1.74,0,3.25,0,404.73,0.11,81.31,0.22,486.37,0,-13964.02,0,-90.90999999999991
Aug 2016,409.58,1.85,0,0,0.0,0.74,99.24,26.57,1.23,0,2.49,0,406.5,0.09,71.94,0.19,478.72,0,-14041.29,0,-77.27000000000041
Sep 2016,575.69,1.58,0,0,0.0,0.74,75.98,20.13,1.12,0,2.23,0,572.99,0.08,55.12,0.16,628.35,0,-14110.43,0,-69.1399999999994
Oct 2016,926.87,2.46,0,0,0.01,0.74,12.33,2.59,1.66,0,3.14,0,922.75,0.05,9.01,0.08,931.89,0,-14163.08,0,-52.6499999999996
Nov 2016,128.27,0.6,0,0,0.01,0.74,3.16,0.02,0.4,0,1.32,0,127.27,0.01,2.41,0.0,129.69,0,-14168.1,0,-5.02000000000044
Dec 2016,178.38,0.41,0,0,0.01,0.74,3.16,0.02,0.3,0,1.13,0,177.67,0.01,2.41,0.0,180.08,0,-14169.51,0,-1.40999999999985
Jan 2017,184.81,0.3,0,0,0.01,0.74,3.16,0.02,0.25,0,1.02,0,184.26,0.01,2.41,0.0,186.68,0,-14171.22,0,-1.7099999999991298
Feb 2017,177.99,0.77,0,0,0.01,0.74,3.21,0.04,0.52,0,1.47,0,176.7,0.02,2.44,0.0,179.17,0,-14173.09,0,-1.8700000000008001
Mar 2017,316.73,1.38,0,0,0.01,0.74,15.27,3.5,0.8,0,2.02,0,314.55,0.09,11.04,0.0,325.68,0,-14174.27,0,-1.18000000000029
Apr 2017,468.38,2.79,0,0,0.01,0.74,53.37,13.9,1.66,0,3.44,0,463.92,0.08,38.75,0.14,502.89,0,-14183.22,0,-8.94999999999891
May 2017,1120.53,3.66,0,0,0.01,0.74,44.38,11.4,2.46,0,4.19,0,1114.41,0.2,32.25,0.19,1147.04,0,-14217.73,0,-34.5100000000002
Jun 2017,335.05,1.33,0,0,0.0,0.74,117.85,31.71,0.92,0,1.93,0,332.8,0.13,85.41,0.23,418.57,0,-14244.25,0,-26.5200000000004
Jul 2017,400.24,1.69,0,0,0.0,0.74,117.17,31.52,1.15,0,2.33,0,397.4,0.09,84.92,0.22,482.63,0,-14327.76,0,-83.5100000000002
Aug 2017,453.34,2.46,0,0,0.01,0.74,97.47,26.09,1.56,0,3.1,0,449.31,0.09,70.65,0.2,520.25,0,-14410.16,0,-82.3999999999996
Sep 2017,644.66,2.33,0,0,0.01,0.74,68.23,18.0,1.66,0,2.97,0,640.68,0.08,49.5,0.16,690.42,0,-14477.07,0,-66.9099999999999
Oct 2017,187.88,0.75,0,0,0.01,0.74,70.83,18.73,0.54,0,1.44,0,186.58,0.04,51.36,0.1,238.09,0,-14522.83,0,-45.7600000000002
Nov 2017,160.37,0.46,0,0,0.01,0.74,5.53,0.71,0.33,0,1.18,0,159.58,0.01,4.09,0.0,163.68,0,-14573.04,0,-50.210000000000896
Dec 2017,110.4,0.32,0,0,0.01,0.74,3.16,0.02,0.23,0,1.04,0,109.85,0.01,2.41,0.0,112.26,0,-14576.36,0,-3.31999999999971
Jan 2018,42.1,0.24,0,0,0.01,0.74,3.16,0.02,0.17,0,0.96,0,41.68,0.01,2.41,0.0,44.1,0,-14578.22,0,-1.85999999999876
Feb 2018,91.13,0.32,0,0,0.01,0.74,3.17,0.03,0.23,0,1.04,0,90.58,0.02,2.42,0.0,93.01,0,-14580.22,0,-2.0
Mar 2018,67.91,0.42,0,0,0.01,0.74,18.61,4.45,0.26,0,1.09,0,67.23,0.07,13.42,0.0,80.72,0,-14582.1,0,-1.8800000000010202
Apr 2018,157.12,1.29,0,0,0.01,0.74,90.13,24.05,0.81,0,1.94,0,155.01,0.08,65.35,0.16,220.61,0,-14594.91,0,-12.8099999999995
May 2018,117.35,0.48,0,0,0.0,0.74,123.46,33.24,0.32,0,1.11,0,116.56,0.1,89.48,0.21,206.35,0,-14658.4,0,-63.4899999999998
Jun 2018,614.67,1.63,0,0,0.0,0.74,102.76,27.53,1.17,0,2.27,0,611.87,0.09,74.5,0.23,686.7,0,-14747.4,0,-89.0
Jul 2018,447.99,2.4,0,0,0.0,0.74,110.41,29.66,1.54,0,3.04,0,444.05,0.09,80.02,0.22,524.38,0,-14819.43,0,-72.03000000000071
Aug 2018,747.48,2.82,0,0,0.01,0.74,82.05,21.83,1.91,0,3.45,0,742.75,0.1,59.49,0.2,802.53,0,-14895.82,0,-76.3899999999994
Sep 2018,305.41,1.09,0,0,0.0,0.74,90.49,24.14,0.8,0,1.75,0,303.52,0.07,65.62,0.15,369.36,0,-14950.87,0,-55.050000000001106
Oct 2018,1014.13,2.4,0,0,0.01,0.74,24.41,5.88,1.68,0,3.09,0,1010.05,0.05,17.79,0.12,1028.0,0,-15014.83,0,-63.959999999999106
Nov 2018,61.91,0.33,0,0,0.01,0.74,5.17,0.6,0.23,0,1.05,0,61.35,0.01,3.84,0.0,65.21,0,-15028.7,0,-13.8700000000008
Dec 2018,230.05,0.8,0,0,0.01,0.74,3.16,0.02,0.53,0,1.52,0,228.71,0.02,2.41,0.0,231.13,0,-15031.99,0,-3.2899999999990497
Jan 2019,31.26,0.14,0,0,0.01,0.74,3.16,0.02,0.11,0,0.86,0,31.01,0.01,2.41,0.0,33.43,0,-15033.08,0,-1.09000000000015
Feb 2019,362.84,1.35,0,0,0.01,0.73,3.16,0.02,0.87,0,2.03,0,360.62,0.05,2.41,0.0,363.07,0,-15035.25,0,-2.17000000000007
Mar 2019,15.41,0.04,0,0,0.01,0.73,9.64,1.85,0.04,0,0.72,0,15.33,0.05,7.06,0.01,22.45,0,-15035.48,0,-0.22999999999956303
Apr 2019,465.66,1.41,0,0,0.01,0.73,54.65,14.24,0.94,0,2.08,0,463.3,0.06,39.68,0.13,503.17,0,-15042.52,0,-7.0400000000008705
May 2019,423.33,1.51,0,0,0.01,0.73,93.91,25.09,1.05,0,2.12,0,420.77,0.11,68.1,0.2,489.17,0,-15080.03,0,-37.510000000000204
Jun 2019,465.32,0.99,0,0,0.0,0.73,116.52,31.31,0.76,0,1.62,0,463.57,0.1,84.47,0.23,548.37,0,-15145.87,0,-65.8400000000001
Jul 2019,141.23,0.87,0,0,0.0,0.73,139.93,37.8,0.59,0,1.52,0,139.77,0.09,101.4,0.23,241.49,0,-15228.93,0,-83.0599999999995
Aug 2019,594.95,2.77,0,0,0.01,0.73,91.05,24.32,1.87,0,3.4,0,590.31,0.1,66.0,0.2,656.6,0,-15329.19,0,-100.26
Sep 2019,213.16,0.33,0,0,0.0,0.73,108.14,29.0,0.29,0,1.0,0,212.54,0.07,78.41,0.17,291.19,0,-15390.84,0,-61.6499999999996
Oct 2019,321.39,1.64,0,0,0.01,0.73,60.87,16.0,1.03,0,2.31,0,318.73,0.05,44.14,0.11,363.03,0,-15468.86,0,-78.02000000000041
Nov 2019,42.18,0.17,0,0,0.01,0.73,4.03,0.27,0.13,0,0.9,0,41.88,0.01,3.03,0.0,44.92,0,-15510.51,0,-41.6499999999996
Dec 2019,188.67,0.73,0,0,0.01,0.73,3.16,0.02,0.47,0,1.45,0,187.47,0.01,2.41,0.0,189.89,0,-15513.24,0,-2.7299999999995603
Jan 2020,185.02,0.55,0,0,0.01,0.73,3.16,0.02,0.38,0,1.27,0,184.09,0.01,2.41,0.0,186.51,0,-15514.45,0,-1.2100000000009499
Feb 2020,163.96,0.57,0,0,0.01,0.73,3.16,0.02,0.36,0,1.29,0,163.02,0.02,2.41,0.0,165.44,0,-15515.94,0,-1.4899999999997802
Mar 2020,151.52,1.05,0,0,0.01,0.73,3.16,0.02,0.73,0,1.71,0,149.74,0.07,2.4,0.0,152.22,0,-15517.42,0,-1.4799999999995601
Apr 2020,106.84,0.47,0,0,0.01,0.73,52.31,13.67,0.31,0,1.16,0,106.05,0.04,37.91,0.08,144.08,0,-15518.12,0,-0.700000000000728
May 2020,969.1,3.09,0,0,0.01,0.73,56.96,14.87,2.11,0,3.65,0,963.9,0.17,41.36,0.19,1005.62,0,-15555.37,0,-37.25
Jun 2020,805.02,3.05,0,0,0.01,0.73,78.92,20.98,1.98,0,3.64,0,799.98,0.15,57.21,0.22,857.56,0,-15591.89,0,-36.5199999999986
Jul 2020,495.48,2.18,0,0,0.0,0.73,109.02,29.27,1.45,0,2.82,0,491.85,0.09,79.02,0.22,571.18,0,-15644.43,0,-52.540000000000894
Aug 2020,223.61,0.64,0,0,0.0,0.73,117.7,31.65,0.47,0,1.3,0,222.49,0.08,85.31,0.19,308.08,0,-15720.13,0,-75.69999999999891
Sep 2020,273.65,0.51,0,0,0.0,0.73,99.94,26.74,0.41,0,1.18,0,272.73,0.06,72.47,0.16,345.43,0,-15804.6,0,-84.4700000000012
Oct 2020,85.71,0.36,0,0,0.01,0.73,91.47,24.42,0.24,0,1.04,0,85.11,0.05,66.32,0.13,151.6,0,-15876.37,0,-71.77000000000041
Nov 2020,12.81,0.04,0,0,0.01,0.73,6.0,0.83,0.04,0,0.76,0,12.72,0.01,4.44,0.0,17.17,0,-15942.26,0,-65.8899999999994
Dec 2020,262.67,1.02,0,0,0.01,0.73,3.16,0.02,0.69,0,1.73,0,260.96,0.02,2.4,0.0,263.39,0,-15946.62,0,-4.36000000000058
Jan 2021,86.27,0.42,0,0,0.01,0.73,3.16,0.02,0.29,0,1.14,0,85.57,0.01,2.4,0.0,87.98,0,-15947.34,0,-0.7199999999993449
Feb 2021,20.9,0.14,0,0,0.01,0.73,3.22,0.04,0.11,0,0.85,0,20.65,0.02,2.45,0.0,23.12,0,-15949.05,0,-1.7099999999991298
Mar 2021,21.61,0.09,0,0,0.01,0.73,35.89,9.21,0.07,0,0.77,0,21.46,0.04,25.96,0.04,47.5,0,-15951.26,0,-2.2100000000009503
Apr 2021,210.15,0.96,0,0,0.01,0.73,83.1,22.1,0.62,0,1.65,0,208.56,0.04,60.28,0.15,269.03,0,-15977.15,0,-25.8899999999994
May 2021,1074.07,3.31,0,0,0.01,0.73,50.02,12.96,2.27,0,3.93,0,1068.49,0.1,36.34,0.19,1105.12,0,-16036.03,0,-58.880000000001004
Jun 2021,570.47,1.25,0,0,0.0,0.73,106.02,28.42,0.94,0,1.89,0,568.28,0.09,76.87,0.23,645.47,0,-16067.08,0,-31.049999999999297
Jul 2021,806.11,2.77,0,0,0.01,0.73,86.36,23.01,1.89,0,3.41,0,801.45,0.09,62.62,0.21,864.38,0,-16142.08,0,-75.0
Aug 2021,896.84,3.33,0,0,0.01,0.73,67.12,17.71,2.22,0,3.95,0,891.29,0.11,48.69,0.19,940.27,0,-16200.35,0,-58.2700000000004
Sep 2021,1246.26,3.25,0,0,0.01,0.73,38.91,9.9,2.43,0,3.85,0,1240.58,0.13,28.28,0.16,1269.16,0,-16243.78,0,-43.4300000000003
Oct 2021,54.4,0.1,0,0,0.01,0.73,88.23,23.53,0.09,0,0.76,0,54.21,0.06,63.98,0.11,118.36,0,-16266.67,0,-22.8899999999994
Nov 2021,144.53,0.59,0,0,0.01,0.73,5.3,0.64,0.38,0,1.31,0,143.56,0.01,3.93,0.0,147.51,0,-16330.64,0,-63.969999999999295
Dec 2021,79.4,0.5,0,0,0.01,0.73,3.15,0.02,0.32,0,1.21,0,78.58,0.02,2.4,0.0,81.0,0,-16333.62,0,-2.9800000000013798
Jan 2022,177.22,0.77,0,0,0.01,0.73,3.15,0.02,0.5,0,1.47,0,175.95,0.03,2.4,0.0,178.38,0,-16335.21,0,-1.58999999999833
Feb 2022,106.24,0.32,0,0,0.01,0.73,14.05,3.16,0.23,0,1.03,0,105.69,0.02,10.16,0.0,115.87,0,-16336.37,0,-1.16000000000167
Mar 2022,108.2,0.27,0,0,0.01,0.73,22.16,5.41,0.19,0,0.94,0,107.74,0.06,16.02,0.02,123.83,0,-16346.0,0,-9.6299999999992
Apr 2022,70.18,0.7,0,0,0.01,0.73,99.78,26.72,0.46,0,1.34,0,69.02,0.09,72.33,0.17,141.61,0,-16361.63,0,-15.6299999999992
May 2022,235.97,0.57,0,0,0.0,0.73,107.91,28.94,0.42,0,1.22,0,234.98,0.08,78.24,0.19,313.49,0,-16433.06,0,-71.4300000000021
Jun 2022,37.39,0.32,0,0,0.0,0.73,148.85,40.27,0.23,0,0.94,0,36.83,0.11,107.86,0.24,145.04,0,-16510.58,0,-77.52000000000041
Jul 2022,592.77,2.77,0,0,0.01,0.73,98.89,26.49,1.85,0,3.4,0,588.15,0.09,71.68,0.22,660.14,0,-16618.24,0,-107.66
Aug 2022,404.94,2.19,0,0,0.01,0.73,102.87,27.58,1.41,0,2.83,0,401.33,0.09,74.56,0.2,476.18,0,-16685.61,0,-67.369999999999
Sep 2022,829.3,2.75,0,0,0.01,0.73,59.32,15.54,1.92,0,3.38,0,824.63,0.09,43.06,0.16,867.94,0,-16756.85,0,-71.23999999999799
Oct 2022,158.51,0.2,0,0,0.01,0.73,67.88,17.92,0.21,0,0.89,0,158.1,0.04,49.23,0.09,207.46,0,-16795.48,0,-38.630000000001004
Nov 2022,250.04,1.15,0,0,0.01,0.73,4.95,0.54,0.73,0,1.86,0,248.16,0.02,3.68,0.0,251.86,0,-16844.43,0,-48.950000000000706
Dec 2022,33.76,0.25,0,0,0.01,0.73,3.15,0.02,0.16,0,0.96,0,33.35,0.02,2.4,0.0,35.77,0,-16846.25,0,-1.81999999999971
Jan 2023,20.68,0.09,0,0,0.01,0.73,3.15,0.02,0.07,0,0.8,0,20.52,0.01,2.4,0.0,22.93,0,-16848.26,0,-2.0099999999983997
Feb 2023,372.78,1.16,0,0,0.01,0.73,9.27,1.79,0.8,0,1.83,0,370.82,0.05,6.76,0.0,377.64,0,-16850.51,0,-2.25
Mar 2023,253.27,1.56,0,0,0.01,0.73,15.14,3.48,0.89,0,2.15,0,250.82,0.13,10.94,0.0,261.9,0,-16855.37,0,-4.86000000000058
Apr 2023,561.05,2.5,0,0,0.01,0.73,39.24,10.04,1.54,0,3.12,0,557.01,0.1,28.48,0.12,585.71,0,-16864.0,0,-8.630000000001019
May 2023,516.47,1.77,0,0,0.01,0.73,93.3,24.91,1.23,0,2.38,0,513.47,0.11,67.66,0.21,581.45,0,-16888.65,0,-24.6500000000015
Jun 2023,582.2,1.02,0,0,0.0,0.73,106.36,28.52,0.76,0,1.66,0,580.41,0.09,77.12,0.23,657.85,0,-16953.64,0,-64.98999999999799
Jul 2023,506.16,2.33,0,0,0.0,0.73,109.46,29.4,1.51,0,2.97,0,502.32,0.09,79.33,0.22,581.97,0,-17029.29,0,-75.6500000000015
Aug 2023,1217.33,3.94,0,0,0.01,0.73,52.4,13.63,2.65,0,4.57,0,1210.74,0.1,38.05,0.19,1249.07,0,-17105.09,0,-75.7999999999993
Sep 2023,886.15,2.82,0,0,0.01,0.73,49.66,12.88,2.03,0,3.43,0,881.3,0.11,36.06,0.15,917.62,0,-17136.83,0,-31.7400000000016
Oct 2023,101.21,0.37,0,0,0.01,0.73,79.21,21.05,0.27,0,1.05,0,100.56,0.04,57.44,0.11,158.15,0,-17168.31,0,-31.4799999999996
Nov 2023,280.61,0.89,0,0,0.01,0.73,3.85,0.23,0.63,0,1.59,0,279.1,0.02,2.9,0.0,282.02,0,-17225.25,0,-56.939999999998705
Dec 2023,45.78,0.09,0,0,0.01,0.73,3.15,0.02,0.08,0,0.81,0,45.61,0.01,2.4,0.0,48.02,0,-17226.66,0,-1.40999999999985
Jan 2024,16.37,0.08,0,0,0.01,0.73,3.15,0.02,0.06,0,0.79,0,16.22,0.02,2.4,0.0,18.64,0,-17228.9,0,-2.2400000000016003
Feb 2024,227.26,0.58,0,0,0.01,0.73,3.15,0.02,0.38,0,1.27,0,226.3,0.03,2.4,0.0,228.73,0,-17231.17,0,-2.2699999999968
Mar 2024,64.44,0.33,0,0,0.01,0.73,4.59,0.44,0.22,0,0.98,0,63.89,0.07,3.43,0.0,67.39,0,-17232.64,0,-1.47000000000116
Apr 2024,187.41,0.69,0,0,0.01,0.73,85.53,22.75,0.48,0,1.36,0,186.24,0.06,62.06,0.15,248.51,0,-17235.59,0,-2.9500000000007303
May 2024,934.35,2.62,0,0,0.01,0.73,58.23,15.21,1.81,0,3.22,0,929.92,0.12,42.3,0.19,972.53,0,-17296.69,0,-61.0999999999985
Jun 2024,437.97,2.19,0,0,0.01,0.73,100.86,27.03,1.45,0,2.8,0,434.33,0.11,73.11,0.21,507.76,0,-17334.87,0,-38.1800000000003
Jul 2024,682.97,2.58,0,0,0.01,0.73,94.29,25.2,1.73,0,3.21,0,678.67,0.09,68.36,0.22,747.34,0,-17404.66,0,-69.7900000000009
Aug 2024,542.95,2.76,0,0,0.01,0.73,88.45,23.58,1.84,0,3.33,0,538.35,0.15,64.14,0.19,602.83,0,-17469.03,0,-64.369999999999
Sep 2024,695.72,1.67,0,0,0.0,0.73,66.23,17.43,1.19,0,2.32,0,692.86,0.08,48.07,0.15,741.17,0,-17528.91,0,-59.880000000001004
Oct 2024,322.23,0.56,0,0,0.01,0.73,69.15,18.24,0.43,0,1.24,0,321.24,0.04,50.19,0.11,371.58,0,-17574.35,0,-45.439999999998705
Nov 2024,342.67,1.2,0,0,0.01,0.73,3.23,0.05,0.82,0,1.89,0,340.66,0.02,2.46,0.0,343.14,0,-17623.7,0,-49.350000000002204
Dec 2024,211.02,0.69,0,0,0.01,0.73,3.14,0.02,0.46,0,1.4,0,209.87,0.02,2.4,0.0,212.29,0,-17624.17,0,-0.469999999997526
Jan 2025,265.54,1.02,0,0,0.01,0.73,3.14,0.02,0.67,0,1.7,0,263.85,0.05,2.4,0.0,266.29,0,-17625.44,0,-1.2700000000004399
Feb 2025,158.12,0.24,0,0,0.01,0.73,3.14,0.02,0.19,0,0.95,0,157.69,0.01,2.4,0.0,160.1,0,-17626.18,0,-0.7400000000016009
Mar 2025,29.25,0.16,0,0,0.01,0.73,18.99,4.57,0.1,0,0.83,0,28.99,0.05,13.7,0.0,42.75,0,-17628.17,0,-1.98999999999796
Apr 2025,188.2,0.9,0,0,0.01,0.73,79.94,21.23,0.59,0,1.57,0,186.71,0.05,57.98,0.14,244.89,0,-17641.67,0,-13.5
May 2025,213.88,0.55,0,0,0.01,0.73,107.6,28.86,0.4,0,1.19,0,212.93,0.08,78.02,0.19,291.22,0,-17698.37,0,-56.700000000000706
Jun 2025,113.23,0.26,0,0,0.0,0.73,133.31,35.96,0.23,0,0.9,0,112.74,0.08,96.62,0.22,209.66,0,-17775.71,0,-77.34000000000009
Jul 2025,389.37,1.72,0,0,0.0,0.73,118.25,31.82,1.17,0,2.35,0,386.48,0.09,85.71,0.22,472.51,0,-17872.14,0,-96.4300000000003
Aug 2025,863.39,3.24,0,0,0.01,0.73,72.2,19.11,2.2,0,3.86,0,857.95,0.1,52.38,0.2,910.63,0,-17955.28,0,-83.1399999999994
Sep 2025,193.82,0.87,0,0,0.0,0.73,104.21,27.94,0.62,0,1.52,0,192.33,0.08,75.54,0.17,268.11,0,-18002.51,0,-47.2299999999996
Oct 2025,0.0,0.01,0,0,0.0,0.73,92.15,24.61,0.01,0,0.67,0,-0.01,0.06,66.82,0.11,66.98,0,-18076.8,0,-74.2900000000009
Nov 2025,110.92,0.6,0,0,0.01,0.73,7.68,1.33,0.4,0,1.3,0,109.93,0.01,5.63,0.0,115.57,0,-18143.78,0,-66.9799999999996
Dec 2025,6.17,0.06,0,0,0.01,0.73,3.14,0.02,0.05,0,0.77,0,6.06,0.01,2.4,0.0,8.47,0,-18148.44,0,-4.65999999999985
Jan 2026,85.34,0.17,0,0,0.01,0.73,3.14,0.02,0.14,0,0.89,0,85.03,0.0,2.4,0.0,87.43,0,-18150.74,0,-2.3000000000029104
Feb 2026,31.48,0.1,0,0,0.01,0.72,3.76,0.2,0.08,0,0.81,0,31.3,0.01,2.84,0.0,34.14,0,-18152.83,0,-2.09000000000015
Mar 2026,47.63,0.28,0,0,0.01,0.72,22.5,5.54,0.16,0,0.95,0,47.19,0.05,16.25,0.05,63.54,0,-18155.49,0,-2.65999999999985
Apr 2026,3.72,0.03,0,0,0.01,0.72,108.47,29.12,0.03,0,0.7,0,3.65,0.05,78.64,0.17,82.51,0,-18171.4,0,-15.9099999999999
May 2026,371.06,1.72,0,0,0.01,0.72,94.84,25.35,1.16,0,2.35,0,368.18,0.08,68.77,0.19,437.23,0,-18250.2,0,-78.7999999999993
Jun 2026,355.18,1.23,0,0,0.0,0.72,116.91,31.44,0.8,0,1.87,0,353.15,0.08,84.75,0.23,438.21,0,-18316.37,0,-66.1699999999983
Jul 2026,232.62,1.0,0,0,0.0,0.72,134.83,36.39,0.67,0,1.65,0,230.95,0.08,97.72,0.23,328.98,0,-18399.39,0,-83.02000000000041
Aug 2026,394.32,1.48,0,0,0.0,0.72,107.06,28.74,1.06,0,2.11,0,391.78,0.09,77.61,0.2,469.68,0,-18495.75,0,-96.3600000000006
Sep 2026,185.81,0.26,0,0,0.0,0.72,102.54,27.46,0.2,0,0.92,0,185.35,0.06,74.36,0.15,259.92,0,-18571.11,0,-75.3600000000006
Oct 2026,278.17,1.12,0,0,0.01,0.72,62.04,16.31,0.81,0,1.8,0,276.23,0.04,45.02,0.1,321.39,0,-18645.22,0,-74.1100000000006
Nov 2026,79.12,0.35,0,0,0.01,0.72,6.8,1.08,0.23,0,1.06,0,78.53,0.01,5.01,0.0,83.55,0,-18688.45,0,-43.2299999999996
Dec 2026,496.65,1.41,0,0,0.01,0.72,3.14,0.02,0.96,0,2.1,0,494.29,0.03,2.39,0.0,496.71,0,-18692.88,0,-4.43000000000029
Jan 2027,41.46,0.14,0,0,0.01,0.72,3.14,0.02,0.1,0,0.85,0,41.21,0.01,2.39,0.0,43.62,0,-18692.94,0,-0.0599999999976717
Feb 2027,83.26,0.19,0,0,0.01,0.72,3.2,0.04,0.15,0,0.9,0,82.92,0.01,2.44,0.0,85.37,0,-18695.1,0,-2.15999999999985
Mar 2027,120.55,0.43,0,0,0.01,0.72,16.15,3.77,0.27,0,1.09,0,119.85,0.05,11.66,0.0,131.57,0,-18697.21,0,-2.11000000000058
Apr 2027,47.12,0.58,0,0,0.01,0.72,89.85,23.97,0.37,0,1.24,0,46.17,0.05,65.16,0.14,111.52,0,-18708.23,0,-11.020000000000401
May 2027,351.38,0.86,0,0,0.01,0.72,100.11,26.79,0.63,0,1.51,0,349.89,0.07,72.6,0.19,422.76,0,-18772.63,0,-64.4000000000015
Jun 2027,735.96,1.76,0,0,0.0,0.72,89.51,23.88,1.26,0,2.39,0,732.94,0.09,64.91,0.22,798.16,0,-18844.01,0,-71.37999999999741
Jul 2027,453.13,1.46,0,0,0.0,0.72,117.21,31.53,0.98,0,2.1,0,450.69,0.08,84.96,0.23,535.96,0,-18906.21,0,-62.200000000000706
Aug 2027,772.2,2.77,0,0,0.01,0.72,80.67,21.46,1.86,0,3.39,0,767.56,0.1,58.5,0.2,826.36,0,-18989.04,0,-82.8300000000017
Sep 2027,385.88,1.11,0,0,0.01,0.72,85.29,22.7,0.83,0,1.75,0,383.94,0.07,61.87,0.15,446.04,0,-19043.2,0,-54.1599999999999
Oct 2027,958.91,2.28,0,0,0.01,0.72,22.84,5.47,1.55,0,2.95,0,955.08,0.05,16.66,0.11,971.89,0,-19103.36,0,-60.1599999999999
Nov 2027,572.7,1.77,0,0,0.01,0.72,3.17,0.04,1.2,0,2.45,0,569.73,0.04,2.42,0.0,572.18,0,-19116.34,0,-12.979999999999599
Dec 2027,92.69,0.25,0,0,0.01,0.72,3.13,0.02,0.18,0,0.96,0,92.26,0.01,2.39,0.0,94.65,0,-19115.82,0,0.520000000000437
Jan 2028,312.5,0.79,0,0,0.01,0.72,3.13,0.02,0.55,0,1.49,0,311.16,0.01,2.39,0.0,313.56,0,-19117.79,0,-1.97000000000116
Feb 2028,69.9,0.47,0,0,0.01,0.72,3.13,0.02,0.34,0,1.17,0,69.09,0.02,2.39,0.0,71.5,0,-19118.86,0,-1.06999999999971
Mar 2028,54.68,0.2,0,0,0.01,0.72,4.83,0.51,0.14,0,0.87,0,54.34,0.05,3.6,0.0,57.99,0,-19120.46,0,-1.59999999999854
Apr 2028,268.89,1.2,0,0,0.01,0.72,28.98,7.28,0.81,0,1.88,0,266.88,0.03,20.99,0.07,287.98,0,-19123.77,0,-3.31000000000131
May 2028,1496.47,3.22,0,0,0.01,0.72,35.23,8.88,2.33,0,3.82,0,1490.93,0.11,25.64,0.19,1516.85,0,-19142.85,0,-19.0799999999981
Jun 2028,796.13,2.38,0,0,0.0,0.72,81.19,21.58,1.61,0,3.0,0,792.14,0.1,58.9,0.21,851.34,0,-19163.23,0,-20.380000000000997
Jul 2028,556.76,2.31,0,0,0.0,0.72,104.07,27.91,1.53,0,2.94,0,552.91,0.09,75.44,0.22,628.66,0,-19218.45,0,-55.2200000000012
Aug 2028,319.3,1.29,0,0,0.0,0.72,111.36,29.92,0.87,0,1.92,0,317.14,0.09,80.72,0.2,398.15,0,-19290.35,0,-71.8999999999978
Sep 2028,850.01,2.75,0,0,0.01,0.72,50.55,13.12,1.92,0,3.38,0,845.34,0.09,36.72,0.15,882.29,0,-19369.2,0,-78.8500000000022
Oct 2028,293.74,0.63,0,0,0.01,0.72,68.64,18.12,0.46,0,1.3,0,292.65,0.04,49.81,0.11,342.62,0,-19401.48,0,-32.2799999999988
Nov 2028,153.88,0.5,0,0,0.01,0.72,4.53,0.43,0.34,0,1.2,0,153.05,0.01,3.39,0.0,156.44,0,-19450.36,0,-48.880000000001004
Dec 2028,115.35,0.26,0,0,0.01,0.72,3.13,0.02,0.21,0,0.97,0,114.87,0.01,2.39,0.0,117.27,0,-19452.92,0,-2.55999999999767
Jan 2029,40.88,0.16,0,0,0.01,0.72,3.13,0.02,0.12,0,0.86,0,40.6,0.01,2.39,0.0,43.0,0,-19454.84,0,-1.9200000000018898
Feb 2029,214.63,0.61,0,0,0.01,0.72,3.13,0.02,0.41,0,1.31,0,213.61,0.02,2.39,0.0,216.02,0,-19456.97,0,-2.13000000000102
Mar 2029,4.6,0.07,0,0,0.01,0.72,13.76,3.01,0.05,0,0.73,0,4.49,0.04,10.04,0.01,14.58,0,-19458.36,0,-1.3899999999994201
Apr 2029,233.86,0.77,0,0,0.01,0.72,79.54,21.13,0.52,0,1.44,0,232.57,0.05,57.7,0.15,290.46,0,-19468.34,0,-9.97999999999956
May 2029,278.88,1.01,0,0,0.01,0.72,98.16,26.26,0.72,0,1.65,0,277.16,0.07,71.18,0.18,348.59,0,-19524.94,0,-56.5999999999985
Jun 2029,462.94,1.76,0,0,0.0,0.72,112.33,30.18,1.2,0,2.37,0,459.99,0.1,81.43,0.23,541.75,0,-19594.64,0,-69.7000000000007
Jul 2029,1202.16,4.05,0,0,0.01,0.72,61.54,16.18,2.7,0,4.66,0,1195.42,0.1,44.65,0.21,1240.37,0,-19673.45,0,-78.8100000000013
Aug 2029,596.2,2.85,0,0,0.01,0.72,88.13,23.52,1.86,0,3.47,0,591.49,0.09,63.9,0.19,655.68,0,-19711.66,0,-38.209999999999106
Sep 2029,959.53,2.32,0,0,0.0,0.72,52.03,13.5,1.66,0,2.96,0,955.55,0.08,37.81,0.16,993.59,0,-19771.14,0,-59.4799999999996
Oct 2029,423.78,0.59,0,0,0.01,0.72,42.3,10.86,0.55,0,1.27,0,422.64,0.03,30.73,0.08,453.48,0,-19805.2,0,-34.0600000000013
Nov 2029,127.25,0.45,0,0,0.01,0.72,3.12,0.02,0.28,0,1.15,0,126.51,0.01,2.39,0.0,128.91,0,-19834.9,0,-29.700000000000703
Dec 2029,94.54,0.4,0,0,0.01,0.72,3.12,0.02,0.28,0,1.1,0,93.86,0.01,2.39,0.0,96.26,0,-19836.57,0,-1.66999999999825
Jan 2030,19.26,0.05,0,0,0.01,0.72,3.12,0.02,0.05,0,0.75,0,19.16,0.01,2.39,0.0,21.55,0,-19838.29,0,-1.72000000000116
Feb 2030,152.76,0.37,0,0,0.01,0.72,3.12,0.02,0.27,0,1.07,0,152.11,0.01,2.39,0.0,154.51,0,-19840.59,0,-2.29999999999927
Mar 2030,123.14,0.41,0,0,0.01,0.72,6.74,1.05,0.25,0,1.07,0,122.47,0.06,4.98,0.0,127.51,0,-19842.34,0,-1.75
Apr 2030,23.47,0.3,0,0,0.01,0.72,98.7,26.42,0.22,0,0.95,0,22.96,0.05,71.57,0.16,94.73,0,-19846.72,0,-4.3800000000010195
May 2030,726.38,3.0,0,0,0.01,0.72,67.09,17.69,1.97,0,3.61,0,721.41,0.11,48.69,0.19,770.4,0,-19917.98,0,-71.25999999999841
Jun 2030,502.38,1.35,0,0,0.0,0.72,103.06,27.64,0.99,0,1.96,0,500.04,0.1,74.71,0.22,575.07,0,-19961.99,0,-44.010000000002
Jul 2030,613.3,1.93,0,0,0.0,0.72,100.59,26.95,1.32,0,2.56,0,610.05,0.08,72.93,0.21,683.28,0,-20034.68,0,-72.6899999999987
Aug 2030,436.67,2.47,0,0,0.01,0.72,104.02,27.91,1.62,0,3.09,0,432.58,0.09,75.4,0.21,508.28,0,-20104.66,0,-69.9799999999996
Sep 2030,1620.58,3.68,0,0,0.01,0.72,12.58,2.62,2.62,0,4.3,0,1614.28,0.09,9.25,0.13,1623.75,0,-20176.27,0,-71.6100000000006
Oct 2030,218.9,0.7,0,0,0.01,0.72,66.49,17.54,0.47,0,1.37,0,217.73,0.04,48.23,0.1,266.11,0,-20179.44,0,-3.16999999999825
Nov 2030,139.81,0.34,0,0,0.01,0.71,6.47,0.99,0.22,0,1.05,0,139.25,0.0,4.77,0.0,144.02,0,-20226.65,0,-47.21000000000279
Dec 2030,184.65,0.79,0,0,0.01,0.71,3.12,0.02,0.52,0,1.49,0,183.34,0.02,2.39,0.0,185.74,0,-20230.85,0,-4.1999999999970905
Jan 2031,270.06,0.75,0,0,0.01,0.71,3.12,0.02,0.51,0,1.44,0,268.8,0.01,2.39,0.0,271.2,0,-20231.95,0,-1.10000000000218
Feb 2031,295.51,1.06,0,0,0.01,0.71,3.25,0.06,0.7,0,1.71,0,293.75,0.06,2.48,0.0,296.28,0,-20233.1,0,-1.14999999999782
Mar 2031,1.3,0.02,0,0,0.01,0.71,21.56,5.29,0.02,0,0.68,0,1.26,0.05,15.57,0.01,16.89,0,-20233.87,0,-0.770000000000437
Apr 2031,23.23,0.05,0,0,0.01,0.71,100.06,26.8,0.05,0,0.71,0,23.12,0.05,72.55,0.16,95.88,0,-20249.47,0,-15.600000000002199
May 2031,769.04,2.5,0,0,0.01,0.71,70.8,18.69,1.71,0,3.1,0,764.84,0.11,51.4,0.19,816.53,0,-20322.12,0,-72.6499999999978
Jun 2031,820.97,2.89,0,0,0.01,0.71,75.42,20.02,2.06,0,3.42,0,816.02,0.17,54.7,0.21,871.1,0,-20369.6,0,-47.4799999999996
Jul 2031,845.76,2.6,0,0,0.01,0.71,82.9,22.06,1.8,0,3.21,0,841.37,0.09,60.13,0.21,901.8,0,-20419.73,0,-50.130000000001004
Aug 2031,1047.11,2.98,0,0,0.01,0.71,64.54,16.99,2.09,0,3.56,0,1042.04,0.12,46.84,0.19,1089.2,0,-20475.77,0,-56.040000000000894
Sep 2031,386.93,0.41,0,0,0.0,0.71,87.3,23.24,0.4,0,1.06,0,386.12,0.06,63.35,0.15,449.69,0,-20517.87,0,-42.099999999998495
Oct 2031,957.81,1.63,0,0,0.01,0.71,7.13,1.13,1.27,0,2.31,0,954.9,0.04,5.29,0.06,960.29,0,-20580.62,0,-62.75
Nov 2031,292.32,0.91,0,0,0.01,0.71,3.12,0.02,0.64,0,1.6,0,290.76,0.02,2.38,0.0,293.17,0,-20583.1,0,-2.4799999999995603
Dec 2031,40.18,0.13,0,0,0.01,0.71,3.12,0.02,0.1,0,0.83,0,39.95,0.01,2.38,0.0,42.35,0,-20583.95,0,-0.850000000002183
Jan 2032,115.56,0.33,0,0,0.01,0.71,3.12,0.02,0.25,0,1.02,0,114.98,0.02,2.38,0.0,117.38,0,-20586.12,0,-2.16999999999825
Feb 2032,164.95,0.78,0,0,0.01,0.71,3.11,0.02,0.52,0,1.44,0,163.65,0.05,2.38,0.0,166.08,0,-20587.94,0,-1.81999999999971
Mar 2032,21.3,0.15,0,0,0.01,0.71,8.14,1.44,0.12,0,0.8,0,21.03,0.06,5.99,0.01,27.08,0,-20589.06,0,-1.12000000000262
Apr 2032,315.12,1.85,0,0,0.01,0.71,69.36,18.32,1.15,0,2.48,0,312.12,0.08,50.33,0.15,362.68,0,-20594.84,0,-5.77999999999884
May 2032,332.53,0.87,0,0,0.01,0.71,97.67,26.12,0.63,0,1.5,0,331.02,0.08,70.85,0.19,402.14,0,-20642.4,0,-47.560000000001295
Jun 2032,1364.13,3.67,0,0,0.01,0.71,54.48,14.23,2.67,0,4.26,0,1357.79,0.12,39.55,0.22,1397.68,0,-20712.01,0,-69.6099999999969
Jul 2032,1016.98,3.3,0,0,0.01,0.71,66.41,17.52,2.37,0,3.84,0,1011.31,0.16,48.18,0.2,1059.86,0,-20745.56,0,-33.550000000002896
Aug 2032,502.25,2.03,0,0,0.01,0.71,98.21,26.29,1.46,0,2.63,0,498.76,0.11,71.22,0.2,570.28,0,-20788.44,0,-42.879999999997395
Sep 2032,699.85,1.77,0,0,0.01,0.71,69.03,18.21,1.27,0,2.4,0,696.81,0.08,50.11,0.16,747.16,0,-20856.47,0,-68.0300000000025
Oct 2032,181.38,0.48,0,0,0.01,0.71,61.63,16.22,0.36,0,1.15,0,180.53,0.04,44.7,0.09,225.36,0,-20903.78,0,-47.3099999999977
Nov 2032,170.78,0.86,0,0,0.01,0.71,3.11,0.02,0.56,0,1.54,0,169.36,0.03,2.38,0.0,171.77,0,-20947.76,0,-43.9799999999996
Dec 2032,43.92,0.31,0,0,0.01,0.71,3.11,0.02,0.21,0,0.99,0,43.4,0.03,2.38,0.0,45.81,0,-20948.75,0,-0.9900000000016009
Jan 2033,169.96,0.54,0,0,0.01,0.71,3.11,0.02,0.37,0,1.23,0,169.05,0.02,2.38,0.0,171.45,0,-20950.64,0,-1.8899999999994201
Feb 2033,197.17,0.66,0,0,0.01,0.71,3.11,0.02,0.45,0,1.32,0,196.07,0.04,2.38,0.0,198.49,0,-20952.13,0,-1.4900000000016
Mar 2033,155.61,0.82,0,0,0.01,0.71,4.46,0.41,0.52,0,1.4,0,154.27,0.13,3.34,0.0,157.74,0,-20953.45,0,-1.31999999999971
Apr 2033,0.17,0.09,0,0,0.01,0.71,101.7,27.25,0.08,0,0.73,0,-0.0,0.07,73.74,0.16,73.96,0,-20955.57,0,-2.11999999999898
May 2033,151.25,0.82,0,0,0.01,0.71,111.0,29.82,0.56,0,1.44,0,149.86,0.09,80.48,0.19,230.63,0,-21029.37,0,-73.7999999999993
Jun 2033,330.38,1.26,0,0,0.0,0.71,115.89,31.17,0.85,0,1.87,0,328.28,0.09,84.01,0.22,412.6,0,-21108.74,0,-79.37000000000259
Jul 2033,647.08,2.78,0,0,0.01,0.71,96.54,25.85,1.87,0,3.39,0,642.43,0.1,69.98,0.22,712.73,0,-21190.96,0,-82.2199999999975
Aug 2033,1351.46,3.66,0,0,0.01,0.71,49.17,12.74,2.55,0,4.26,0,1345.24,0.11,35.72,0.19,1381.26,0,-21256.61,0,-65.6500000000015
Sep 2033,1741.17,3.84,0,0,0.01,0.71,21.69,5.15,2.88,0,4.42,0,1734.45,0.13,15.84,0.15,1750.57,0,-21286.41,0,-29.799999999999297
Oct 2033,199.01,0.37,0,0,0.01,0.71,68.24,18.02,0.29,0,1.03,0,198.34,0.04,49.52,0.1,248.0,0,-21295.81,0,-9.400000000001462
Nov 2033,260.82,0.41,0,0,0.01,0.71,3.12,0.03,0.35,0,1.1,0,260.07,0.01,2.39,0.0,262.46,0,-21344.8,0,-48.989999999998
Dec 2033,242.97,0.88,0,0,0.01,0.71,3.11,0.02,0.58,0,1.56,0,241.51,0.02,2.38,0.0,243.91,0,-21346.45,0,-1.65000000000146
Jan 2034,18.78,0.12,0,0,0.01,0.71,3.11,0.02,0.08,0,0.81,0,18.58,0.01,2.38,0.0,20.97,0,-21347.39,0,-0.9399999999986899
Feb 2034,288.13,0.7,0,0,0.01,0.71,3.11,0.02,0.47,0,1.37,0,286.96,0.04,2.38,0.0,289.38,0,-21349.58,0,-2.19000000000233
Mar 2034,23.61,0.05,0,0,0.01,0.71,9.45,1.81,0.05,0,0.7,0,23.52,0.05,6.94,0.01,30.51,0,-21350.82,0,-1.23999999999796
Apr 2034,502.72,1.62,0,0,0.01,0.71,62.7,16.48,1.02,0,2.26,0,500.08,0.06,45.52,0.15,545.82,0,-21357.72,0,-6.9000000000014605
May 2034,917.02,2.31,0,0,0.01,0.71,64.4,16.92,1.6,0,2.92,0,913.11,0.09,46.77,0.2,960.17,0,-21400.82,0,-43.0999999999985
Jun 2034,1364.66,1.91,0,0,0.0,0.71,59.24,15.53,1.62,0,2.52,0,1361.13,0.1,43.01,0.21,1404.45,0,-21443.97,0,-43.1500000000015
Jul 2034,541.49,1.93,0,0,0.0,0.71,107.48,28.86,1.37,0,2.54,0,538.19,0.09,77.92,0.22,616.42,0,-21483.76,0,-39.7899999999972
Aug 2034,438.14,2.12,0,0,0.01,0.71,99.69,26.71,1.43,0,2.73,0,434.59,0.09,72.28,0.19,507.15,0,-21558.69,0,-74.93000000000029
Sep 2034,70.13,0.09,0,0,0.0,0.71,111.57,29.97,0.08,0,0.7,0,69.96,0.1,80.89,0.16,151.1,0,-21627.7,0,-69.01000000000201
Oct 2034,17.16,0.06,0,0,0.01,0.71,91.89,24.54,0.04,0,0.7,0,17.06,0.06,66.64,0.11,83.87,0,-21708.68,0,-80.97999999999959
Nov 2034,0.79,0.01,0,0,0.01,0.71,7.97,1.42,0.0,0,0.69,0,0.78,0.02,5.84,0.01,6.65,0,-21775.39,0,-66.7099999999991
Dec 2034,20.8,0.1,0,0,0.01,0.71,3.1,0.02,0.07,0,0.79,0,20.62,0.01,2.38,0.0,23.02,0,-21781.25,0,-5.86000000000058
Jan 2035,63.0,0.2,0,0,0.01,0.71,3.1,0.02,0.15,0,0.9,0,62.65,0.0,2.38,0.0,65.03,0,-21783.47,0,-2.22000000000116
Feb 2035,86.78,0.39,0,0,0.01,0.71,3.41,0.11,0.25,0,1.08,0,86.14,0.01,2.59,0.0,88.75,0,-21785.5,0,-2.0299999999988403
Mar 2035,100.16,0.44,0,0,0.01,0.71,23.48,5.8,0.26,0,1.09,0,99.46,0.05,16.98,0.02,116.5,0,-21787.48,0,-1.9799999999995601
Apr 2035,17.15,0.07,0,0,0.01,0.71,105.24,28.23,0.07,0,0.72,0,17.02,0.05,76.31,0.17,93.55,0,-21803.82,0,-16.3400000000001
May 2035,805.03,1.79,0,0,0.0,0.71,71.57,18.9,1.33,0,2.42,0,801.9,0.08,51.97,0.19,854.14,0,-21880.21,0,-76.3899999999994
Jun 2035,106.45,0.37,0,0,0.0,0.71,148.33,40.12,0.29,0,0.97,0,105.79,0.1,107.51,0.25,213.65,0,-21929.33,0,-49.120000000002605
Jul 2035,783.66,3.54,0,0,0.01,0.71,82.34,21.94,2.4,0,4.12,0,777.72,0.11,59.69,0.21,837.74,0,-22036.53,0,-107.199999999997
Aug 2035,598.26,2.67,0,0,0.01,0.71,89.49,23.91,1.76,0,3.27,0,593.83,0.1,64.88,0.2,659.01,0,-22090.61,0,-54.080000000001704
Sep 2035,630.85,2.05,0,0,0.01,0.71,70.62,18.67,1.46,0,2.67,0,627.34,0.09,51.25,0.16,678.83,0,-22151.36,0,-60.75
Oct 2035,43.1,0.1,0,0,0.01,0.71,87.36,23.3,0.11,0,0.76,0,42.89,0.04,63.36,0.11,106.4,0,-22199.34,0,-47.9799999999996
Nov 2035,137.18,0.65,0,0,0.01,0.71,6.68,1.05,0.42,0,1.33,0,136.11,0.01,4.93,0.0,141.05,0,-22262.64,0,-63.299999999999294
Dec 2035,1.78,0.04,0,0,0.01,0.71,3.1,0.02,0.03,0,0.72,0,1.71,0.02,2.38,0.0,4.11,0,-22266.52,0,-3.88000000000102
Jan 2036,61.92,0.2,0,0,0.01,0.71,3.1,0.02,0.14,0,0.89,0,61.58,0.01,2.38,0.0,63.97,0,-22268.85,0,-2.32999999999811
Feb 2036,223.44,0.71,0,0,0.01,0.71,3.1,0.02,0.47,0,1.39,0,222.26,0.02,2.38,0.0,224.66,0,-22270.89,0,-2.04000000000087
Mar 2036,44.72,0.13,0,0,0.01,0.71,10.07,2.0,0.1,0,0.78,0,44.49,0.05,7.38,0.01,51.92,0,-22272.11,0,-1.22000000000116
Apr 2036,267.91,0.88,0,0,0.01,0.71,78.39,20.82,0.58,0,1.54,0,266.44,0.04,56.87,0.15,323.51,0,-22279.31,0,-7.200000000000731
May 2036,272.48,0.89,0,0,0.01,0.71,110.04,29.55,0.64,0,1.51,0,270.95,0.08,79.79,0.2,351.03,0,-22334.92,0,-55.6099999999969
Jun 2036,718.2,3.31,0,0,0.01,0.71,85.99,22.94,2.16,0,3.91,0,712.73,0.11,62.35,0.22,775.41,0,-22413.46,0,-78.5400000000009
Jul 2036,822.28,2.77,0,0,0.01,0.71,84.13,22.41,1.89,0,3.38,0,817.62,0.09,61.02,0.21,878.95,0,-22470.67,0,-57.209999999999106
Aug 2036,539.98,2.51,0,0,0.01,0.71,92.83,24.81,1.67,0,3.13,0,535.8,0.09,67.32,0.2,603.4,0,-22527.34,0,-56.6700000000019
Sep 2036,722.2,2.57,0,0,0.01,0.71,60.25,15.81,1.78,0,3.19,0,717.86,0.08,43.74,0.15,761.84,0,-22590.76,0,-63.419999999998296
Oct 2036,978.99,2.86,0,0,0.01,0.71,16.74,3.81,1.95,0,3.47,0,974.18,0.09,12.23,0.1,986.59,0,-22630.39,0,-39.630000000001004
Nov 2036,154.85,0.76,0,0,0.01,0.71,4.78,0.51,0.49,0,1.42,0,153.59,0.04,3.58,0.0,157.21,0,-22638.0,0,-7.61000000000058
Dec 2036,128.18,0.49,0,0,0.01,0.71,3.1,0.02,0.34,0,1.17,0,127.35,0.03,2.38,0.0,129.75,0,-22640.36,0,-2.36000000000058
Jan 2037,199.72,0.44,0,0,0.01,0.71,3.1,0.02,0.33,0,1.13,0,198.95,0.01,2.38,0.0,201.34,0,-22641.94,0,-1.5799999999981102
Feb 2037,155.76,0.79,0,0,0.01,0.71,3.1,0.02,0.54,0,1.44,0,154.42,0.05,2.38,0.0,156.85,0,-22643.56,0,-1.6200000000026202
Mar 2037,123.81,0.51,0,0,0.01,0.71,8.28,1.49,0.32,0,1.12,0,122.98,0.09,6.1,0.01,129.17,0,-22644.65,0,-1.09000000000015
Apr 2037,82.38,0.44,0,0,0.01,0.71,102.19,27.39,0.28,0,1.07,0,81.66,0.07,74.1,0.17,156.0,0,-22650.02,0,-5.3699999999989805
May 2037,164.18,0.66,0,0,0.0,0.71,112.05,30.1,0.43,0,1.26,0,163.1,0.1,81.24,0.2,244.63,0,-22723.64,0,-73.619999999999
Jun 2037,133.76,0.57,0,0,0.0,0.71,145.13,39.24,0.38,0,1.16,0,132.8,0.11,105.18,0.25,238.35,0,-22804.09,0,-80.4500000000007
Jul 2037,541.3,1.91,0,0,0.0,0.71,105.22,28.23,1.25,0,2.53,0,538.14,0.08,76.28,0.22,614.73,0,-22908.68,0,-104.59
Aug 2037,783.88,2.74,0,0,0.01,0.71,80.69,21.47,1.84,0,3.35,0,779.3,0.09,58.52,0.2,838.11,0,-22982.11,0,-73.43000000000029
Sep 2037,693.35,2.01,0,0,0.01,0.71,68.68,18.13,1.44,0,2.63,0,689.9,0.08,49.84,0.16,739.99,0,-23036.34,0,-54.2299999999996
Oct 2037,81.93,0.46,0,0,0.01,0.71,85.73,22.85,0.31,0,1.11,0,81.16,0.05,62.18,0.11,143.5,0,-23082.97,0,-46.630000000001004
Nov 2037,9.45,0.06,0,0,0.01,0.71,7.64,1.31,0.05,0,0.75,0,9.33,0.02,5.63,0.0,14.98,0,-23144.54,0,-61.5699999999997
Dec 2037,452.13,1.12,0,0,0.01,0.71,3.1,0.02,0.8,0,1.8,0,450.22,0.02,2.38,0.0,452.62,0,-23150.08,0,-5.5400000000008705
Jan 2038,56.88,0.2,0,0,0.01,0.71,3.1,0.02,0.16,0,0.9,0,56.51,0.01,2.38,0.0,58.9,0,-23150.56,0,-0.479999999999563
Feb 2038,202.45,0.57,0,0,0.01,0.71,3.1,0.02,0.38,0,1.26,0,201.49,0.01,2.38,0.0,203.88,0,-23152.58,0,-2.0200000000004397
Mar 2038,38.59,0.3,0,0,0.01,0.71,3.71,0.2,0.2,0,0.95,0,38.09,0.05,2.81,0.0,40.95,0,-23154.02,0,-1.4399999999986899
Apr 2038,328.1,1.71,0,0,0.01,0.71,51.99,13.58,1.09,0,2.37,0,325.31,0.04,37.71,0.11,363.17,0,-23156.38,0,-2.36000000000058
May 2038,433.93,1.82,0,0,0.01,0.71,89.26,23.81,1.24,0,2.44,0,430.87,0.08,64.74,0.19,495.88,0,-23191.45,0,-35.0699999999997
Jun 2038,1372.17,3.28,0,0,0.01,0.71,58.01,15.19,2.41,0,3.86,0,1366.48,0.13,42.13,0.22,1408.95,0,-23253.4,0,-61.950000000000706
Jul 2038,926.23,2.55,0,0,0.0,0.71,79.0,20.99,1.8,0,3.16,0,921.88,0.09,57.31,0.21,979.49,0,-23290.18,0,-36.7799999999988
Aug 2038,737.41,2.47,0,0,0.01,0.71,80.13,21.3,1.76,0,3.07,0,733.18,0.11,58.13,0.19,791.6,0,-23343.45,0,-53.2700000000004
Sep 2038,800.22,2.22,0,0,0.01,0.71,51.14,13.28,1.56,0,2.83,0,796.43,0.09,37.16,0.14,833.83,0,-23397.64,0,-54.189999999998705
Oct 2038,809.37,1.55,0,0,0.01,0.71,37.65,9.56,1.17,0,2.2,0,806.65,0.05,27.4,0.11,834.21,0,-23431.24,0,-33.6000000000022
Nov 2038,26.7,0.26,0,0,0.01,0.71,7.11,1.18,0.17,0,0.94,0,26.26,0.03,5.23,0.0,31.52,0,-23456.08,0,-24.8400000000001
Dec 2038,225.44,0.78,0,0,0.01,0.71,3.1,0.02,0.54,0,1.44,0,224.13,0.04,2.38,0.0,226.54,0,-23460.9,0,-4.81999999999971
Jan 2039,252.51,0.75,0,0,0.01,0.71,3.1,0.02,0.51,0,1.42,0,251.25,0.03,2.38,0.0,253.65,0,-23462.0,0,-1.09999999999854
Feb 2039,194.74,0.46,0,0,0.01,0.71,3.1,0.02,0.34,0,1.13,0,193.94,0.03,2.38,0.0,196.35,0,-23463.15,0,-1.15000000000146
Mar 2039,141.86,0.76,0,0,0.01,0.71,12.92,2.78,0.51,0,1.34,0,140.59,0.12,9.44,0.01,150.17,0,-23464.76,0,-1.6099999999969399
Apr 2039,61.97,0.61,0,0,0.01,0.71,97.5,26.1,0.4,0,1.23,0,60.95,0.08,70.7,0.16,131.88,0,-23473.07,0,-8.31000000000131
May 2039,701.37,2.33,0,0,0.01,0.71,72.83,19.28,1.59,0,2.91,0,697.45,0.13,52.86,0.19,750.62,0,-23542.99,0,-69.92000000000189
Jun 2039,824.08,2.84,0,0,0.01,0.71,81.37,21.65,1.9,0,3.42,0,819.34,0.12,59.01,0.22,878.69,0,-23592.24,0,-49.25
Jul 2039,696.63,2.54,0,0,0.01,0.71,90.82,24.26,1.71,0,3.15,0,692.39,0.09,65.86,0.21,758.55,0,-23646.85,0,-54.6099999999969
Aug 2039,705.85,2.58,0,0,0.0,0.7,84.8,22.58,1.71,0,3.19,0,701.55,0.09,61.52,0.2,763.36,0,-23708.77,0,-61.9200000000019
Sep 2039,448.35,1.46,0,0,0.0,0.7,85.95,22.9,1.03,0,2.08,0,445.86,0.08,62.35,0.16,508.45,0,-23766.28,0,-57.5099999999984
Oct 2039,1034.1,2.4,0,0,0.01,0.7,15.02,3.31,1.65,0,3.06,0,1030.05,0.04,11.01,0.1,1041.2,0,-23826.38,0,-60.100000000002204
Nov 2039,1.76,0.02,0,0,0.01,0.7,6.84,1.1,0.01,0,0.7,0,1.72,0.02,5.04,0.0,6.78,0,-23833.48,0,-7.0999999999985395
Dec 2039,12.41,0.1,0,0,0.01,0.7,3.1,0.02,0.07,0,0.78,0,12.25,0.02,2.38,0.0,14.64,0,-23838.5,0,-5.02000000000044
Jan 2040,334.2,1.01,0,0,0.01,0.7,3.1,0.02,0.69,0,1.67,0,332.51,0.04,2.38,0.0,334.92,0,-23840.73,0,-2.2299999999995603
Feb 2040,32.53,0.15,0,0,0.01,0.7,3.1,0.02,0.11,0,0.83,0,32.26,0.02,2.38,0.0,34.67,0,-23841.45,0,-0.720000000001164
Mar 2040,97.38,0.47,0,0,0.01,0.7,8.38,1.52,0.29,0,1.09,0,96.61,0.08,6.16,0.01,102.86,0,-23843.59,0,-2.13999999999942
Apr 2040,0.0,0.03,0,0,0.01,0.7,110.05,29.56,0.03,0,0.66,0,-0.05,0.07,79.79,0.17,79.98,0,-23849.07,0,-5.47999999999956
May 2040,191.89,1.23,0,0,0.0,0.7,113.92,30.63,0.83,0,1.84,0,189.82,0.09,82.59,0.21,272.7,0,-23929.05,0,-79.97999999999959
Jun 2040,443.07,1.36,0,0,0.0,0.7,113.5,30.52,0.95,0,1.97,0,440.76,0.1,82.28,0.23,523.36,0,-24009.87,0,-80.81999999999971
Jul 2040,183.4,0.7,0,0,0.0,0.7,136.7,36.92,0.51,0,1.33,0,182.19,0.08,99.08,0.23,281.57,0,-24090.16,0,-80.2900000000009
Aug 2040,290.17,1.17,0,0,0.0,0.7,118.71,31.96,0.8,0,1.79,0,288.2,0.08,86.05,0.2,374.53,0,-24188.33,0,-98.1700000000019
Sep 2040,526.19,2.14,0,0,0.01,0.7,74.3,19.7,1.49,0,2.76,0,522.56,0.08,53.9,0.16,576.7,0,-24272.7,0,-84.369999999999
Oct 2040,889.2,2.49,0,0,0.01,0.7,20.82,4.92,1.71,0,3.14,0,885.01,0.04,15.2,0.09,900.35,0,-24323.2,0,-50.5
Nov 2040,2.38,0.04,0,0,0.01,0.7,9.66,1.91,0.03,0,0.72,0,2.31,0.02,7.05,0.0,9.38,0,-24334.35,0,-11.149999999997801
Dec 2040,174.14,0.6,0,0,0.01,0.7,3.1,0.02,0.41,0,1.28,0,173.13,0.01,2.38,0.0,175.52,0,-24341.34,0,-6.9900000000016
Jan 2041,322.92,0.72,0,0,0.01,0.7,3.1,0.02,0.5,0,1.41,0,321.7,0.01,2.38,0.0,324.09,0,-24342.72,0,-1.3800000000010202
Feb 2041,101.27,0.18,0,0,0.01,0.7,3.1,0.02,0.16,0,0.87,0,100.92,0.01,2.38,0.0,103.31,0,-24343.89,0,-1.16999999999825
Mar 2041,22.07,0.15,0,0,0.01,0.7,10.07,2.0,0.11,0,0.81,0,21.81,0.05,7.37,0.01,29.23,0,-24345.93,0,-2.04000000000087
Apr 2041,279.32,1.69,0,0,0.01,0.7,69.72,18.44,1.09,0,2.33,0,276.53,0.06,50.59,0.14,327.31,0,-24353.09,0,-7.15999999999985
May 2041,416.72,0.87,0,0,0.01,0.7,100.24,26.83,0.66,0,1.5,0,415.2,0.07,72.71,0.2,488.18,0,-24401.08,0,-47.9900000000016
Jun 2041,732.94,1.91,0,0,0.0,0.7,88.26,23.54,1.36,0,2.51,0,729.67,0.1,64.02,0.22,794.0,0,-24472.54,0,-71.4599999999991
Jul 2041,844.11,3.05,0,0,0.01,0.7,82.5,21.96,2.08,0,3.66,0,838.97,0.1,59.84,0.21,899.12,0,-24533.6,0,-61.0599999999977
Aug 2041,1195.9,3.58,0,0,0.01,0.7,55.25,14.43,2.46,0,4.17,0,1189.86,0.1,40.12,0.19,1230.27,0,-24588.61,0,-55.010000000002
Sep 2041,457.04,0.97,0,0,0.0,0.7,84.5,22.48,0.75,0,1.6,0,455.32,0.08,61.32,0.16,516.87,0,-24622.98,0,-34.369999999998996
Oct 2041,535.17,1.83,0,0,0.01,0.7,51.26,13.32,1.32,0,2.48,0,532.02,0.05,37.24,0.11,569.42,0,-24682.81,0,-59.830000000001704
Nov 2041,29.59,0.14,0,0,0.01,0.7,3.32,0.09,0.1,0,0.83,0,29.35,0.01,2.53,0.0,31.9,0,-24717.06,0,-34.25
Dec 2041,58.47,0.18,0,0,0.01,0.7,3.1,0.02,0.14,0,0.87,0,58.15,0.0,2.38,0.0,60.53,0,-24719.36,0,-2.29999999999927
Jan 2042,205.6,0.4,0,0,0.01,0.7,3.1,0.02,0.3,0,1.08,0,204.9,0.01,2.38,0.0,207.29,0,-24721.42,0,-2.05999999999767
Feb 2042,363.01,1.24,0,0,0.01,0.7,3.1,0.02,0.85,0,1.85,0,360.93,0.08,2.38,0.0,363.39,0,-24723.11,0,-1.6900000000023299
Mar 2042,154.13,0.72,0,0,0.01,0.7,6.25,0.92,0.44,0,1.33,0,152.96,0.09,4.63,0.0,157.69,0,-24723.48,0,-0.369999999998981
Apr 2042,692.97,3.32,0,0,0.01,0.7,49.22,12.77,1.96,0,3.88,0,687.68,0.14,35.76,0.16,723.74,0,-24727.05,0,-3.56999999999971
May 2042,287.97,0.92,0,0,0.0,0.7,105.73,28.35,0.73,0,1.53,0,286.32,0.09,76.68,0.2,363.29,0,-24757.82,0,-30.7700000000004
Jun 2042,2326.13,6.22,0,0,0.01,0.7,41.06,10.5,4.39,0,6.72,0,2315.52,0.2,29.86,0.21,2345.8,0,-24833.15,0,-75.3300000000017
Jul 2042,1750.23,4.87,0,0,0.01,0.7,47.27,12.22,3.34,0,5.38,0,1742.02,0.19,34.35,0.21,1776.77,0,-24852.82,0,-19.6699999999983
Aug 2042,812.82,2.86,0,0,0.01,0.7,73.6,19.51,1.97,0,3.4,0,807.99,0.16,53.4,0.19,861.73,0,-24879.35,0,-26.529999999998804
Sep 2042,1121.9,3.27,0,0,0.01,0.7,33.63,8.45,2.37,0,3.81,0,1116.26,0.16,24.48,0.14,1141.04,0,-24928.26,0,-48.9099999999999
Oct 2042,512.57,1.6,0,0,0.01,0.7,54.12,14.12,1.16,0,2.21,0,509.81,0.09,39.31,0.11,549.32,0,-24947.4,0,-19.140000000003102
Nov 2042,28.56,0.15,0,0,0.01,0.7,6.54,1.02,0.1,0,0.83,0,28.31,0.02,4.83,0.0,33.16,0,-24984.16,0,-36.7599999999984
Dec 2042,95.82,0.47,0,0,0.01,0.7,3.09,0.02,0.31,0,1.14,0,95.03,0.03,2.37,0.0,97.43,0,-24988.76,0,-4.59999999999854
Jan 2043,137.76,0.32,0,0,0.01,0.7,3.09,0.02,0.25,0,1.0,0,137.2,0.01,2.37,0.0,139.58,0,-24990.37,0,-1.6100000000005799
Feb 2043,607.97,1.66,0,0,0.01,0.7,3.09,0.02,1.11,0,2.26,0,605.21,0.09,2.37,0.0,607.67,0,-24992.2,0,-1.83000000000175
Mar 2043,167.8,1.34,0,0,0.01,0.7,6.61,1.03,0.86,0,1.85,0,165.61,0.18,4.89,0.0,170.68,0,-24991.89,0,0.31000000000131
Apr 2043,17.64,0.11,0,0,0.01,0.7,108.9,29.25,0.09,0,0.72,0,17.45,0.08,78.96,0.18,96.67,0,-24994.77,0,-2.88000000000102
May 2043,124.59,0.88,0,0,0.01,0.7,119.58,32.19,0.65,0,1.46,0,123.06,0.12,86.69,0.21,210.08,0,-25073.79,0,-79.02000000000041
Jun 2043,311.48,1.26,0,0,0.0,0.7,125.32,33.78,0.84,0,1.85,0,309.37,0.11,90.84,0.24,400.57,0,-25159.28,0,-85.48999999999799
Jul 2043,808.59,2.78,0,0,0.0,0.7,91.76,24.52,1.87,0,3.38,0,803.94,0.09,66.54,0.23,870.8,0,-25248.37,0,-89.09000000000009
Aug 2043,267.79,0.79,0,0,0.0,0.7,116.51,31.34,0.62,0,1.4,0,266.39,0.09,84.47,0.2,351.15,0,-25310.58,0,-62.21000000000279
Sep 2043,775.47,2.32,0,0,0.01,0.7,58.13,15.21,1.65,0,2.93,0,771.5,0.08,42.22,0.15,813.96,0,-25393.93,0,-83.3499999999985
Oct 2043,251.12,1.09,0,0,0.01,0.7,65.21,17.2,0.77,0,1.75,0,249.25,0.04,47.32,0.1,296.72,0,-25432.42,0,-38.489999999998005
Nov 2043,16.56,0.15,0,0,0.01,0.7,3.48,0.13,0.1,0,0.83,0,16.3,0.02,2.65,0.0,18.97,0,-25478.02,0,-45.600000000002204
Dec 2043,106.31,0.27,0,0,0.01,0.7,3.09,0.02,0.21,0,0.95,0,105.83,0.01,2.37,0.0,108.21,0,-25480.43,0,-2.40999999999985
Jan 2044,52.09,0.23,0,0,0.01,0.7,3.09,0.02,0.18,0,0.92,0,51.67,0.01,2.37,0.0,54.05,0,-25482.34,0,-1.90999999999985
Feb 2044,71.72,0.33,0,0,0.01,0.7,3.09,0.02,0.23,0,1.0,0,71.16,0.02,2.37,0.0,73.55,0,-25484.3,0,-1.9599999999991298
Mar 2044,334.26,1.64,0,0,0.01,0.7,6.35,0.95,0.95,0,2.2,0,331.67,0.14,4.7,0.01,336.52,0,-25486.13,0,-1.83000000000175
Apr 2044,62.2,0.69,0,0,0.01,0.7,96.23,25.75,0.47,0,1.3,0,61.05,0.08,69.78,0.16,131.07,0,-25488.39,0,-2.2599999999983997
May 2044,132.46,0.55,0,0,0.0,0.7,118.6,31.92,0.36,0,1.15,0,131.55,0.1,85.98,0.2,217.83,0,-25557.25,0,-68.8600000000006
Jun 2044,718.5,2.25,0,0,0.0,0.7,91.27,24.38,1.5,0,2.85,0,714.75,0.1,66.2,0.23,781.27,0,-25642.62,0,-85.369999999999
Jul 2044,533.68,2.42,0,0,0.01,0.7,107.02,28.74,1.61,0,3.02,0,529.65,0.09,77.58,0.22,607.55,0,-25705.39,0,-62.7700000000004
Aug 2044,1422.28,4.09,0,0,0.01,0.7,48.44,12.55,2.83,0,4.67,0,1415.37,0.11,35.2,0.19,1450.88,0,-25779.26,0,-73.869999999999
Sep 2044,602.37,1.15,0,0,0.0,0.7,77.37,20.5,0.84,0,1.77,0,600.39,0.07,56.17,0.16,656.79,0,-25807.85,0,-28.5900000000001
Oct 2044,43.2,0.18,0,0,0.01,0.7,89.4,23.87,0.14,0,0.83,0,42.88,0.04,64.84,0.11,107.88,0,-25862.27,0,-54.4200000000019
Nov 2044,32.24,0.14,0,0,0.01,0.7,3.83,0.24,0.11,0,0.83,0,31.99,0.01,2.9,0.0,34.9,0,-25926.95,0,-64.68000000000029
Dec 2044,420.06,1.26,0,0,0.01,0.7,3.09,0.02,0.87,0,1.93,0,417.93,0.03,2.37,0.0,420.33,0,-25929.61,0,-2.65999999999985
Jan 2045,119.53,0.41,0,0,0.01,0.7,3.09,0.02,0.29,0,1.1,0,118.83,0.01,2.37,0.0,121.21,0,-25929.87,0,-0.25999999999839896
Feb 2045,218.07,0.68,0,0,0.01,0.7,3.56,0.16,0.43,0,1.35,0,216.96,0.02,2.71,0.0,219.68,0,-25931.55,0,-1.68000000000029
Mar 2045,401.96,1.95,0,0,0.01,0.7,12.64,2.77,1.11,0,2.44,0,398.91,0.2,9.17,0.04,408.31,0,-25933.16,0,-1.6100000000005799
Apr 2045,190.39,0.76,0,0,0.01,0.7,55.1,14.46,0.5,0,1.4,0,189.12,0.06,39.95,0.11,229.23,0,-25939.51,0,-6.3499999999985395
May 2045,448.92,1.17,0,0,0.01,0.7,95.03,25.39,0.85,0,1.78,0,446.89,0.08,68.95,0.2,516.12,0,-25978.36,0,-38.850000000002204
Jun 2045,650.76,1.81,0,0,0.0,0.7,100.69,26.99,1.29,0,2.4,0,647.65,0.11,73.01,0.24,721.01,0,-26045.55,0,-67.1899999999987
Jul 2045,1243.33,4.45,0,0,0.01,0.7,62.05,16.32,2.95,0,5.01,0,1235.93,0.14,45.03,0.21,1281.32,0,-26115.8,0,-70.25
Aug 2045,809.57,3.17,0,0,0.01,0.7,76.32,20.27,2.17,0,3.71,0,804.24,0.16,55.36,0.2,859.95,0,-26153.78,0,-37.9799999999996
Sep 2045,484.39,1.72,0,0,0.0,0.7,82.9,22.07,1.16,0,2.33,0,481.51,0.08,60.14,0.17,541.9,0,-26204.16,0,-50.380000000001004
Oct 2045,1387.24,4.33,0,0,0.01,0.7,7.9,1.39,2.87,0,4.85,0,1380.04,0.17,5.83,0.12,1386.15,0,-26261.67,0,-57.5099999999984
Nov 2045,282.36,1.08,0,0,0.01,0.7,4.04,0.3,0.72,0,1.69,0,280.56,0.07,3.05,0.0,283.68,0,-26260.58,0,1.08999999999651
Dec 2045,415.14,1.06,0,0,0.01,0.7,3.08,0.02,0.75,0,1.71,0,413.33,0.05,2.37,0.0,415.74,0,-26261.9,0,-1.31999999999971
Jan 2046,128.01,0.24,0,0,0.01,0.7,3.08,0.02,0.2,0,0.91,0,127.57,0.02,2.37,0.0,129.96,0,-26262.5,0,-0.599999999998545
Feb 2046,120.84,0.47,0,0,0.01,0.7,3.08,0.02,0.32,0,1.11,0,120.05,0.05,2.37,0.0,122.47,0,-26264.45,0,-1.9500000000007298
Mar 2046,17.34,0.03,0,0,0.01,0.7,5.72,0.78,0.04,0,0.63,0,17.27,0.09,4.25,0.0,21.61,0,-26266.07,0,-1.6199999999989798
Apr 2046,312.55,1.6,0,0,0.01,0.7,78.25,20.78,1.02,0,2.18,0,309.93,0.11,56.77,0.16,366.97,0,-26270.34,0,-4.27000000000044
May 2046,674.1,1.55,0,0,0.01,0.7,81.87,21.76,1.09,0,2.14,0,671.46,0.1,59.43,0.2,731.19,0,-26324.76,0,-54.419999999998296
Jun 2046,465.15,1.71,0,0,0.0,0.7,106.91,28.69,1.2,0,2.3,0,462.23,0.1,77.53,0.22,540.09,0,-26381.85,0,-57.0900000000001
Jul 2046,498.46,1.65,0,0,0.0,0.7,113.07,30.4,1.17,0,2.25,0,495.64,0.09,81.98,0.22,577.93,0,-26456.79,0,-74.9400000000023
Aug 2046,1409.38,4.46,0,0,0.01,0.7,46.09,11.91,3.01,0,5.03,0,1401.9,0.12,33.5,0.19,1435.71,0,-26536.26,0,-79.4699999999975
Sep 2046,752.77,1.92,0,0,0.0,0.7,62.54,16.44,1.4,0,2.53,0,749.45,0.08,45.41,0.16,795.1,0,-26562.59,0,-26.330000000001696
Oct 2046,221.67,0.81,0,0,0.01,0.7,71.06,18.8,0.58,0,1.46,0,220.28,0.04,51.57,0.11,271.99,0,-26604.93,0,-42.3400000000001
Nov 2046,6.64,0.02,0,0,0.01,0.7,15.21,3.51,0.02,0,0.7,0,6.6,0.02,11.0,0.0,17.62,0,-26655.25,0,-50.3199999999997
Dec 2046,29.47,0.1,0,0,0.01,0.7,3.08,0.02,0.07,0,0.77,0,29.3,0.01,2.37,0.0,31.68,0,-26666.23,0,-10.979999999999599
Jan 2047,15.6,0.1,0,0,0.01,0.7,3.08,0.02,0.08,0,0.78,0,15.42,0.01,2.37,0.0,17.8,0,-26668.44,0,-2.20999999999913
Feb 2047,426.03,1.42,0,0,0.01,0.7,3.08,0.02,0.93,0,2.03,0,423.68,0.09,2.37,0.0,426.14,0,-26670.64,0,-2.20000000000073
Mar 2047,5.86,0.08,0,0,0.01,0.7,9.86,1.94,0.07,0,0.71,0,5.71,0.06,7.23,0.01,13.02,0,-26670.75,0,-0.11000000000058198
Apr 2047,107.18,0.24,0,0,0.01,0.7,89.04,23.76,0.21,0,0.89,0,106.73,0.04,64.59,0.15,171.51,0,-26677.9,0,-7.1500000000014605
May 2047,645.72,2.43,0,0,0.01,0.7,75.14,19.92,1.59,0,3.0,0,641.7,0.12,54.54,0.19,696.56,0,-26742.23,0,-64.32999999999811
Jun 2047,239.95,1.15,0,0,0.0,0.69,120.19,32.37,0.77,0,1.74,0,238.02,0.11,87.13,0.22,325.47,0,-26793.07,0,-50.8400000000001
Jul 2047,501.17,2.04,0,0,0.0,0.69,110.04,29.57,1.39,0,2.65,0,497.74,0.09,79.78,0.22,577.83,0,-26878.59,0,-85.52000000000041
Aug 2047,1111.22,4.42,0,0,0.01,0.69,59.12,15.52,2.93,0,4.99,0,1103.87,0.11,42.91,0.2,1147.09,0,-26955.25,0,-76.65999999999991
Sep 2047,728.05,2.07,0,0,0.01,0.69,66.31,17.47,1.5,0,2.68,0,724.48,0.08,48.15,0.16,772.87,0,-26991.13,0,-35.880000000001004
Oct 2047,280.88,0.92,0,0,0.01,0.69,66.72,17.61,0.66,0,1.56,0,279.3,0.05,48.42,0.11,327.87,0,-27035.94,0,-44.8099999999977
Nov 2047,425.89,1.39,0,0,0.01,0.69,3.1,0.03,0.92,0,2.03,0,423.57,0.05,2.38,0.0,426.01,0,-27082.93,0,-46.9900000000016
Dec 2047,97.73,0.24,0,0,0.01,0.69,3.08,0.02,0.19,0,0.92,0,97.3,0.01,2.37,0.0,99.68,0,-27083.05,0,-0.119999999998981
Jan 2048,64.15,0.27,0,0,0.01,0.69,3.08,0.02,0.2,0,0.94,0,63.68,0.02,2.37,0.0,66.06,0,-27085.0,0,-1.9500000000007298
Feb 2048,122.53,0.5,0,0,0.01,0.69,4.66,0.48,0.34,0,1.15,0,121.69,0.04,3.49,0.0,125.22,0,-27086.92,0,-1.91999999999825
Mar 2048,45.28,0.35,0,0,0.01,0.69,20.54,5.01,0.22,0,0.97,0,44.71,0.06,14.84,0.05,59.67,0,-27089.61,0,-2.69000000000233
Apr 2048,182.15,0.65,0,0,0.01,0.69,86.74,23.13,0.45,0,1.28,0,181.06,0.06,62.92,0.15,244.19,0,-27104.0,0,-14.389999999999402
May 2048,337.11,1.37,0,0,0.01,0.69,99.38,26.62,0.93,0,1.96,0,334.81,0.1,72.07,0.2,407.18,0,-27166.05,0,-62.049999999999294
Jun 2048,751.51,3.17,0,0,0.01,0.69,84.14,22.43,2.06,0,3.74,0,746.28,0.11,61.02,0.22,807.64,0,-27236.11,0,-70.0600000000013
Jul 2048,333.62,1.35,0,0,0.0,0.69,121.66,32.79,0.96,0,1.94,0,331.3,0.09,88.19,0.22,419.8,0,-27292.24,0,-56.130000000001004
Aug 2048,674.69,1.94,0,0,0.0,0.69,92.58,24.73,1.4,0,2.54,0,671.35,0.09,67.16,0.2,738.8,0,-27378.43,0,-86.1899999999987
Sep 2048,408.39,1.09,0,0,0.0,0.69,86.46,23.04,0.82,0,1.71,0,406.48,0.07,62.73,0.16,469.45,0,-27442.54,0,-64.1100000000006
Oct 2048,360.21,1.73,0,0,0.01,0.69,60.59,15.93,1.1,0,2.37,0,357.38,0.04,43.97,0.11,401.51,0,-27503.59,0,-61.049999999999294
Nov 2048,278.69,0.79,0,0,0.01,0.69,5.15,0.62,0.54,0,1.46,0,277.36,0.01,3.85,0.0,281.23,0,-27544.89,0,-41.2999999999993
Dec 2048,45.88,0.18,0,0,0.01,0.69,3.08,0.02,0.13,0,0.86,0,45.56,0.01,2.37,0.0,47.94,0,-27547.43,0,-2.54000000000087
Jan 2049,195.31,0.35,0,0,0.01,0.69,3.08,0.02,0.27,0,1.03,0,194.69,0.01,2.37,0.0,197.07,0,-27549.5,0,-2.06999999999971
Feb 2049,339.08,1.1,0,0,0.01,0.69,3.08,0.02,0.74,0,1.75,0,337.23,0.04,2.37,0.0,339.64,0,-27551.25,0,-1.75
Mar 2049,46.45,0.04,0,0,0.01,0.69,6.63,1.03,0.06,0,0.69,0,46.34,0.04,4.91,0.0,51.29,0,-27551.82,0,-0.569999999999709
Apr 2049,7.33,0.14,0,0,0.01,0.69,109.09,29.31,0.11,0,0.77,0,7.08,0.06,79.09,0.17,86.41,0,-27556.66,0,-4.84000000000015
May 2049,767.27,2.27,0,0,0.01,0.69,72.96,19.29,1.57,0,2.87,0,763.44,0.09,52.97,0.2,816.69,0,-27635.75,0,-79.09000000000009
Jun 2049,817.43,2.85,0,0,0.01,0.69,83.49,22.25,1.9,0,3.43,0,812.68,0.11,60.55,0.23,873.57,0,-27685.17,0,-49.419999999998296
Jul 2049,752.09,3.0,0,0,0.01,0.69,90.01,24.05,2.05,0,3.56,0,747.03,0.13,65.28,0.22,812.66,0,-27741.31,0,-56.1400000000031
Aug 2049,695.86,2.43,0,0,0.01,0.69,83.27,22.18,1.71,0,3.01,0,691.73,0.11,60.4,0.19,752.43,0,-27801.88,0,-60.5699999999997
Sep 2049,73.05,0.08,0,0,0.0,0.69,116.6,31.36,0.08,0,0.68,0,72.88,0.1,84.55,0.17,157.7,0,-27858.45,0,-56.5699999999997
Oct 2049,848.58,2.22,0,0,0.01,0.69,32.82,8.25,1.57,0,2.85,0,844.79,0.06,23.88,0.12,868.84,0,-27943.1,0,-84.6499999999978
Nov 2049,7.98,0.1,0,0,0.01,0.69,3.62,0.18,0.07,0,0.77,0,7.82,0.02,2.75,0.0,10.59,0,-27963.36,0,-20.260000000002
Dec 2049,118.09,0.37,0,0,0.01,0.69,3.08,0.02,0.26,0,1.05,0,117.46,0.01,2.37,0.0,119.84,0,-27965.97,0,-2.61000000000058
Jan 2050,117.63,0.38,0,0,0.01,0.69,3.08,0.02,0.24,0,1.06,0,117.01,0.01,2.37,0.0,119.39,0,-27967.72,0,-1.75
Feb 2050,111.94,0.75,0,0,0.01,0.69,3.11,0.03,0.49,0,1.39,0,110.71,0.05,2.39,0.0,113.14,0,-27969.47,0,-1.75
Mar 2050,11.93,0.07,0,0,0.01,0.69,35.3,9.06,0.05,0,0.7,0,11.81,0.05,25.55,0.04,37.46,0,-27970.67,0,-1.19999999999709
Apr 2050,165.61,0.42,0,0,0.01,0.69,91.96,24.57,0.31,0,1.07,0,164.87,0.04,66.71,0.16,231.78,0,-27996.19,0,-25.5200000000004
May 2050,239.14,0.81,0,0,0.0,0.69,113.21,30.43,0.56,0,1.42,0,237.77,0.08,82.09,0.21,320.16,0,-28062.37,0,-66.18000000000029
Jun 2050,486.66,1.51,0,0,0.0,0.69,112.3,30.19,1.12,0,2.11,0,484.03,0.09,81.41,0.24,565.77,0,-28143.39,0,-81.02000000000041
Jul 2050,264.3,1.18,0,0,0.0,0.69,133.07,35.93,0.8,0,1.78,0,262.33,0.09,96.45,0.23,359.1,0,-28222.49,0,-79.1000000000022
Aug 2050,498.53,2.91,0,0,0.01,0.69,101.77,27.31,1.92,0,3.49,0,493.69,0.11,73.77,0.21,567.78,0,-28317.29,0,-94.7999999999993
Sep 2050,82.14,0.19,0,0,0.0,0.69,117.62,31.64,0.19,0,0.8,0,81.76,0.09,85.29,0.17,167.31,0,-28386.54,0,-69.25
Oct 2050,154.49,0.34,0,0,0.01,0.69,76.59,20.33,0.26,0,0.99,0,153.89,0.04,55.57,0.11,209.61,0,-28471.71,0,-85.1699999999983
Nov 2050,667.2,1.4,0,0,0.01,0.69,3.08,0.02,1.0,0,2.07,0,664.79,0.02,2.37,0.0,667.18,0,-28526.83,0,-55.120000000002605
Dec 2050,113.38,0.35,0,0,0.01,0.69,3.08,0.02,0.26,0,1.03,0,112.76,0.01,2.37,0.0,115.14,0,-28526.81,0,0.0200000000004366
Jan 2051,175.11,0.69,0,0,0.01,0.69,3.08,0.02,0.45,0,1.36,0,173.97,0.01,2.37,0.0,176.36,0,-28528.58,0,-1.7700000000004399
Feb 2051,322.08,0.82,0,0,0.01,0.69,10.03,2.02,0.56,0,1.48,0,320.7,0.02,7.32,0.0,328.05,0,-28529.82,0,-1.23999999999796
Mar 2051,87.68,0.28,0,0,0.01,0.69,18.62,4.47,0.18,0,0.92,0,87.22,0.05,13.46,0.01,100.74,0,-28535.79,0,-5.97000000000116
Apr 2051,1061.2,3.75,0,0,0.01,0.69,23.52,5.68,2.29,0,4.35,0,1055.16,0.09,17.15,0.15,1072.55,0,-28548.85,0,-13.0599999999977
May 2051,268.64,1.19,0,0,0.01,0.69,102.17,27.38,0.86,0,1.77,0,266.59,0.11,74.1,0.19,340.99,0,-28560.2,0,-11.350000000002199
Jun 2051,1530.08,3.66,0,0,0.01,0.69,51.99,13.53,2.61,0,4.18,0,1523.81,0.16,37.77,0.22,1561.97,0,-28632.55,0,-72.3499999999985
Jul 2051,1017.99,3.68,0,0,0.01,0.69,75.07,19.92,2.36,0,4.25,0,1011.95,0.12,54.45,0.22,1066.74,0,-28664.43,0,-31.880000000001
Aug 2051,458.89,1.91,0,0,0.01,0.69,102.59,27.51,1.31,0,2.5,0,455.68,0.09,74.39,0.2,530.36,0,-28713.18,0,-48.75
Sep 2051,276.6,0.57,0,0,0.0,0.69,101.18,27.09,0.49,0,1.19,0,275.55,0.07,73.39,0.16,349.17,0,-28784.65,0,-71.4700000000012
Oct 2051,54.52,0.06,0,0,0.0,0.69,87.96,23.46,0.08,0,0.71,0,54.37,0.04,63.81,0.11,118.33,0,-28857.22,0,-72.56999999999971
Nov 2051,427.42,1.29,0,0,0.01,0.69,4.06,0.31,0.88,0,1.95,0,425.25,0.02,3.07,0.0,428.34,0,-28921.04,0,-63.8199999999997
Dec 2051,72.61,0.27,0,0,0.01,0.69,3.08,0.02,0.19,0,0.96,0,72.14,0.01,2.37,0.0,74.52,0,-28921.96,0,-0.919999999998254
Jan 2052,173.43,0.58,0,0,0.01,0.69,3.08,0.02,0.39,0,1.25,0,172.46,0.01,2.37,0.0,174.84,0,-28923.87,0,-1.90999999999985
Feb 2052,165.06,0.62,0,0,0.01,0.69,3.08,0.02,0.4,0,1.28,0,164.04,0.02,2.37,0.0,166.43,0,-28925.28,0,-1.40999999999985
Mar 2052,43.11,0.29,0,0,0.01,0.69,7.37,1.24,0.2,0,0.94,0,42.62,0.04,5.44,0.0,48.11,0,-28926.66,0,-1.3800000000010202
Apr 2052,36.4,0.39,0,0,0.01,0.69,99.21,26.57,0.24,0,1.03,0,35.77,0.06,71.95,0.16,107.93,0,-28931.65,0,-4.9900000000016
May 2052,1782.09,4.79,0,0,0.01,0.69,29.97,7.44,3.27,0,5.3,0,1774.03,0.18,21.84,0.2,1796.25,0,-29003.18,0,-71.5299999999988
Jun 2052,94.34,0.29,0,0,0.0,0.69,139.67,37.74,0.23,0,0.84,0,93.82,0.14,101.24,0.23,195.44,0,-29017.34,0,-14.1599999999999
Jul 2052,234.55,0.95,0,0,0.0,0.69,134.85,36.41,0.63,0,1.57,0,232.96,0.08,97.74,0.23,331.02,0,-29118.44,0,-101.09999999999901
Aug 2052,360.5,1.56,0,0,0.0,0.69,114.34,30.76,1.0,0,2.16,0,357.94,0.09,82.89,0.21,441.12,0,-29214.91,0,-96.4700000000012
Sep 2052,1299.64,2.08,0,0,0.0,0.69,41.98,10.74,1.64,0,2.69,0,1295.92,0.08,30.55,0.16,1326.7,0,-29295.54,0,-80.630000000001
Oct 2052,90.12,0.15,0,0,0.0,0.69,95.84,25.64,0.15,0,0.79,0,89.82,0.05,69.51,0.13,159.52,0,-29322.61,0,-27.0699999999997
Nov 2052,8.3,0.03,0,0,0.01,0.69,28.45,7.1,0.02,0,0.7,0,8.25,0.02,20.66,0.03,28.96,0,-29392.0,0,-69.3899999999994
Dec 2052,2.62,0.01,0,0,0.01,0.69,3.08,0.02,0.01,0,0.69,0,2.6,0.01,2.37,0.0,4.98,0,-29412.66,0,-20.659999999999897
Jan 2053,36.14,0.17,0,0,0.01,0.69,3.08,0.02,0.13,0,0.85,0,35.85,0.0,2.37,0.0,38.22,0,-29415.02,0,-2.36000000000058
Feb 2053,105.59,0.57,0,0,0.01,0.69,3.64,0.18,0.35,0,1.24,0,104.67,0.01,2.77,0.0,107.45,0,-29417.1,0,-2.07999999999811
Mar 2053,42.51,0.24,0,0,0.01,0.69,26.48,6.64,0.16,0,0.89,0,42.11,0.04,19.16,0.02,61.32,0,-29418.96,0,-1.8600000000005799
Apr 2053,752.17,2.72,0,0,0.01,0.69,48.34,12.53,1.64,0,3.34,0,747.81,0.07,35.12,0.17,783.16,0,-29437.78,0,-18.8199999999997
May 2053,266.53,0.68,0,0,0.0,0.69,115.9,31.17,0.51,0,1.29,0,265.35,0.08,84.04,0.22,349.69,0,-29468.76,0,-30.9799999999996
Jun 2053,33.93,0.38,0,0,0.0,0.69,157.73,42.73,0.28,0,0.97,0,33.28,0.1,114.31,0.26,147.95,0,-29551.92,0,-83.15999999999991
Jul 2053,411.57,2.83,0,0,0.01,0.69,118.78,32.0,1.88,0,3.41,0,406.86,0.1,86.09,0.24,493.28,0,-29665.93,0,-114.01000000000201
Aug 2053,173.1,0.79,0,0,0.0,0.69,131.25,35.42,0.57,0,1.39,0,171.73,0.09,95.14,0.21,267.17,0,-29747.65,0,-81.7200000000012
Sep 2053,147.4,0.29,0,0,0.0,0.69,111.16,29.86,0.21,0,0.92,0,146.9,0.06,80.61,0.17,227.73,0,-29841.72,0,-94.0699999999997
Oct 2053,151.38,0.78,0,0,0.01,0.69,83.31,22.19,0.55,0,1.42,0,150.05,0.04,60.44,0.12,210.65,0,-29922.05,0,-80.3299999999981
Nov 2053,110.88,0.39,0,0,0.01,0.69,5.41,0.69,0.26,0,1.07,0,110.23,0.01,4.04,0.0,114.28,0,-29981.32,0,-59.2700000000004
Dec 2053,122.72,0.36,0,0,0.01,0.69,3.08,0.02,0.28,0,1.04,0,122.07,0.01,2.37,0.0,124.45,0,-29984.72,0,-3.4000000000014596
Jan 2054,149.08,0.56,0,0,0.01,0.69,3.08,0.02,0.37,0,1.24,0,148.15,0.01,2.37,0.0,150.53,0,-29986.45,0,-1.7299999999995601
Feb 2054,11.99,0.05,0,0,0.01,0.69,3.09,0.03,0.04,0,0.72,0,11.9,0.01,2.38,0.0,14.3,0,-29987.89,0,-1.4399999999986899
Mar 2054,170.3,0.86,0,0,0.01,0.69,27.27,6.83,0.57,0,1.48,0,168.87,0.06,19.75,0.03,188.72,0,-29990.2,0,-2.31000000000131
Apr 2054,3.28,0.06,0,0,0.01,0.69,109.67,29.47,0.05,0,0.69,0,3.17,0.06,79.52,0.18,82.92,0,-30008.62,0,-18.4199999999983
May 2054,120.44,0.44,0,0,0.0,0.69,124.47,33.54,0.3,0,1.06,0,119.7,0.07,90.24,0.21,210.23,0,-30088.27,0,-79.6500000000015
Jun 2054,537.3,2.95,0,0,0.01,0.69,109.07,29.33,1.88,0,3.53,0,532.46,0.12,79.05,0.25,611.88,0,-30178.05,0,-89.7799999999988
Jul 2054,101.22,0.85,0,0,0.0,0.69,147.82,40.0,0.58,0,1.44,0,99.79,0.1,107.13,0.24,207.26,0,-30252.64,0,-74.59000000000009
Aug 2054,179.31,0.61,0,0,0.0,0.69,134.57,36.34,0.42,0,1.22,0,178.28,0.08,97.54,0.22,276.12,0,-30358.68,0,-106.04000000000099
Sep 2054,424.74,1.12,0,0,0.0,0.69,96.56,25.84,0.82,0,1.73,0,422.81,0.08,70.03,0.18,493.1,0,-30455.49,0,-96.8100000000013
Oct 2054,666.2,3.19,0,0,0.01,0.69,37.78,9.66,2.11,0,3.79,0,660.9,0.09,27.43,0.12,688.53,0,-30523.85,0,-68.3599999999969
Nov 2054,452.6,1.38,0,0,0.01,0.69,3.1,0.03,0.91,0,2.05,0,450.3,0.02,2.38,0.0,452.71,0,-30546.18,0,-22.330000000001696
Dec 2054,179.45,0.76,0,0,0.01,0.69,3.08,0.02,0.48,0,1.43,0,178.22,0.02,2.37,0.0,180.6,0,-30546.29,0,-0.11000000000058198
Jan 2055,56.79,0.27,0,0,0.01,0.69,3.08,0.02,0.19,0,0.94,0,56.33,0.01,2.37,0.0,58.71,0,-30547.44,0,-1.14999999999782
Feb 2055,87.88,0.18,0,0,0.01,0.69,3.72,0.21,0.15,0,0.86,0,87.55,0.01,2.83,0.0,90.39,0,-30549.36,0,-1.9200000000018898
Mar 2055,112.4,0.21,0,0,0.01,0.69,26.34,6.69,0.17,0,0.82,0,112.02,0.08,18.96,0.02,131.08,0,-30551.87,0,-2.5099999999983997
Apr 2055,8.1,0.08,0,0,0.01,0.69,110.91,29.81,0.07,0,0.71,0,7.94,0.06,80.42,0.18,88.6,0,-30570.55,0,-18.6800000000003
May 2055,921.23,2.84,0,0,0.01,0.69,68.03,17.92,1.95,0,3.43,0,916.45,0.09,49.42,0.21,966.16,0,-30651.06,0,-80.51000000000201
Jun 2055,637.17,2.69,0,0,0.01,0.69,94.24,25.22,1.82,0,3.26,0,632.67,0.11,68.33,0.23,701.34,0,-30695.99,0,-44.9300000000003
Jul 2055,1353.92,2.74,0,0,0.0,0.69,67.08,17.7,2.11,0,3.34,0,1349.06,0.09,48.69,0.22,1398.07,0,-30760.15,0,-64.1599999999999
Aug 2055,743.02,2.76,0,0,0.01,0.69,81.26,21.64,1.91,0,3.34,0,738.36,0.11,58.94,0.2,797.6,0,-30804.3,0,-44.149999999997796
Sep 2055,591.22,1.7,0,0,0.0,0.69,77.07,20.46,1.23,0,2.3,0,588.29,0.09,55.93,0.17,644.47,0,-30858.88,0,-54.580000000001704
Oct 2055,777.27,1.57,0,0,0.01,0.69,41.0,10.49,1.14,0,2.21,0,774.56,0.05,29.82,0.12,804.55,0,-30912.13,0,-53.25
Nov 2055,36.89,0.13,0,0,0.01,0.69,3.57,0.16,0.1,0,0.8,0,36.66,0.01,2.72,0.0,39.38,0,-30939.41,0,-27.279999999998804
Dec 2055,73.33,0.3,0,0,0.01,0.69,3.08,0.02,0.21,0,0.98,0,72.82,0.01,2.37,0.0,75.19,0,-30941.91,0,-2.5
Jan 2056,309.53,0.74,0,0,0.01,0.69,3.08,0.02,0.51,0,1.41,0,308.28,0.01,2.37,0.0,310.66,0,-30943.77,0,-1.8600000000005799
Feb 2056,104.46,0.31,0,0,0.01,0.69,3.08,0.02,0.22,0,0.98,0,103.94,0.01,2.37,0.0,106.32,0,-30944.9,0,-1.13000000000102
Mar 2056,38.49,0.3,0,0,0.01,0.69,8.69,1.61,0.2,0,0.92,0,37.99,0.06,6.39,0.01,44.44,0,-30946.76,0,-1.8599999999969399
Apr 2056,187.58,0.78,0,0,0.01,0.69,88.72,23.68,0.5,0,1.42,0,186.31,0.05,64.36,0.16,250.87,0,-30952.72,0,-5.9600000000027595
May 2056,1713.47,5.71,0,0,0.01,0.69,25.83,6.3,3.85,0,6.21,0,1703.9,0.19,18.85,0.18,1723.12,0,-31016.0,0,-63.2799999999988
Jun 2056,230.16,0.77,0,0,0.0,0.69,129.18,34.84,0.53,0,1.29,0,228.87,0.16,93.65,0.23,322.91,0,-31025.66,0,-9.65999999999985
Jul 2056,632.29,2.07,0,0,0.0,0.69,104.64,28.08,1.33,0,2.67,0,628.89,0.09,75.87,0.23,705.08,0,-31118.41,0,-92.75
Aug 2056,1093.87,4.02,0,0,0.01,0.69,62.06,16.33,2.64,0,4.59,0,1087.21,0.12,45.05,0.2,1132.58,0,-31191.2,0,-72.7900000000009
Sep 2056,1260.95,2.28,0,0,0.0,0.69,36.9,9.34,1.84,0,2.88,0,1256.83,0.08,26.88,0.15,1283.94,0,-31229.91,0,-38.709999999999106
Oct 2056,464.87,1.93,0,0,0.01,0.69,50.17,13.07,1.35,0,2.55,0,461.58,0.06,36.42,0.11,498.17,0,-31252.9,0,-22.9900000000016
Nov 2056,383.3,1.05,0,0,0.01,0.69,3.16,0.05,0.75,0,1.7,0,381.51,0.04,2.43,0.0,383.97,0,-31286.21,0,-33.3099999999977
Dec 2056,3.24,0.01,0,0,0.01,0.69,3.08,0.02,0.01,0,0.68,0,3.21,0.02,2.37,0.0,5.6,0,-31286.87,0,-0.6599999999998539
Jan 2057,273.71,0.76,0,0,0.01,0.69,3.08,0.02,0.52,0,1.42,0,272.43,0.03,2.37,0.0,274.83,0,-31289.23,0,-2.36000000000058
Feb 2057,21.92,0.08,0,0,0.01,0.69,15.57,3.62,0.06,0,0.75,0,21.77,0.02,11.27,0.0,33.06,0,-31290.35,0,-1.11999999999898
Mar 2057,45.31,0.32,0,0,0.01,0.69,42.93,11.16,0.19,0,0.92,0,44.81,0.09,31.09,0.06,76.04,0,-31301.49,0,-11.1400000000031
Apr 2057,184.9,0.64,0,0,0.01,0.69,98.88,26.48,0.44,0,1.27,0,183.82,0.05,71.71,0.18,255.76,0,-31332.22,0,-30.7299999999996
May 2057,574.32,1.48,0,0,0.0,0.69,86.62,23.07,1.05,0,2.08,0,571.79,0.09,62.86,0.2,634.94,0,-31403.08,0,-70.8600000000006
Jun 2057,1073.08,2.88,0,0,0.01,0.69,73.41,19.46,2.04,0,3.45,0,1068.15,0.12,53.26,0.23,1121.77,0,-31463.7,0,-60.619999999998996
Jul 2057,488.64,2.13,0,0,0.0,0.69,112.51,30.25,1.45,0,2.72,0,485.06,0.1,81.56,0.23,566.95,0,-31512.38,0,-48.6800000000003
Aug 2057,1193.04,4.63,0,0,0.01,0.69,54.18,14.16,3.1,0,5.13,0,1185.3,0.19,39.34,0.19,1225.02,0,-31590.7,0,-78.31999999999971
Sep 2057,409.49,1.25,0,0,0.0,0.69,91.51,24.45,0.89,0,1.85,0,407.34,0.09,66.37,0.17,473.97,0,-31622.68,0,-31.9799999999996
Oct 2057,11.73,0.03,0,0,0.0,0.69,90.63,24.2,0.05,0,0.67,0,11.66,0.05,65.73,0.11,77.56,0,-31687.16,0,-64.4799999999996
Nov 2057,2.98,0.03,0,0,0.01,0.69,8.13,1.48,0.02,0,0.7,0,2.93,0.02,5.97,0.0,8.91,0,-31752.99,0,-65.8300000000017
Dec 2057,68.56,0.24,0,0,0.01,0.69,3.08,0.02,0.16,0,0.92,0,68.16,0.01,2.37,0.0,70.54,0,-31758.91,0,-5.91999999999825
Jan 2058,128.39,0.55,0,0,0.01,0.69,3.08,0.02,0.39,0,1.23,0,127.44,0.01,2.37,0.0,129.83,0,-31760.89,0,-1.9799999999995601
Feb 2058,105.33,0.24,0,0,0.01,0.69,3.32,0.09,0.17,0,0.91,0,104.93,0.01,2.54,0.0,107.48,0,-31762.33,0,-1.4400000000023299
Mar 2058,130.91,0.45,0,0,0.01,0.69,19.57,4.73,0.28,0,1.08,0,130.18,0.06,14.15,0.01,144.4,0,-31764.48,0,-2.14999999999782
Apr 2058,2.15,0.09,0,0,0.01,0.69,106.63,28.62,0.08,0,0.72,0,1.98,0.06,77.32,0.17,79.53,0,-31777.96,0,-13.479999999999599
May 2058,1025.73,3.35,0,0,0.01,0.69,58.33,15.27,2.28,0,3.91,0,1020.09,0.13,42.37,0.2,1062.79,0,-31855.34,0,-77.380000000001
Jun 2058,2450.14,5.4,0,0,0.01,0.69,42.94,11.02,3.93,0,5.92,0,2440.81,0.17,31.23,0.22,2472.43,0,-31892.41,0,-37.0699999999997
Jul 2058,136.74,0.54,0,0,0.0,0.69,141.69,38.3,0.39,0,1.14,0,135.81,0.09,102.71,0.23,238.84,0,-31914.7,0,-22.290000000000898
Aug 2058,326.42,1.54,0,0,0.0,0.69,113.03,30.38,1.04,0,2.14,0,323.83,0.09,81.96,0.2,406.08,0,-32016.79,0,-102.09
Sep 2058,718.17,1.9,0,0,0.0,0.69,67.78,17.87,1.36,0,2.51,0,714.91,0.08,49.22,0.16,764.37,0,-32096.46,0,-79.6699999999983
Oct 2058,413.82,0.47,0,0,0.01,0.69,57.3,14.99,0.42,0,1.11,0,412.93,0.04,41.62,0.1,454.69,0,-32142.65,0,-46.1900000000023
Nov 2058,93.85,0.18,0,0,0.01,0.69,6.21,0.92,0.15,0,0.86,0,93.53,0.0,4.6,0.0,98.13,0,-32183.53,0,-40.879999999997395
Dec 2058,5.71,0.06,0,0,0.01,0.69,3.08,0.02,0.05,0,0.73,0,5.6,0.02,2.37,0.0,7.98,0,-32187.8,0,-4.27000000000044
Jan 2059,31.33,0.22,0,0,0.01,0.69,3.08,0.02,0.15,0,0.9,0,30.95,0.01,2.37,0.0,33.33,0,-32190.08,0,-2.2800000000024703
Feb 2059,111.79,0.24,0,0,0.01,0.69,3.08,0.02,0.19,0,0.91,0,111.36,0.01,2.37,0.0,113.74,0,-32192.08,0,-2.0
Mar 2059,77.63,0.47,0,0,0.01,0.69,11.94,2.53,0.28,0,1.11,0,76.88,0.05,8.73,0.01,85.66,0,-32194.04,0,-1.9599999999991298
Apr 2059,774.29,3.31,0,0,0.01,0.69,48.67,12.62,1.97,0,3.92,0,769.01,0.08,35.36,0.17,804.62,0,-32202.07,0,-8.02999999999884
May 2059,889.17,2.72,0,0,0.01,0.69,67.88,17.91,1.86,0,3.29,0,884.6,0.12,49.28,0.21,934.2,0,-32232.4,0,-30.330000000001696
Jun 2059,669.06,2.53,0,0,0.0,0.69,93.77,25.1,1.7,0,3.09,0,664.84,0.12,67.98,0.23,733.17,0,-32277.43,0,-45.0299999999988
Jul 2059,101.99,0.74,0,0,0.0,0.69,146.72,39.69,0.5,0,1.33,0,100.76,0.1,106.34,0.24,207.43,0,-32341.53,0,-64.0999999999985
Aug 2059,876.48,3.31,0,0,0.01,0.69,72.31,19.15,2.23,0,3.9,0,870.94,0.1,52.47,0.2,923.71,0,-32446.97,0,-105.440000000002
Sep 2059,1071.88,2.89,0,0,0.01,0.69,48.51,12.56,2.07,0,3.49,0,1066.93,0.08,35.26,0.17,1102.44,0,-32494.19,0,-47.219999999997505
Oct 2059,80.84,0.08,0,0,0.0,0.69,87.1,23.21,0.1,0,0.73,0,80.65,0.04,63.2,0.11,144.01,0,-32524.75,0,-30.560000000001303
Nov 2059,132.15,0.39,0,0,0.01,0.69,5.56,0.74,0.3,0,1.07,0,131.46,0.01,4.13,0.0,135.61,0,-32587.92,0,-63.169999999998296
Dec 2059,378.38,0.84,0,0,0.01,0.69,3.08,0.02,0.6,0,1.51,0,376.94,0.01,2.37,0.0,379.32,0,-32591.38,0,-3.4600000000027595
Jan 2060,35.58,0.16,0,0,0.01,0.69,3.08,0.02,0.12,0,0.84,0,35.3,0.01,2.37,0.0,37.68,0,-32592.32,0,-0.9399999999986899
Feb 2060,84.75,0.16,0,0,0.01,0.69,4.22,0.35,0.13,0,0.84,0,84.46,0.01,3.18,0.0,87.66,0,-32594.42,0,-2.09999999999854
Mar 2060,1.01,0.02,0,0,0.01,0.69,30.56,7.77,0.02,0,0.66,0,0.98,0.04,22.11,0.06,23.19,0,-32597.32,0,-2.9000000000014596
Apr 2060,3.52,0.1,0,0,0.01,0.69,106.61,28.62,0.08,0,0.72,0,3.35,0.06,77.31,0.17,80.88,0,-32619.5,0,-22.1800000000003
May 2060,738.85,2.39,0,0,0.01,0.69,77.32,20.51,1.62,0,2.99,0,734.84,0.08,56.12,0.21,791.26,0,-32696.86,0,-77.3600000000006
Jun 2060,262.63,1.14,0,0,0.0,0.69,132.76,35.85,0.77,0,1.72,0,260.72,0.1,96.22,0.25,357.3,0,-32749.26,0,-52.399999999997796
Jul 2060,706.65,3.07,0,0,0.01,0.69,99.64,26.73,2.1,0,3.65,0,701.48,0.11,72.22,0.24,774.05,0,-32843.93,0,-94.6700000000019
Aug 2060,275.89,1.15,0,0,0.0,0.69,125.52,33.84,0.79,0,1.75,0,273.95,0.09,90.99,0.22,365.24,0,-32911.33,0,-67.4000000000015
Sep 2060,392.82,1.25,0,0,0.01,0.69,90.42,24.14,0.91,0,1.86,0,390.66,0.08,65.59,0.16,456.5,0,-33000.68,0,-89.34999999999849
Oct 2060,117.82,0.79,0,0,0.01,0.69,86.86,23.17,0.57,0,1.43,0,116.47,0.05,63.0,0.12,179.64,0,-33064.36,0,-63.6800000000003
Nov 2060,429.06,0.76,0,0,0.01,0.69,3.94,0.27,0.59,0,1.43,0,427.71,0.01,2.99,0.0,430.72,0,-33126.18,0,-61.8199999999997
Dec 2060,456.29,1.13,0,0,0.01,0.69,3.08,0.02,0.83,0,1.79,0,454.33,0.02,2.37,0.0,456.72,0,-33127.84,0,-1.6599999999962198
Jan 2061,349.22,0.97,0,0,0.01,0.69,3.08,0.02,0.66,0,1.63,0,347.59,0.02,2.37,0.0,349.98,0,-33128.27,0,-0.43000000000029104
Feb 2061,225.71,0.7,0,0,0.01,0.69,3.08,0.02,0.47,0,1.36,0,224.54,0.02,2.37,0.0,226.93,0,-33129.03,0,-0.7600000000020369
Mar 2061,126.36,0.67,0,0,0.01,0.69,4.06,0.31,0.45,0,1.29,0,125.24,0.06,3.07,0.0,128.38,0,-33130.24,0,-1.20999999999913
Apr 2061,335.39,1.63,0,0,0.01,0.69,39.6,10.2,0.99,0,2.25,0,332.76,0.06,28.72,0.1,361.64,0,-33132.26,0,-2.02000000000407
May 2061,473.27,1.38,0,0,0.01,0.69,95.7,25.58,1.0,0,1.98,0,470.89,0.08,69.43,0.21,540.61,0,-33158.52,0,-26.259999999994804
Jun 2061,529.12,1.67,0,0,0.0,0.69,109.95,29.54,1.15,0,2.25,0,526.3,0.11,79.72,0.24,606.37,0,-33225.85,0,-67.3300000000017
Jul 2061,543.06,1.78,0,0,0.0,0.69,110.74,29.77,1.22,0,2.38,0,540.05,0.1,80.29,0.23,620.66,0,-33303.09,0,-77.23999999999799
Aug 2061,701.6,2.25,0,0,0.01,0.69,89.43,23.88,1.65,0,2.84,0,697.7,0.1,64.87,0.2,762.87,0,-33380.7,0,-77.6100000000006
Sep 2061,828.24,2.48,0,0,0.01,0.69,57.6,15.08,1.82,0,3.08,0,823.94,0.09,41.84,0.16,866.02,0,-33441.97,0,-61.2700000000041
Oct 2061,1254.1,4.17,0,0,0.01,0.69,13.47,2.91,2.8,0,4.75,0,1247.13,0.1,9.87,0.12,1257.23,0,-33479.75,0,-37.7799999999988
Nov 2061,262.57,0.97,0,0,0.01,0.69,3.34,0.1,0.64,0,1.61,0,260.97,0.05,2.56,0.0,263.57,0,-33482.88,0,-3.1299999999973798
Dec 2061,42.08,0.21,0,0,0.01,0.69,3.08,0.02,0.14,0,0.88,0,41.72,0.02,2.37,0.0,44.11,0,-33483.87,0,-0.9900000000052389
Jan 2062,58.12,0.2,0,0,0.01,0.69,3.08,0.02,0.14,0,0.87,0,57.78,0.01,2.37,0.0,60.16,0,-33485.91,0,-2.04000000000087
Feb 2062,48.86,0.13,0,0,0.01,0.69,3.84,0.24,0.11,0,0.8,0,48.61,0.02,2.91,0.0,51.54,0,-33487.95,0,-2.0399999999936
Mar 2062,43.31,0.34,0,0,0.01,0.69,33.47,8.67,0.22,0,0.92,0,42.74,0.11,24.11,0.08,67.04,0,-33490.63,0,-2.68000000000029
Apr 2062,162.39,0.57,0,0,0.01,0.69,95.85,25.65,0.39,0,1.2,0,161.43,0.05,69.52,0.17,231.18,0,-33514.36,0,-23.730000000003198
May 2062,132.74,0.67,0,0,0.0,0.69,124.6,33.58,0.49,0,1.24,0,131.58,0.11,90.33,0.22,222.24,0,-33583.15,0,-68.7900000000009
Jun 2062,391.09,1.67,0,0,0.0,0.69,120.79,32.55,1.14,0,2.25,0,388.27,0.11,87.55,0.24,476.18,0,-33672.65,0,-89.5
Jul 2062,440.4,1.99,0,0,0.0,0.69,120.53,32.47,1.32,0,2.58,0,437.09,0.09,87.37,0.24,524.79,0,-33757.74,0,-85.0899999999965
Aug 2062,657.96,2.72,0,0,0.01,0.69,95.09,25.45,1.88,0,3.3,0,653.36,0.1,68.95,0.21,722.62,0,-33842.13,0,-84.3899999999994
Sep 2062,893.52,2.74,0,0,0.01,0.69,53.74,14.01,1.96,0,3.33,0,888.82,0.09,39.04,0.16,928.11,0,-33906.8,0,-64.6700000000055
Oct 2062,164.22,0.29,0,0,0.01,0.69,86.47,23.06,0.23,0,0.93,0,163.7,0.05,62.73,0.12,226.61,0,-33941.39,0,-34.5899999999965
Nov 2062,49.59,0.07,0,0,0.01,0.69,8.61,1.59,0.06,0,0.75,0,49.46,0.01,6.34,0.0,55.82,0,-34003.77,0,-62.379999999997395
Dec 2062,154.45,0.89,0,0,0.01,0.69,3.08,0.02,0.57,0,1.55,0,153.0,0.02,2.37,0.0,155.39,0,-34010.0,0,-6.2300000000032005
Jan 2063,349.26,0.94,0,0,0.01,0.69,3.08,0.02,0.65,0,1.61,0,347.67,0.02,2.37,0.0,350.06,0,-34010.94,0,-0.940000000002328
Feb 2063,230.38,0.74,0,0,0.01,0.69,3.08,0.03,0.49,0,1.4,0,229.16,0.02,2.37,0.0,231.56,0,-34011.73,0,-0.7900000000008729
Mar 2063,97.42,0.34,0,0,0.01,0.69,40.39,10.45,0.23,0,0.95,0,96.86,0.07,29.26,0.06,126.25,0,-34012.9,0,-1.16999999999825
Apr 2063,260.87,0.97,0,0,0.01,0.69,86.67,23.11,0.59,0,1.61,0,259.32,0.04,62.88,0.17,322.41,0,-34041.73,0,-28.830000000001696
May 2063,886.81,3.55,0,0,0.01,0.69,62.67,16.49,2.35,0,4.07,0,880.9,0.16,45.5,0.2,926.77,0,-34103.27,0,-61.539999999993604
Jun 2063,355.71,1.41,0,0,0.0,0.69,119.22,32.1,1.06,0,1.98,0,353.24,0.11,86.44,0.23,440.02,0,-34143.23,0,-39.960000000006396
Jul 2063,1355.58,4.54,0,0,0.01,0.69,62.71,16.51,3.12,0,5.08,0,1347.92,0.15,45.51,0.22,1393.8,0,-34227.54,0,-84.3099999999977
Aug 2063,666.02,3.02,0,0,0.01,0.69,87.99,23.51,2.0,0,3.56,0,661.0,0.14,63.8,0.21,725.14,0,-34265.76,0,-38.2200000000012
Sep 2063,503.09,0.95,0,0,0.0,0.69,88.28,23.53,0.79,0,1.55,0,501.35,0.08,64.06,0.17,565.67,0,-34324.89,0,-59.129999999997395
Oct 2063,220.4,1.23,0,0,0.01,0.69,77.52,20.62,0.84,0,1.85,0,218.32,0.06,56.22,0.12,274.73,0,-34387.47,0,-62.580000000001704
Nov 2063,173.74,0.83,0,0,0.01,0.69,3.95,0.28,0.6,0,1.46,0,172.31,0.05,2.99,0.0,175.36,0,-34441.8,0,-54.330000000001704
Dec 2063,17.3,0.1,0,0,0.01,0.69,3.08,0.02,0.07,0,0.77,0,17.13,0.02,2.37,0.0,19.52,0,-34443.42,0,-1.61999999999534
Jan 2064,98.4,0.2,0,0,0.01,0.69,3.08,0.02,0.17,0,0.87,0,98.04,0.01,2.37,0.0,100.42,0,-34445.63,0,-2.20999999999913
Feb 2064,44.88,0.14,0,0,0.01,0.69,3.1,0.03,0.11,0,0.8,0,44.64,0.02,2.39,0.0,47.04,0,-34447.64,0,-2.01000000000204
Mar 2064,94.65,0.48,0,0,0.01,0.69,22.83,5.64,0.3,0,1.07,0,93.86,0.1,16.51,0.01,110.48,0,-34449.8,0,-2.16000000000349
Apr 2064,16.58,0.21,0,0,0.01,0.69,103.87,27.86,0.14,0,0.82,0,16.23,0.07,75.32,0.16,91.79,0,-34465.64,0,-15.8399999999965
May 2064,692.88,1.63,0,0,0.0,0.69,83.11,22.1,1.16,0,2.21,0,690.1,0.1,60.33,0.21,750.73,0,-34540.85,0,-75.2099999999991
Jun 2064,236.98,1.35,0,0,0.0,0.69,127.05,34.27,0.92,0,1.92,0,234.71,0.11,92.1,0.23,327.16,0,-34598.7,0,-57.8499999999985
Jul 2064,666.93,3.33,0,0,0.01,0.69,98.6,26.43,2.23,0,3.9,0,661.37,0.12,71.48,0.23,733.19,0,-34688.87,0,-90.17000000000549
Aug 2064,341.92,1.86,0,0,0.0,0.69,118.94,32.03,1.27,0,2.44,0,338.8,0.1,86.23,0.22,425.34,0,-34755.13,0,-66.25999999999479
Sep 2064,725.56,1.8,0,0,0.0,0.69,72.42,19.15,1.27,0,2.41,0,722.49,0.08,52.58,0.17,775.31,0,-34838.56,0,-83.43000000000029
Oct 2064,685.32,1.37,0,0,0.01,0.69,47.95,12.4,1.09,0,2.01,0,682.86,0.05,34.87,0.12,717.89,0,-34888.31,0,-49.75
Nov 2064,8.14,0.05,0,0,0.01,0.69,10.33,2.06,0.03,0,0.71,0,8.06,0.02,7.59,0.01,15.67,0,-34920.88,0,-32.5699999999997
Dec 2064,96.36,0.43,0,0,0.01,0.69,3.08,0.02,0.29,0,1.11,0,95.64,0.01,2.37,0.0,98.02,0,-34928.42,0,-7.5400000000008705
Jan 2065,236.29,1.03,0,0,0.01,0.69,3.08,0.02,0.68,0,1.7,0,234.57,0.02,2.37,0.0,236.96,0,-34930.07,0,-1.65000000000146
Feb 2065,199.69,0.69,0,0,0.01,0.69,3.16,0.05,0.46,0,1.34,0,198.55,0.03,2.43,0.0,201.0,0,-34930.74,0,-0.669999999998254
Mar 2065,18.22,0.26,0,0,0.01,0.69,22.6,5.58,0.19,0,0.88,0,17.77,0.07,16.33,0.01,34.18,0,-34932.05,0,-1.31000000000495
Apr 2065,96.01,0.38,0,0,0.01,0.69,106.28,28.53,0.24,0,1.0,0,95.4,0.06,77.07,0.19,172.71,0,-34948.01,0,-15.959999999999098
May 2065,424.69,1.09,0,0,0.0,0.69,98.99,26.49,0.83,0,1.69,0,422.77,0.09,71.81,0.2,494.88,0,-35024.71,0,-76.69999999999709
Jun 2065,1562.91,4.1,0,0,0.01,0.69,54.34,14.18,2.82,0,4.65,0,1556.0,0.13,39.47,0.23,1595.83,0,-35094.89,0,-70.18000000000029
Jul 2065,753.45,2.04,0,0,0.0,0.69,98.75,26.44,1.47,0,2.63,0,749.95,0.09,71.62,0.23,821.89,0,-35127.81,0,-32.9199999999983
Aug 2065,748.22,2.66,0,0,0.01,0.69,81.71,21.75,1.85,0,3.24,0,743.72,0.1,59.28,0.2,803.3,0,-35196.24,0,-68.43000000000029
Sep 2065,317.89,0.72,0,0,0.0,0.69,101.39,27.17,0.57,0,1.33,0,316.6,0.08,73.53,0.17,390.38,0,-35251.32,0,-55.080000000001704
Oct 2065,394.88,0.51,0,0,0.0,0.69,71.11,18.8,0.45,0,1.15,0,393.92,0.05,51.63,0.12,445.72,0,-35323.81,0,-72.48999999999799
Nov 2065,6.67,0.03,0,0,0.01,0.69,24.76,6.07,0.02,0,0.69,0,6.62,0.02,18.01,0.02,24.68,0,-35374.65,0,-50.8400000000038
Dec 2065,174.46,0.75,0,0,0.01,0.69,3.08,0.02,0.48,0,1.42,0,173.23,0.02,2.37,0.0,175.61,0,-35392.66,0,-18.010000000002
Jan 2066,23.0,0.1,0,0,0.01,0.69,3.08,0.02,0.08,0,0.77,0,22.82,0.01,2.37,0.0,25.2,0,-35393.81,0,-1.14999999999418
Feb 2066,92.31,0.18,0,0,0.01,0.69,3.6,0.18,0.16,0,0.85,0,91.97,0.01,2.75,0.0,94.73,0,-35396.01,0,-2.20000000000437
Mar 2066,42.36,0.39,0,0,0.01,0.69,27.57,6.94,0.25,0,1.01,0,41.71,0.06,19.94,0.06,61.77,0,-35398.42,0,-2.40999999999622
Apr 2066,108.51,0.39,0,0,0.01,0.69,107.4,28.83,0.25,0,1.02,0,107.87,0.06,77.89,0.19,186.0,0,-35417.84,0,-19.4199999999983
May 2066,779.69,1.67,0,0,0.0,0.69,82.15,21.84,1.22,0,2.27,0,776.8,0.09,59.62,0.22,836.73,0,-35495.33,0,-77.49000000000521
Jun 2066,281.0,1.18,0,0,0.0,0.69,135.92,36.71,0.8,0,1.76,0,279.02,0.1,98.53,0.26,377.91,0,-35552.38,0,-57.049999999995606
Jul 2066,504.21,2.25,0,0,0.0,0.69,116.55,31.38,1.44,0,2.84,0,500.51,0.09,84.49,0.24,585.34,0,-35649.28,0,-96.90000000000151
Aug 2066,1275.09,3.6,0,0,0.01,0.69,56.12,14.67,2.49,0,4.18,0,1269.0,0.1,40.77,0.2,1310.06,0,-35730.41,0,-81.1300000000047
Sep 2066,162.58,0.52,0,0,0.0,0.69,107.32,28.81,0.38,0,1.13,0,161.68,0.08,77.82,0.17,239.74,0,-35765.38,0,-34.969999999993895
Oct 2066,375.33,1.44,0,0,0.01,0.69,64.84,17.1,1.03,0,2.06,0,372.87,0.06,47.05,0.12,420.11,0,-35842.55,0,-77.1700000000055
Nov 2066,47.69,0.22,0,0,0.01,0.69,19.43,4.6,0.16,0,0.89,0,47.31,0.01,14.15,0.02,61.49,0,-35887.32,0,-44.7699999999968
Dec 2066,28.02,0.11,0,0,0.01,0.69,3.08,0.02,0.08,0,0.78,0,27.83,0.01,2.37,0.0,30.21,0,-35901.11,0,-13.790000000000902
Jan 2067,80.34,0.21,0,0,0.01,0.69,3.08,0.02,0.18,0,0.89,0,79.95,0.01,2.37,0.0,82.33,0,-35903.3,0,-2.19000000000233
Feb 2067,111.73,0.29,0,0,0.01,0.69,3.26,0.08,0.22,0,0.96,0,111.22,0.01,2.5,0.0,113.74,0,-35905.29,0,-1.98999999999796
Mar 2067,406.94,2.34,0,0,0.01,0.69,17.22,4.06,1.39,0,2.86,0,403.22,0.16,12.48,0.02,415.88,0,-35907.3,0,-2.01000000000204
Apr 2067,1.35,0.08,0,0,0.01,0.69,113.6,30.55,0.07,0,0.69,0,1.2,0.08,82.37,0.19,83.83,0,-35916.23,0,-8.93000000000029
May 2067,204.65,0.46,0,0,0.0,0.69,125.45,33.8,0.33,0,1.06,0,203.87,0.09,90.97,0.23,295.15,0,-35998.7,0,-82.4699999999939
Jun 2067,468.76,1.1,0,0,0.0,0.69,118.89,31.99,0.78,0,1.69,0,466.89,0.09,86.21,0.24,553.43,0,-36089.2,0,-90.5
Jul 2067,463.29,1.86,0,0,0.0,0.69,121.06,32.62,1.26,0,2.45,0,460.17,0.1,87.76,0.24,548.26,0,-36173.86,0,-84.6600000000035
Aug 2067,177.03,0.74,0,0,0.0,0.69,133.6,36.07,0.52,0,1.34,0,175.78,0.09,96.84,0.22,272.92,0,-36258.83,0,-84.9700000000012
Sep 2067,272.05,0.51,0,0,0.0,0.69,112.0,30.08,0.41,0,1.13,0,271.13,0.07,81.23,0.19,352.61,0,-36354.72,0,-95.8899999999994
Oct 2067,408.32,0.45,0,0,0.0,0.69,77.9,20.66,0.39,0,1.09,0,407.48,0.05,56.55,0.14,464.22,0,-36435.28,0,-80.5599999999977
Nov 2067,206.18,1.07,0,0,0.01,0.69,52.45,13.72,0.72,0,1.73,0,204.4,0.03,38.05,0.07,242.55,0,-36491.18,0,-55.9000000000015
Dec 2067,468.26,1.2,0,0,0.01,0.69,3.08,0.02,0.82,0,1.86,0,466.24,0.02,2.37,0.0,468.63,0,-36527.55,0,-36.370000000002605
Jan 2068,103.97,0.34,0,0,0.01,0.69,3.07,0.02,0.25,0,1.01,0,103.39,0.01,2.37,0.0,105.76,0,-36527.92,0,-0.36999999999534294
Feb 2068,66.93,0.36,0,0,0.01,0.69,8.89,1.67,0.22,0,1.02,0,66.35,0.02,6.54,0.01,72.92,0,-36529.71,0,-1.7900000000008702
Mar 2068,38.14,0.33,0,0,0.01,0.69,81.65,21.73,0.23,0,0.95,0,37.59,0.07,59.24,0.12,97.01,0,-36535.69,0,-5.9800000000032005
Apr 2068,16.3,0.22,0,0,0.01,0.69,109.33,29.37,0.15,0,0.84,0,15.93,0.06,79.28,0.18,95.45,0,-36594.56,0,-58.8699999999953
May 2068,1422.74,3.34,0,0,0.01,0.69,47.79,12.35,2.4,0,3.92,0,1417.0,0.1,34.76,0.21,1452.07,0,-36673.71,0,-79.1500000000015
Jun 2068,277.92,0.98,0,0,0.0,0.69,137.06,37.02,0.63,0,1.56,0,276.31,0.11,99.36,0.26,376.04,0,-36703.04,0,-29.330000000001696
Jul 2068,634.48,2.14,0,0,0.0,0.69,106.67,28.63,1.45,0,2.73,0,630.89,0.09,77.35,0.23,708.57,0,-36801.16,0,-98.12000000000259
Aug 2068,819.61,3.1,0,0,0.01,0.69,79.33,21.1,2.08,0,3.68,0,814.43,0.1,57.55,0.21,872.28,0,-36875.25,0,-74.0899999999965
Sep 2068,256.33,0.54,0,0,0.0,0.69,100.05,26.79,0.42,0,1.15,0,255.37,0.07,72.58,0.16,328.18,0,-36927.93,0,-52.6800000000003
Oct 2068,13.32,0.1,0,0,0.01,0.69,94.33,25.23,0.07,0,0.72,0,13.15,0.06,68.41,0.12,81.73,0,-36999.78,0,-71.8499999999985
Nov 2068,97.67,0.37,0,0,0.01,0.69,7.58,1.29,0.25,0,1.04,0,97.04,0.01,5.6,0.0,102.66,0,-37068.2,0,-68.4199999999983
Dec 2068,145.39,0.44,0,0,0.01,0.69,3.07,0.02,0.31,0,1.11,0,144.63,0.01,2.37,0.0,147.01,0,-37073.19,0,-4.9900000000052405
Jan 2069,91.59,0.18,0,0,0.01,0.69,3.07,0.02,0.15,0,0.85,0,91.26,0.01,2.37,0.0,93.64,0,-37074.82,0,-1.6299999999973798
Feb 2069,197.41,0.56,0,0,0.01,0.69,5.21,0.63,0.36,0,1.22,0,196.49,0.02,3.9,0.0,200.41,0,-37076.86,0,-2.04000000000087
Mar 2069,255.78,0.69,0,0,0.01,0.69,76.08,20.18,0.44,0,1.28,0,254.66,0.08,55.22,0.14,310.11,0,-37079.86,0,-3.0
Apr 2069,69.77,0.34,0,0,0.01,0.69,101.59,27.23,0.24,0,0.97,0,69.19,0.05,73.67,0.17,143.09,0,-37134.19,0,-54.330000000001704
May 2069,177.13,0.82,0,0,0.0,0.69,118.56,31.91,0.54,0,1.43,0,175.77,0.08,85.96,0.21,262.03,0,-37207.5,0,-73.3099999999977
Jun 2069,438.24,2.13,0,0,0.0,0.69,120.55,32.47,1.38,0,2.73,0,434.74,0.09,87.39,0.26,522.48,0,-37292.4,0,-84.9000000000015
Jul 2069,438.52,1.66,0,0,0.0,0.69,123.46,33.27,1.12,0,2.26,0,435.74,0.08,89.51,0.24,525.57,0,-37376.63,0,-84.22999999999591
Aug 2069,798.79,3.29,0,0,0.01,0.69,83.94,22.38,2.2,0,3.87,0,793.3,0.1,60.88,0.22,854.5,0,-37463.69,0,-87.0600000000049
Sep 2069,1115.22,3.0,0,0,0.01,0.69,46.89,12.12,2.18,0,3.58,0,1110.05,0.1,34.08,0.17,1144.39,0,-37519.4,0,-55.709999999999106
Oct 2069,249.51,0.41,0,0,0.01,0.69,73.65,19.51,0.37,0,1.05,0,248.73,0.04,53.46,0.11,302.34,0,-37548.57,0,-29.169999999998304
Nov 2069,76.73,0.2,0,0,0.01,0.69,6.23,0.93,0.16,0,0.87,0,76.37,0.0,4.62,0.0,80.99,0,-37601.41,0,-52.8400000000038
Dec 2069,102.32,0.39,0,0,0.01,0.69,3.07,0.02,0.26,0,1.06,0,101.67,0.01,2.37,0.0,104.05,0,-37605.67,0,-4.2599999999947595
Jan 2070,40.02,0.12,0,0,0.01,0.69,3.07,0.02,0.09,0,0.79,0,39.81,0.01,2.37,0.0,42.19,0,-37607.4,0,-1.7300000000031999
Feb 2070,300.04,1.04,0,0,0.01,0.69,4.35,0.39,0.68,0,1.68,0,298.32,0.03,3.27,0.0,301.63,0,-37609.57,0,-2.16999999999825
Mar 2070,181.26,0.57,0,0,0.01,0.69,66.7,17.6,0.36,0,1.17,0,180.33,0.08,48.42,0.11,228.94,0,-37611.17,0,-1.59999999999854
Apr 2070,265.59,1.1,0,0,0.01,0.69,89.41,23.87,0.72,0,1.73,0,263.78,0.04,64.85,0.18,328.85,0,-37658.85,0,-47.6800000000003
May 2070,268.79,0.97,0,0,0.0,0.69,111.63,29.99,0.66,0,1.56,0,267.16,0.09,80.96,0.21,348.42,0,-37722.11,0,-63.260000000002
Jun 2070,764.75,2.24,0,0,0.0,0.69,96.35,25.78,1.51,0,2.84,0,761.01,0.09,69.89,0.24,831.23,0,-37801.74,0,-79.62999999999741
Jul 2070,882.83,2.74,0,0,0.01,0.69,89.66,23.94,1.89,0,3.33,0,878.2,0.1,65.04,0.23,943.57,0,-37868.22,0,-66.4800000000032
Aug 2070,955.72,4.37,0,0,0.01,0.69,69.2,18.31,2.86,0,4.92,0,948.49,0.13,50.2,0.21,999.02,0,-37928.95,0,-60.7299999999959
Sep 2070,25.87,0.25,0,0,0.0,0.69,125.28,33.77,0.21,0,0.81,0,25.42,0.12,90.83,0.18,116.54,0,-37972.26,0,-43.310000000004905
Oct 2070,1894.16,4.73,0,0,0.01,0.69,3.17,0.05,3.38,0,5.31,0,1886.05,0.1,2.44,0.12,1888.71,0,-38062.93,0,-90.6699999999983
Nov 2070,57.92,0.07,0,0,0.01,0.69,11.66,2.42,0.06,0,0.74,0,57.78,0.01,8.56,0.01,66.37,0,-38057.48,0,5.4499999999970905
Dec 2070,409.19,0.97,0,0,0.01,0.69,3.07,0.02,0.68,0,1.63,0,407.55,0.02,2.37,0.0,409.93,0,-38065.93,0,-8.44999999999709
Jan 2071,17.36,0.04,0,0,0.01,0.69,3.07,0.02,0.04,0,0.71,0,17.28,0.01,2.37,0.0,19.67,0,-38066.67,0,-0.7399999999979631
Feb 2071,370.27,1.2,0,0,0.01,0.69,3.1,0.03,0.82,0,1.84,0,368.25,0.04,2.39,0.0,370.68,0,-38068.97,0,-2.3000000000029104
Mar 2071,38.41,0.24,0,0,0.01,0.69,27.13,6.82,0.16,0,0.86,0,38.01,0.06,19.62,0.02,57.72,0,-38069.38,0,-0.40999999999621706
Apr 2071,156.36,0.47,0,0,0.01,0.69,98.06,26.26,0.33,0,1.1,0,155.56,0.04,71.12,0.18,226.9,0,-38088.69,0,-19.310000000004898
May 2071,166.18,0.73,0,0,0.0,0.69,117.43,31.6,0.52,0,1.33,0,164.93,0.09,85.14,0.21,250.37,0,-38159.23,0,-70.5400000000009
Jun 2071,116.99,0.47,0,0,0.0,0.69,148.94,40.31,0.34,0,1.06,0,116.18,0.1,107.95,0.26,224.48,0,-38243.42,0,-84.1899999999951
Jul 2071,687.78,2.1,0,0,0.0,0.69,107.54,28.87,1.46,0,2.69,0,684.22,0.09,77.99,0.24,762.54,0,-38350.91,0,-107.490000000005
Aug 2071,418.49,1.35,0,0,0.0,0.69,117.69,31.67,1.0,0,1.95,0,416.14,0.09,85.34,0.22,501.79,0,-38425.68,0,-74.7699999999968
Sep 2071,185.32,0.8,0,0,0.0,0.69,113.59,30.55,0.58,0,1.4,0,183.94,0.08,82.35,0.18,266.56,0,-38508.98,0,-83.30000000000291
Oct 2071,695.2,1.15,0,0,0.0,0.69,51.84,13.48,0.91,0,1.77,0,693.15,0.05,37.67,0.13,730.99,0,-38590.22,0,-81.23999999999799
Nov 2071,49.17,0.4,0,0,0.01,0.69,35.16,8.96,0.28,0,1.07,0,48.49,0.02,25.52,0.04,74.07,0,-38626.01,0,-35.790000000000894
Dec 2071,252.02,0.93,0,0,0.01,0.69,3.07,0.02,0.6,0,1.59,0,250.49,0.02,2.37,0.0,252.88,0,-38650.9,0,-24.8899999999994
Jan 2072,4.61,0.05,0,0,0.01,0.69,3.07,0.02,0.03,0,0.71,0,4.53,0.02,2.37,0.0,6.91,0,-38651.76,0,-0.8600000000005821
Feb 2072,14.16,0.08,0,0,0.01,0.69,4.52,0.44,0.05,0,0.74,0,14.02,0.02,3.4,0.0,17.44,0,-38654.07,0,-2.30999999999767
Mar 2072,12.9,0.05,0,0,0.01,0.69,85.67,22.84,0.04,0,0.66,0,12.8,0.07,62.15,0.12,75.15,0,-38657.35,0,-3.2799999999988403
Apr 2072,17.79,0.22,0,0,0.01,0.69,116.73,31.42,0.15,0,0.84,0,17.42,0.06,84.63,0.2,102.31,0,-38719.61,0,-62.260000000002
May 2072,289.26,0.73,0,0,0.0,0.69,121.12,32.61,0.5,0,1.33,0,288.02,0.08,87.83,0.23,376.17,0,-38804.12,0,-84.51000000000201
Jun 2072,599.19,1.81,0,0,0.0,0.69,109.5,29.41,1.29,0,2.4,0,596.08,0.1,79.4,0.25,675.83,0,-38891.03,0,-86.9099999999962
Jul 2072,1866.9,7.63,0,0,0.01,0.69,52.27,13.62,4.91,0,8.14,0,1854.36,0.17,37.97,0.22,1892.72,0,-38967.67,0,-76.6399999999994
Aug 2072,432.99,1.59,0,0,0.0,0.69,110.14,29.59,1.16,0,2.18,0,430.23,0.09,79.87,0.21,510.4,0,-38993.49,0,-25.8199999999997
Sep 2072,950.38,2.68,0,0,0.01,0.69,53.59,13.98,1.98,0,3.27,0,945.72,0.09,38.94,0.17,984.91,0,-39070.91,0,-77.4200000000055
Oct 2072,211.52,0.77,0,0,0.01,0.69,78.59,20.88,0.57,0,1.41,0,210.18,0.05,57.02,0.12,267.37,0,-39105.44,0,-34.5299999999988
Nov 2072,118.66,0.23,0,0,0.01,0.69,33.59,8.51,0.2,0,0.9,0,118.22,0.02,24.39,0.04,142.67,0,-39161.28,0,-55.8399999999965
Dec 2072,253.24,1.01,0,0,0.01,0.69,3.07,0.02,0.65,0,1.67,0,251.59,0.02,2.37,0.0,253.98,0,-39185.29,0,-24.010000000001998
Jan 2073,200.77,0.79,0,0,0.01,0.69,3.09,0.03,0.52,0,1.46,0,199.46,0.01,2.38,0.0,201.86,0,-39186.03,0,-0.7399999999979631
Feb 2073,115.83,0.48,0,0,0.01,0.69,17.67,4.2,0.32,0,1.14,0,115.03,0.02,12.79,0.01,127.84,0,-39187.11,0,-1.08000000000175
Mar 2073,322.65,1.4,0,0,0.01,0.69,60.16,15.79,0.86,0,1.97,0,320.39,0.11,43.69,0.12,364.31,0,-39199.13,0,-12.0199999999968
Apr 2073,173.36,0.79,0,0,0.01,0.69,88.94,23.74,0.56,0,1.43,0,172.01,0.04,64.52,0.16,236.73,0,-39240.79,0,-41.6600000000035
May 2073,1162.92,3.35,0,0,0.01,0.69,54.96,14.35,2.44,0,3.92,0,1157.13,0.11,39.93,0.21,1197.38,0,-39304.16,0,-63.370000000002605
Jun 2073,601.86,0.91,0,0,0.0,0.69,110.71,29.73,0.76,0,1.49,0,600.19,0.1,80.3,0.24,680.83,0,-39338.63,0,-34.469999999993895
Jul 2073,1417.79,3.1,0,0,0.01,0.69,66.45,17.54,2.32,0,3.68,0,1412.36,0.11,48.24,0.22,1460.93,0,-39417.6,0,-78.9700000000012
Aug 2073,717.91,2.91,0,0,0.01,0.69,86.95,23.2,1.99,0,3.5,0,713.01,0.1,63.07,0.21,776.38,0,-39460.74,0,-43.1399999999994
Sep 2073,689.48,1.74,0,0,0.0,0.69,77.17,20.48,1.27,0,2.33,0,686.48,0.09,56.01,0.18,742.75,0,-39519.22,0,-58.4800000000032
Oct 2073,129.77,0.17,0,0,0.0,0.69,88.92,23.72,0.16,0,0.81,0,129.44,0.05,64.52,0.12,194.12,0,-39572.49,0,-53.2699999999968
Nov 2073,137.49,0.48,0,0,0.01,0.69,7.33,1.22,0.33,0,1.15,0,136.69,0.01,5.43,0.0,142.13,0,-39636.84,0,-64.3499999999985
Dec 2073,316.0,0.97,0,0,0.01,0.69,3.07,0.02,0.65,0,1.63,0,314.38,0.02,2.37,0.0,316.77,0,-39641.48,0,-4.64000000000669
Jan 2074,272.16,0.51,0,0,0.01,0.69,3.07,0.02,0.37,0,1.18,0,271.29,0.01,2.37,0.0,273.67,0,-39642.25,0,-0.7699999999967991
Feb 2074,396.23,1.51,0,0,0.01,0.69,3.07,0.02,0.99,0,2.16,0,393.72,0.04,2.37,0.0,396.13,0,-39643.76,0,-1.51000000000204
Mar 2074,90.71,0.98,0,0,0.01,0.69,10.28,2.06,0.66,0,1.6,0,89.07,0.07,7.54,0.01,96.69,0,-39643.66,0,0.0999999999985448
Apr 2074,207.2,1.17,0,0,0.01,0.69,85.42,22.77,0.7,0,1.8,0,205.34,0.04,61.98,0.16,267.52,0,-39649.63,0,-5.969999999993889
May 2074,315.65,0.9,0,0,0.0,0.69,106.59,28.6,0.64,0,1.5,0,314.11,0.09,77.31,0.21,391.72,0,-39709.95,0,-60.3199999999997
Jun 2074,322.65,1.02,0,0,0.0,0.69,126.15,34.01,0.69,0,1.62,0,320.95,0.08,91.46,0.24,412.73,0,-39786.02,0,-76.06999999999971
Jul 2074,834.5,2.89,0,0,0.01,0.69,91.74,24.51,1.94,0,3.48,0,829.66,0.09,66.55,0.23,896.54,0,-39876.1,0,-90.0800000000017
Aug 2074,783.85,2.66,0,0,0.0,0.69,88.18,23.54,1.78,0,3.25,0,779.41,0.1,63.97,0.22,843.69,0,-39938.14,0,-62.040000000000894
Sep 2074,705.33,1.72,0,0,0.0,0.69,72.9,19.29,1.21,0,2.32,0,702.4,0.08,52.92,0.17,755.58,0,-39997.98,0,-59.8400000000038
Oct 2074,51.06,0.1,0,0,0.01,0.69,92.1,24.61,0.09,0,0.73,0,50.87,0.04,66.81,0.12,117.84,0,-40048.22,0,-50.239999999998
Nov 2074,23.95,0.14,0,0,0.01,0.69,24.94,6.13,0.1,0,0.8,0,23.71,0.02,18.13,0.02,41.88,0,-40115.0,0,-66.7799999999988
Dec 2074,413.75,0.89,0,0,0.01,0.69,3.07,0.02,0.64,0,1.55,0,412.22,0.02,2.37,0.0,414.61,0,-40132.93,0,-17.9300000000003
Jan 2075,109.51,0.35,0,0,0.01,0.69,3.07,0.02,0.25,0,1.02,0,108.91,0.01,2.37,0.0,111.28,0,-40133.79,0,-0.8600000000005821
Feb 2075,2.47,0.01,0,0,0.01,0.69,3.91,0.26,0.01,0,0.67,0,2.45,0.02,2.97,0.0,5.44,0,-40135.56,0,-1.7699999999968001
Mar 2075,114.95,0.41,0,0,0.01,0.69,49.69,13.09,0.25,0,1.0,0,114.29,0.09,35.92,0.1,150.4,0,-40138.53,0,-2.9700000000011597
Apr 2075,259.94,1.24,0,0,0.01,0.69,90.74,24.24,0.78,0,1.88,0,257.92,0.04,65.82,0.18,323.97,0,-40173.99,0,-35.459999999999106
May 2075,286.76,0.92,0,0,0.0,0.69,116.77,31.41,0.66,0,1.52,0,285.18,0.09,84.68,0.23,370.17,0,-40238.01,0,-64.0200000000041
Jun 2075,281.1,0.7,0,0,0.0,0.69,134.82,36.41,0.51,0,1.29,0,279.89,0.09,97.73,0.25,377.96,0,-40321.43,0,-83.4199999999983
Jul 2075,164.9,1.22,0,0,0.0,0.69,144.95,39.22,0.79,0,1.8,0,162.9,0.1,105.05,0.25,268.29,0,-40418.29,0,-96.8600000000006
Aug 2075,396.35,1.58,0,0,0.0,0.69,116.81,31.44,1.04,0,2.17,0,393.74,0.09,84.69,0.22,478.73,0,-40521.68,0,-103.389999999999
Sep 2075,405.74,0.75,0,0,0.0,0.69,99.76,26.7,0.59,0,1.36,0,404.4,0.07,72.37,0.18,477.03,0,-40604.06,0,-82.37999999999741
Oct 2075,160.82,0.58,0,0,0.01,0.69,86.15,22.97,0.44,0,1.22,0,159.8,0.05,62.5,0.13,222.47,0,-40675.35,0,-71.2900000000009
Nov 2075,492.1,1.02,0,0,0.01,0.69,12.21,2.57,0.77,0,1.69,0,490.31,0.02,8.96,0.03,499.31,0,-40737.0,0,-61.6500000000015
Dec 2075,67.69,0.46,0,0,0.01,0.69,3.07,0.02,0.31,0,1.13,0,66.92,0.01,2.37,0.0,69.3,0,-40744.21,0,-7.2099999999991295
Jan 2076,6.42,0.06,0,0,0.01,0.69,3.07,0.02,0.04,0,0.73,0,6.32,0.02,2.37,0.0,8.7,0,-40745.82,0,-1.6100000000005799
Feb 2076,10.48,0.06,0,0,0.01,0.69,3.85,0.25,0.04,0,0.72,0,10.38,0.02,2.92,0.0,13.32,0,-40748.1,0,-2.27999999999884
Mar 2076,28.15,0.27,0,0,0.01,0.69,33.92,8.68,0.18,0,0.91,0,27.7,0.04,24.56,0.07,52.37,0,-40750.94,0,-2.8400000000037795
Apr 2076,142.55,0.6,0,0,0.01,0.69,102.53,27.48,0.43,0,1.23,0,141.52,0.05,74.37,0.19,216.12,0,-40775.16,0,-24.220000000001196
May 2076,344.55,1.29,0,0,0.01,0.69,109.33,29.36,0.91,0,1.88,0,342.36,0.08,79.29,0.22,421.95,0,-40848.74,0,-73.5799999999945
Jun 2076,98.26,0.49,0,0,0.0,0.69,154.85,41.95,0.39,0,1.08,0,97.38,0.1,112.22,0.27,209.98,0,-40926.14,0,-77.4000000000015
Jul 2076,437.29,2.77,0,0,0.01,0.68,120.33,32.44,1.8,0,3.34,0,432.72,0.11,87.21,0.24,520.28,0,-41037.85,0,-111.70999999999901
Aug 2076,328.75,1.31,0,0,0.0,0.68,121.18,32.64,0.9,0,1.89,0,326.54,0.1,87.85,0.22,414.71,0,-41120.83,0,-82.9800000000032
Sep 2076,356.51,0.88,0,0,0.0,0.68,104.18,27.94,0.69,0,1.47,0,354.94,0.09,75.56,0.18,430.77,0,-41206.79,0,-85.95999999999908
Oct 2076,322.02,0.7,0,0,0.01,0.68,77.3,20.51,0.51,0,1.33,0,320.81,0.05,56.11,0.13,377.09,0,-41281.05,0,-74.26000000000201
Nov 2076,30.83,0.11,0,0,0.01,0.68,36.38,9.3,0.08,0,0.77,0,30.64,0.02,26.4,0.04,57.1,0,-41336.12,0,-55.0699999999997
Dec 2076,69.85,0.23,0,0,0.01,0.68,3.07,0.02,0.16,0,0.9,0,69.46,0.01,2.37,0.0,71.83,0,-41362.39,0,-26.269999999996802
Jan 2077,318.95,0.71,0,0,0.01,0.68,3.07,0.02,0.5,0,1.38,0,317.73,0.01,2.37,0.0,320.12,0,-41364.38,0,-1.98999999999796
Feb 2077,70.57,0.09,0,0,0.01,0.68,4.0,0.29,0.09,0,0.77,0,70.39,0.01,3.03,0.0,73.42,0,-41365.55,0,-1.17000000000553
Mar 2077,515.81,1.58,0,0,0.01,0.68,25.57,6.38,0.92,0,2.11,0,513.31,0.15,18.52,0.09,532.08,0,-41368.4,0,-2.8499999999985404
Apr 2077,1.12,0.06,0,0,0.0,0.68,127.72,34.44,0.05,0,0.66,0,1.01,0.09,92.59,0.22,93.91,0,-41384.66,0,-16.260000000002
May 2077,669.57,1.79,0,0,0.0,0.68,95.66,25.58,1.26,0,2.37,0,666.51,0.1,69.4,0.24,736.26,0,-41477.45,0,-92.7899999999936
Jun 2077,390.5,1.37,0,0,0.0,0.68,123.73,33.34,0.94,0,1.95,0,388.19,0.1,89.7,0.25,478.24,0,-41544.14,0,-66.6900000000023
Jul 2077,148.22,0.72,0,0,0.0,0.68,152.94,41.41,0.49,0,1.32,0,147.0,0.09,110.85,0.26,258.19,0,-41631.88,0,-87.73999999999799
Aug 2077,778.51,2.61,0,0,0.01,0.68,90.2,24.09,1.81,0,3.19,0,774.09,0.1,65.43,0.22,839.84,0,-41741.86,0,-109.98000000000299
Sep 2077,2000.13,5.88,0,0,0.01,0.68,17.35,3.96,4.18,0,6.4,0,1990.07,0.15,12.71,0.16,2003.09,0,-41803.18,0,-61.3199999999997
Oct 2077,1739.61,5.64,0,0,0.01,0.68,4.04,0.3,3.8,0,6.19,0,1730.17,0.13,3.06,0.12,1733.47,0,-41806.14,0,-2.95999999999913
Nov 2077,50.75,0.18,0,0,0.01,0.68,6.31,0.94,0.15,0,0.85,0,50.42,0.01,4.69,0.0,55.12,0,-41800.01,0,6.12999999999738
Dec 2077,130.3,0.49,0,0,0.01,0.68,3.07,0.02,0.34,0,1.16,0,129.46,0.01,2.37,0.0,131.84,0,-41804.38,0,-4.36999999999534
Jan 2078,178.8,0.32,0,0,0.01,0.68,3.07,0.02,0.26,0,0.99,0,178.23,0.01,2.37,0.0,180.61,0,-41805.92,0,-1.5400000000008702
Feb 2078,126.95,0.62,0,0,0.01,0.68,3.07,0.02,0.4,0,1.28,0,125.94,0.02,2.37,0.0,128.33,0,-41807.73,0,-1.8100000000049499
Mar 2078,345.53,1.59,0,0,0.01,0.68,3.34,0.1,0.94,0,2.17,0,343.01,0.1,2.56,0.0,345.67,0,-41809.1,0,-1.36999999999534
Apr 2078,172.7,0.85,0,0,0.01,0.68,72.05,19.11,0.51,0,1.48,0,171.34,0.05,52.26,0.14,223.79,0,-41809.24,0,-0.139999999999418
May 2078,363.82,0.93,0,0,0.0,0.68,107.34,28.81,0.66,0,1.51,0,362.24,0.1,77.85,0.22,440.4,0,-41860.33,0,-51.0900000000038
Jun 2078,403.96,1.57,0,0,0.0,0.68,114.25,30.73,1.04,0,2.15,0,401.36,0.1,82.84,0.23,484.52,0,-41936.9,0,-76.56999999999971
Jul 2078,411.22,1.43,0,0,0.0,0.68,126.11,34.01,0.94,0,2.03,0,408.84,0.09,91.43,0.24,500.6,0,-42017.46,0,-80.5599999999977
Aug 2078,710.12,1.86,0,0,0.0,0.68,93.29,24.94,1.38,0,2.45,0,706.88,0.09,67.67,0.21,774.85,0,-42106.84,0,-89.37999999999741
Sep 2078,601.01,1.53,0,0,0.0,0.68,81.0,21.54,1.11,0,2.13,0,598.37,0.08,58.79,0.17,657.42,0,-42171.57,0,-64.7300000000032
Oct 2078,55.61,0.21,0,0,0.0,0.68,93.98,25.13,0.16,0,0.83,0,55.24,0.06,68.17,0.12,123.59,0,-42227.97,0,-56.4000000000015
Nov 2078,156.9,0.83,0,0,0.01,0.68,20.9,5.01,0.54,0,1.49,0,155.53,0.02,15.21,0.02,170.78,0,-42295.96,0,-67.98999999999799
Dec 2078,4.42,0.07,0,0,0.01,0.68,3.07,0.02,0.05,0,0.73,0,4.3,0.02,2.37,0.0,6.68,0,-42309.85,0,-13.889999999999402
Jan 2079,3.1,0.01,0,0,0.01,0.68,3.07,0.02,0.01,0,0.67,0,3.08,0.01,2.37,0.0,5.46,0,-42312.12,0,-2.2700000000040697
Feb 2079,14.24,0.08,0,0,0.01,0.68,3.64,0.19,0.06,0,0.74,0,14.1,0.02,2.77,0.0,16.89,0,-42314.48,0,-2.36000000000058
Mar 2079,73.91,0.23,0,0,0.01,0.68,30.54,7.75,0.15,0,0.86,0,73.53,0.04,22.11,0.07,95.75,0,-42317.14,0,-2.65999999999622
Apr 2079,169.61,0.5,0,0,0.01,0.68,105.81,28.4,0.36,0,1.13,0,168.75,0.05,76.73,0.2,245.73,0,-42338.98,0,-21.8400000000038
May 2079,368.78,1.61,0,0,0.01,0.68,109.79,29.49,1.09,0,2.2,0,366.07,0.09,79.62,0.23,446.01,0,-42415.1,0,-76.1199999999953
Jun 2079,396.96,1.49,0,0,0.0,0.68,122.12,32.91,1.0,0,2.07,0,394.48,0.1,88.53,0.25,483.36,0,-42492.33,0,-77.2300000000032
Jul 2079,328.26,0.94,0,0,0.0,0.68,139.55,37.71,0.69,0,1.53,0,326.63,0.09,101.16,0.26,428.14,0,-42578.72,0,-86.3899999999994
Aug 2079,1020.4,3.6,0,0,0.01,0.68,70.55,18.67,2.42,0,4.17,0,1014.38,0.1,51.2,0.21,1065.89,0,-42678.6,0,-99.87999999999741
Sep 2079,266.78,0.58,0,0,0.0,0.68,107.7,28.91,0.46,0,1.19,0,265.74,0.08,78.11,0.18,344.11,0,-42724.09,0,-45.489999999998
Oct 2079,261.42,0.31,0,0,0.0,0.68,83.14,22.12,0.3,0,0.94,0,260.82,0.05,60.34,0.13,321.33,0,-42801.42,0,-77.3300000000017
Nov 2079,10.32,0.08,0,0,0.01,0.68,29.6,7.4,0.06,0,0.74,0,10.18,0.03,21.52,0.03,31.75,0,-42861.33,0,-59.9100000000035
Dec 2079,21.07,0.11,0,0,0.01,0.68,3.07,0.02,0.08,0,0.77,0,20.89,0.01,2.37,0.0,23.27,0,-42882.76,0,-21.4300000000003
Jan 2080,93.43,0.3,0,0,0.01,0.68,3.07,0.02,0.23,0,0.97,0,92.9,0.01,2.37,0.0,95.28,0,-42884.96,0,-2.1999999999970896
Feb 2080,107.03,0.22,0,0,0.01,0.68,3.12,0.04,0.18,0,0.89,0,106.63,0.01,2.41,0.0,109.04,0,-42886.81,0,-1.84999999999854
Mar 2080,168.46,0.63,0,0,0.01,0.68,21.98,5.39,0.38,0,1.24,0,167.45,0.06,15.91,0.02,183.44,0,-42888.83,0,-2.02000000000407
Apr 2080,63.74,0.3,0,0,0.01,0.68,102.46,27.47,0.2,0,0.93,0,63.23,0.05,74.3,0.17,137.76,0,-42903.81,0,-14.979999999995899
May 2080,210.84,0.78,0,0,0.0,0.68,118.72,31.95,0.55,0,1.38,0,209.51,0.08,86.09,0.22,295.89,0,-42977.83,0,-74.02000000000409
Jun 2080,806.9,2.1,0,0,0.0,0.68,96.1,25.73,1.4,0,2.68,0,803.4,0.1,69.69,0.25,873.43,0,-43062.88,0,-85.04999999999559
Jul 2080,1993.42,8.78,0,0,0.01,0.68,50.35,13.09,5.59,0,9.26,0,1979.06,0.19,36.58,0.22,2016.05,0,-43129.42,0,-66.5400000000009
Aug 2080,699.65,2.34,0,0,0.0,0.68,91.0,24.32,1.63,0,2.92,0,695.68,0.1,66.01,0.21,761.99,0,-43152.05,0,-22.630000000004696
Sep 2080,685.9,1.7,0,0,0.01,0.68,75.41,19.99,1.24,0,2.29,0,682.96,0.08,54.75,0.17,737.96,0,-43214.39,0,-62.3399999999965
Oct 2080,157.21,0.22,0,0,0.0,0.68,87.14,23.23,0.2,0,0.85,0,156.8,0.05,63.23,0.12,220.19,0,-43266.46,0,-52.0699999999997
Nov 2080,175.99,0.99,0,0,0.01,0.68,4.16,0.34,0.67,0,1.65,0,174.34,0.02,3.15,0.0,177.51,0,-43329.44,0,-62.9800000000032
Dec 2080,0.0,0.0,0,0,0.01,0.68,3.07,0.02,0.0,0,0.67,0,-0.01,0.02,2.37,0.0,2.38,0,-43330.96,0,-1.5199999999968001
Jan 2081,69.67,0.36,0,0,0.01,0.68,3.07,0.02,0.25,0,1.03,0,69.05,0.01,2.37,0.0,71.43,0,-43333.33,0,-2.3700000000026202
Feb 2081,171.13,0.77,0,0,0.01,0.68,3.1,0.03,0.53,0,1.42,0,169.84,0.02,2.39,0.0,172.25,0,-43335.1,0,-1.7699999999968001
Mar 2081,501.9,2.13,0,0,0.01,0.68,10.5,2.16,1.32,0,2.65,0,498.45,0.15,7.66,0.0,506.26,0,-43336.22,0,-1.12000000000262
Apr 2081,12.96,0.06,0,0,0.01,0.68,101.11,27.11,0.05,0,0.67,0,12.85,0.07,73.32,0.16,86.4,0,-43340.58,0,-4.36000000000058
May 2081,545.05,1.74,0,0,0.0,0.68,94.53,25.27,1.16,0,2.34,0,542.15,0.08,68.58,0.22,611.04,0,-43414.02,0,-73.4399999999951
Jun 2081,255.77,1.63,0,0,0.0,0.68,134.92,36.44,1.07,0,2.21,0,253.07,0.1,97.8,0.26,351.22,0,-43480.01,0,-65.99000000000521
Jul 2081,472.57,2.4,0,0,0.01,0.68,120.3,32.42,1.61,0,2.97,0,468.56,0.1,87.2,0.24,556.11,0,-43575.46,0,-95.4499999999971
Aug 2081,1309.5,3.71,0,0,0.01,0.68,60.89,15.99,2.58,0,4.28,0,1303.2,0.11,44.22,0.21,1347.75,0,-43658.99,0,-83.5299999999988
Sep 2081,324.51,0.6,0,0,0.0,0.68,101.16,27.09,0.5,0,1.21,0,323.41,0.07,73.39,0.17,397.04,0,-43697.24,0,-38.25
Oct 2081,1057.73,3.79,0,0,0.01,0.68,25.64,6.29,2.53,0,4.37,0,1051.41,0.1,18.67,0.13,1070.31,0,-43769.77,0,-72.5299999999988
Nov 2081,362.73,0.73,0,0,0.01,0.68,11.63,2.41,0.57,0,1.39,0,361.43,0.01,8.54,0.02,370.0,0,-43782.35,0,-12.5800000000017
Dec 2081,478.86,1.15,0,0,0.01,0.68,3.07,0.02,0.84,0,1.8,0,476.87,0.02,2.37,0.0,479.26,0,-43789.62,0,-7.27000000000407
Jan 2082,316.59,0.77,0,0,0.01,0.68,3.14,0.04,0.54,0,1.44,0,315.28,0.01,2.42,0.0,317.71,0,-43790.03,0,-0.40999999999621706
Feb 2082,47.02,0.23,0,0,0.01,0.68,15.68,3.65,0.17,0,0.89,0,46.62,0.02,11.35,0.0,57.99,0,-43791.15,0,-1.12000000000262
Mar 2082,1.52,0.03,0,0,0.01,0.68,44.39,11.57,0.02,0,0.63,0,1.46,0.08,32.15,0.05,33.74,0,-43802.12,0,-10.9700000000012
Apr 2082,87.69,0.58,0,0,0.01,0.68,109.03,29.29,0.39,0,1.2,0,86.72,0.06,79.06,0.19,166.03,0,-43834.34,0,-32.219999999993895
May 2082,267.91,0.69,0,0,0.0,0.68,115.49,31.05,0.49,0,1.29,0,266.73,0.08,83.76,0.22,350.79,0,-43912.68,0,-78.3400000000038
Jun 2082,460.17,1.31,0,0,0.0,0.68,119.88,32.29,0.94,0,1.9,0,457.92,0.1,86.92,0.25,545.18,0,-43995.57,0,-82.8899999999994
Jul 2082,213.26,1.09,0,0,0.0,0.68,142.08,38.43,0.7,0,1.68,0,211.47,0.09,102.98,0.25,314.78,0,-44080.58,0,-85.01000000000201
Aug 2082,571.28,2.61,0,0,0.01,0.68,99.38,26.63,1.72,0,3.19,0,566.95,0.1,72.07,0.22,639.34,0,-44182.11,0,-101.529999999999
Sep 2082,1439.8,3.12,0,0,0.01,0.68,38.09,9.68,2.36,0,3.71,0,1434.32,0.09,27.74,0.17,1462.31,0,-44250.16,0,-68.0500000000029
Oct 2082,214.86,0.49,0,0,0.0,0.68,94.0,25.13,0.37,0,1.12,0,214.0,0.05,68.19,0.15,282.39,0,-44272.67,0,-22.509999999994804
Nov 2082,55.49,0.46,0,0,0.01,0.68,12.71,2.73,0.32,0,1.12,0,54.71,0.02,9.31,0.01,64.04,0,-44340.2,0,-67.5299999999988
Dec 2082,687.69,1.9,0,0,0.01,0.68,3.07,0.02,1.26,0,2.54,0,684.53,0.03,2.37,0.0,686.94,0,-44348.75,0,-8.55000000000291
Jan 2083,84.29,0.43,0,0,0.01,0.68,3.07,0.02,0.29,0,1.1,0,83.58,0.01,2.37,0.0,85.96,0,-44347.99,0,0.7600000000020369
Feb 2083,201.89,0.54,0,0,0.01,0.68,3.45,0.13,0.36,0,1.2,0,201.0,0.02,2.64,0.0,203.65,0,-44349.66,0,-1.6700000000055302
Mar 2083,2.75,0.1,0,0,0.01,0.68,35.84,9.22,0.08,0,0.72,0,2.57,0.06,25.95,0.04,28.61,0,-44351.42,0,-1.7599999999947602
Apr 2083,114.15,0.6,0,0,0.01,0.68,99.13,26.55,0.41,0,1.22,0,113.15,0.05,71.9,0.17,185.28,0,-44377.28,0,-25.8600000000006
May 2083,307.35,0.95,0,0,0.0,0.68,114.19,30.7,0.67,0,1.55,0,305.73,0.08,82.81,0.22,388.85,0,-44448.41,0,-71.1300000000047
Jun 2083,942.41,3.37,0,0,0.01,0.68,82.88,22.08,2.3,0,3.93,0,936.74,0.12,60.12,0.24,997.22,0,-44529.92,0,-81.50999999999479
Jul 2083,194.82,0.88,0,0,0.0,0.68,143.05,38.69,0.64,0,1.47,0,193.3,0.09,103.68,0.25,297.32,0,-44584.73,0,-54.810000000004905
Aug 2083,165.08,0.86,0,0,0.0,0.68,138.06,37.3,0.63,0,1.45,0,163.59,0.09,100.07,0.23,263.98,0,-44687.24,0,-102.509999999995
Sep 2083,250.87,0.58,0,0,0.0,0.68,110.55,29.7,0.45,0,1.19,0,249.84,0.08,80.17,0.18,330.27,0,-44786.14,0,-98.90000000000151
Oct 2083,790.59,3.63,0,0,0.01,0.68,41.59,10.72,2.34,0,4.21,0,784.62,0.09,30.19,0.14,815.05,0,-44865.54,0,-79.4000000000015
Nov 2083,185.58,0.96,0,0,0.01,0.68,4.82,0.52,0.61,0,1.62,0,184.01,0.02,3.62,0.0,187.65,0,-44889.99,0,-24.4499999999971
Dec 2083,12.25,0.1,0,0,0.01,0.68,3.07,0.02,0.07,0,0.76,0,12.09,0.02,2.37,0.0,14.48,0,-44892.06,0,-2.06999999999971
Jan 2084,321.7,0.81,0,0,0.01,0.68,3.07,0.02,0.57,0,1.48,0,320.31,0.02,2.37,0.0,322.7,0,-44894.28,0,-2.22000000000116
Feb 2084,228.33,0.82,0,0,0.01,0.68,3.32,0.09,0.57,0,1.47,0,226.94,0.02,2.55,0.0,229.51,0,-44895.29,0,-1.01000000000204
Mar 2084,74.39,0.48,0,0,0.01,0.68,27.74,6.98,0.34,0,1.09,0,73.57,0.06,20.08,0.06,93.78,0,-44896.47,0,-1.18000000000029
Apr 2084,84.14,0.27,0,0,0.01,0.68,108.98,29.28,0.23,0,0.9,0,83.64,0.05,79.02,0.19,162.9,0,-44915.86,0,-19.3899999999994
May 2084,352.83,1.44,0,0,0.01,0.68,104.88,28.15,1.01,0,2.01,0,350.38,0.1,76.05,0.21,426.75,0,-44994.61,0,-78.75
Jun 2084,520.5,1.08,0,0,0.0,0.68,119.23,32.09,0.84,0,1.66,0,518.57,0.1,86.46,0.25,605.39,0,-45068.53,0,-73.9199999999983
Jul 2084,891.99,3.61,0,0,0.01,0.68,93.82,25.11,2.41,0,4.18,0,885.97,0.1,68.04,0.24,954.36,0,-45153.41,0,-84.8800000000047
Aug 2084,456.06,2.45,0,0,0.01,0.68,110.71,29.77,1.57,0,3.03,0,452.03,0.1,80.26,0.22,532.62,0,-45215.78,0,-62.3699999999953
Sep 2084,806.76,2.01,0,0,0.0,0.68,67.56,17.82,1.49,0,2.6,0,803.26,0.09,49.06,0.17,852.59,0,-45292.34,0,-76.5599999999977
Oct 2084,144.02,0.21,0,0,0.0,0.68,90.84,24.26,0.18,0,0.84,0,143.63,0.05,65.9,0.13,209.71,0,-45338.17,0,-45.830000000001704
Nov 2084,280.66,0.74,0,0,0.01,0.68,4.37,0.39,0.52,0,1.4,0,279.4,0.01,3.3,0.0,282.72,0,-45403.85,0,-65.68000000000029
Dec 2084,34.82,0.06,0,0,0.01,0.68,3.07,0.02,0.06,0,0.73,0,34.7,0.0,2.37,0.0,37.08,0,-45405.91,0,-2.06000000000495
Jan 2085,10.71,0.02,0,0,0.01,0.68,3.26,0.08,0.03,0,0.69,0,10.65,0.01,2.5,0.0,13.17,0,-45408.17,0,-2.25999999999476
Feb 2085,4.82,0.04,0,0,0.01,0.68,16.43,3.87,0.03,0,0.7,0,4.76,0.02,11.88,0.0,16.66,0,-45410.63,0,-2.45999999999913
Mar 2085,51.61,0.5,0,0,0.01,0.68,24.0,5.96,0.34,0,1.12,0,50.77,0.06,17.36,0.05,68.24,0,-45422.46,0,-11.8300000000017
Apr 2085,206.29,0.92,0,0,0.01,0.68,89.26,23.83,0.62,0,1.55,0,204.76,0.04,64.75,0.16,269.72,0,-45439.09,0,-16.629999999997402
May 2085,583.65,1.72,0,0,0.01,0.68,91.8,24.51,1.2,0,2.31,0,580.73,0.09,66.61,0.21,647.64,0,-45502.52,0,-63.4300000000003
Jun 2085,1633.15,3.24,0,0,0.01,0.68,59.69,15.65,2.42,0,3.81,0,1627.5,0.1,43.37,0.24,1671.21,0,-45566.51,0,-63.99000000000521
Jul 2085,993.01,4.07,0,0,0.01,0.68,81.91,21.82,2.65,0,4.65,0,986.28,0.1,59.42,0.23,1046.04,0,-45604.57,0,-38.0599999999977
Aug 2085,1823.78,4.82,0,0,0.01,0.68,48.72,12.63,3.39,0,5.36,0,1815.58,0.13,35.41,0.21,1851.33,0,-45657.6,0,-53.0299999999988
Sep 2085,738.0,2.11,0,0,0.01,0.68,71.26,18.85,1.51,0,2.7,0,734.38,0.09,51.74,0.17,786.38,0,-45685.15,0,-27.5500000000029
Oct 2085,638.46,1.08,0,0,0.01,0.68,57.15,14.95,0.95,0,1.71,0,636.42,0.05,41.52,0.13,678.13,0,-45733.53,0,-48.379999999997395
Nov 2085,48.53,0.24,0,0,0.01,0.68,27.71,6.89,0.16,0,0.9,0,48.13,0.02,20.15,0.03,68.32,0,-45773.2,0,-39.669999999998296
Dec 2085,132.62,0.52,0,0,0.01,0.68,3.07,0.02,0.36,0,1.19,0,131.75,0.01,2.37,0.0,134.13,0,-45792.99,0,-19.790000000000898
Jan 2086,104.71,0.36,0,0,0.01,0.68,3.07,0.02,0.27,0,1.03,0,104.08,0.01,2.37,0.0,106.46,0,-45794.49,0,-1.5
Feb 2086,136.59,0.42,0,0,0.01,0.68,3.09,0.03,0.33,0,1.06,0,135.85,0.03,2.38,0.0,138.26,0,-45796.24,0,-1.75
Mar 2086,207.76,0.86,0,0,0.01,0.68,21.78,5.33,0.54,0,1.41,0,206.36,0.13,15.78,0.02,222.29,0,-45797.92,0,-1.68000000000029
Apr 2086,78.7,0.4,0,0,0.01,0.68,104.8,28.12,0.26,0,1.01,0,78.05,0.06,76.0,0.18,154.29,0,-45812.44,0,-14.520000000004101
May 2086,344.31,1.58,0,0,0.01,0.68,106.11,28.48,1.12,0,2.14,0,341.61,0.12,76.95,0.22,418.89,0,-45888.03,0,-75.5899999999965
Jun 2086,1403.31,2.71,0,0,0.0,0.68,68.2,18.0,1.99,0,3.28,0,1398.61,0.11,49.52,0.24,1448.48,0,-45962.61,0,-74.5800000000017
Jul 2086,756.14,2.37,0,0,0.0,0.68,101.69,27.26,1.68,0,2.95,0,752.1,0.1,73.75,0.24,826.18,0,-46007.78,0,-45.169999999998296
Aug 2086,845.69,3.47,0,0,0.01,0.68,78.66,20.92,2.32,0,4.02,0,839.9,0.12,57.06,0.21,897.29,0,-46077.82,0,-70.0400000000009
Sep 2086,1061.08,2.47,0,0,0.01,0.68,52.37,13.6,1.83,0,3.06,0,1056.77,0.09,38.09,0.17,1095.11,0,-46129.42,0,-51.5999999999985
Oct 2086,132.26,0.29,0,0,0.0,0.68,86.85,23.16,0.22,0,0.92,0,131.75,0.05,63.01,0.12,194.93,0,-46163.46,0,-34.040000000000894
Nov 2086,301.79,0.91,0,0,0.01,0.68,19.2,4.53,0.65,0,1.57,0,300.22,0.02,14.0,0.03,314.27,0,-46226.13,0,-62.669999999998296
Dec 2086,137.59,0.34,0,0,0.01,0.68,3.07,0.02,0.24,0,1.01,0,137.02,0.01,2.37,0.0,139.4,0,-46238.61,0,-12.4800000000032
Jan 2087,194.8,0.66,0,0,0.01,0.68,3.1,0.03,0.44,0,1.32,0,193.7,0.02,2.39,0.0,196.11,0,-46240.42,0,-1.8099999999976701
Feb 2087,291.94,0.77,0,0,0.01,0.68,10.69,2.22,0.54,0,1.41,0,290.62,0.04,7.8,0.0,298.46,0,-46241.73,0,-1.31000000000495
Mar 2087,877.01,3.16,0,0,0.01,0.68,8.26,1.52,1.91,0,3.59,0,871.95,0.25,6.06,0.02,878.28,0,-46248.25,0,-6.5199999999967995
Apr 2087,171.7,0.66,0,0,0.01,0.68,92.39,24.69,0.46,0,1.26,0,170.58,0.08,67.02,0.17,237.85,0,-46249.52,0,-1.2699999999968
May 2087,380.79,2.16,0,0,0.01,0.68,99.57,26.68,1.49,0,2.7,0,377.14,0.14,72.22,0.21,449.71,0,-46315.66,0,-66.14000000000671
Jun 2087,288.15,1.3,0,0,0.0,0.68,129.86,35.03,0.92,0,1.86,0,285.93,0.12,94.15,0.25,380.45,0,-46384.58,0,-68.9199999999983
Jul 2087,560.52,2.5,0,0,0.0,0.68,109.14,29.32,1.67,0,3.09,0,556.35,0.09,79.14,0.23,635.82,0,-46476.88,0,-92.29999999999559
Aug 2087,385.34,1.69,0,0,0.0,0.68,119.02,32.05,1.16,0,2.27,0,382.49,0.1,86.29,0.22,469.1,0,-46552.17,0,-75.2900000000009
Sep 2087,1470.62,3.06,0,0,0.01,0.68,38.85,9.89,2.32,0,3.65,0,1465.23,0.09,28.28,0.17,1493.78,0,-46635.94,0,-83.77000000000409
Oct 2087,893.08,2.88,0,0,0.01,0.68,23.24,5.6,1.97,0,3.49,0,888.23,0.07,16.96,0.11,905.36,0,-46659.1,0,-23.1599999999962
Nov 2087,123.81,0.35,0,0,0.01,0.68,13.69,3.08,0.3,0,1.01,0,123.16,0.02,9.93,0.0,133.12,0,-46671.38,0,-12.2799999999988
Dec 2087,431.66,1.02,0,0,0.01,0.68,3.07,0.02,0.73,0,1.66,0,429.91,0.04,2.37,0.0,432.32,0,-46680.68,0,-9.30000000000291
Jan 2088,335.39,0.96,0,0,0.01,0.68,3.07,0.02,0.67,0,1.6,0,333.76,0.04,2.37,0.0,336.17,0,-46681.34,0,-0.6599999999962171
Feb 2088,120.69,0.4,0,0,0.01,0.68,3.08,0.03,0.28,0,1.06,0,120.0,0.02,2.38,0.0,122.4,0,-46682.12,0,-0.780000000006112
Mar 2088,80.05,0.22,0,0,0.01,0.68,33.93,8.68,0.17,0,0.83,0,79.66,0.07,24.58,0.04,104.34,0,-46683.83,0,-1.7099999999991298
Apr 2088,303.84,0.82,0,0,0.01,0.68,89.35,23.85,0.65,0,1.46,0,302.37,0.05,64.83,0.18,367.43,0,-46708.13,0,-24.299999999995602
May 2088,333.79,1.24,0,0,0.0,0.68,106.93,28.69,0.91,0,1.82,0,331.64,0.09,77.55,0.21,409.5,0,-46771.71,0,-63.580000000001704
Jun 2088,565.23,2.08,0,0,0.0,0.68,110.82,29.79,1.32,0,2.65,0,561.84,0.1,80.35,0.25,642.55,0,-46847.42,0,-75.7099999999991
Jul 2088,684.54,2.95,0,0,0.01,0.68,104.46,28.03,2.06,0,3.52,0,679.53,0.1,75.76,0.24,755.63,0,-46924.74,0,-77.31999999999971
Aug 2088,274.94,1.29,0,0,0.0,0.68,128.63,34.7,0.9,0,1.88,0,272.75,0.09,93.25,0.23,366.32,0,-46995.82,0,-71.0800000000017
Sep 2088,589.4,1.78,0,0,0.0,0.68,81.68,21.73,1.22,0,2.38,0,586.41,0.08,59.28,0.18,645.94,0,-47087.21,0,-91.3899999999994
Oct 2088,863.96,2.24,0,0,0.01,0.68,39.54,10.1,1.56,0,2.86,0,860.16,0.06,28.76,0.13,889.11,0,-47143.74,0,-56.5299999999988
Nov 2088,35.41,0.32,0,0,0.01,0.68,18.02,4.21,0.2,0,0.98,0,34.89,0.02,13.13,0.02,48.06,0,-47168.9,0,-25.1600000000035
Dec 2088,31.41,0.13,0,0,0.01,0.68,3.07,0.02,0.1,0,0.8,0,31.17,0.01,2.37,0.0,33.56,0,-47181.55,0,-12.6500000000015
Jan 2089,64.03,0.28,0,0,0.01,0.68,3.07,0.02,0.2,0,0.94,0,63.55,0.01,2.37,0.0,65.93,0,-47183.7,0,-2.14999999999418
Feb 2089,11.7,0.05,0,0,0.01,0.68,9.37,1.8,0.04,0,0.71,0,11.6,0.02,6.89,0.0,18.52,0,-47185.6,0,-1.90000000000146
Mar 2089,7.51,0.12,0,0,0.01,0.68,87.05,23.22,0.1,0,0.72,0,7.29,0.08,63.15,0.12,70.65,0,-47192.43,0,-6.83000000000175
Apr 2089,153.36,0.32,0,0,0.01,0.68,110.86,29.79,0.23,0,0.95,0,152.81,0.05,80.4,0.21,233.46,0,-47255.57,0,-63.1399999999994
May 2089,213.52,0.53,0,0,0.0,0.68,129.89,35.03,0.39,0,1.13,0,212.6,0.09,94.17,0.24,307.1,0,-47335.67,0,-80.0999999999985
Jun 2089,450.53,1.99,0,0,0.0,0.68,117.49,31.65,1.32,0,2.56,0,447.22,0.1,85.17,0.25,532.74,0,-47429.25,0,-93.5800000000017
Jul 2089,704.06,2.99,0,0,0.01,0.68,101.48,27.23,2.04,0,3.56,0,699.03,0.1,73.58,0.24,772.95,0,-47511.47,0,-82.2200000000012
Aug 2089,530.39,2.96,0,0,0.01,0.68,101.35,27.21,1.95,0,3.52,0,525.48,0.12,73.47,0.22,599.28,0,-47580.36,0,-68.8899999999994
Sep 2089,814.3,2.19,0,0,0.01,0.68,68.86,18.19,1.63,0,2.77,0,810.49,0.1,50.0,0.18,860.76,0,-47649.25,0,-68.8899999999994
Oct 2089,390.65,1.79,0,0,0.01,0.68,65.61,17.31,1.22,0,2.41,0,387.64,0.05,47.62,0.13,435.44,0,-47695.71,0,-46.459999999999106
Nov 2089,7.91,0.18,0,0,0.01,0.68,33.96,8.63,0.14,0,0.83,0,7.6,0.03,24.66,0.03,32.32,0,-47740.5,0,-44.790000000000894
Dec 2089,177.72,0.43,0,0,0.01,0.68,3.07,0.02,0.33,0,1.09,0,176.97,0.01,2.37,0.0,179.35,0,-47764.9,0,-24.4000000000015
Jan 2090,7.99,0.04,0,0,0.01,0.68,3.79,0.23,0.03,0,0.7,0,7.92,0.01,2.89,0.0,10.82,0,-47766.52,0,-1.61999999999534
Feb 2090,129.14,0.37,0,0,0.01,0.68,27.27,6.94,0.25,0,1.03,0,128.52,0.02,19.66,0.06,148.26,0,-47769.35,0,-2.83000000000175
Mar 2090,59.48,0.68,0,0,0.01,0.68,86.43,23.05,0.44,0,1.25,0,58.36,0.1,62.7,0.13,121.3,0,-47788.47,0,-19.1200000000026
Apr 2090,186.76,0.63,0,0,0.01,0.68,99.37,26.62,0.42,0,1.26,0,185.71,0.05,72.08,0.19,258.02,0,-47850.29,0,-61.8199999999997
May 2090,214.19,1.51,0,0,0.01,0.68,122.58,33.03,1.07,0,2.08,0,211.61,0.1,88.87,0.23,300.82,0,-47921.55,0,-71.26000000000201
Jun 2090,553.04,1.33,0,0,0.0,0.68,113.62,30.56,0.99,0,1.91,0,550.72,0.1,82.39,0.24,633.46,0,-48008.18,0,-86.62999999999741
Jul 2090,628.37,2.25,0,0,0.0,0.68,109.39,29.39,1.56,0,2.82,0,624.56,0.1,79.32,0.24,704.21,0,-48088.59,0,-80.4099999999962
Aug 2090,866.87,3.13,0,0,0.01,0.68,85.39,22.78,2.13,0,3.71,0,861.61,0.1,61.94,0.22,923.87,0,-48164.44,0,-75.85000000000579
Sep 2090,1093.45,3.07,0,0,0.01,0.68,53.38,13.92,2.22,0,3.65,0,1088.16,0.1,38.79,0.18,1127.22,0,-48221.44,0,-57.0
Oct 2090,512.73,0.76,0,0,0.0,0.68,69.61,18.38,0.67,0,1.39,0,511.3,0.05,50.54,0.14,562.03,0,-48255.21,0,-33.7699999999968
Nov 2090,239.75,0.88,0,0,0.01,0.68,9.96,1.96,0.6,0,1.53,0,238.28,0.02,7.33,0.01,245.64,0,-48304.51,0,-49.300000000002896
Dec 2090,107.46,0.3,0,0,0.01,0.68,3.07,0.02,0.23,0,0.97,0,106.93,0.01,2.37,0.0,109.31,0,-48310.4,0,-5.88999999999942
Jan 2091,307.46,0.77,0,0,0.01,0.68,3.07,0.02,0.54,0,1.43,0,306.15,0.01,2.37,0.0,308.53,0,-48312.25,0,-1.84999999999854
Feb 2091,83.4,0.28,0,0,0.01,0.68,3.49,0.14,0.2,0,0.94,0,82.92,0.01,2.67,0.0,85.6,0,-48313.32,0,-1.06999999999971
Mar 2091,557.55,2.39,0,0,0.01,0.68,11.52,2.45,1.45,0,2.91,0,553.71,0.16,8.39,0.04,562.3,0,-48315.52,0,-2.1999999999970896
Apr 2091,279.48,1.16,0,0,0.01,0.68,86.8,23.14,0.74,0,1.78,0,277.58,0.06,62.98,0.17,340.78,0,-48320.27,0,-4.75
May 2091,450.71,1.23,0,0,0.0,0.68,101.82,27.27,0.9,0,1.81,0,448.57,0.1,73.87,0.22,522.76,0,-48381.58,0,-61.310000000004905
Jun 2091,1175.06,3.49,0,0,0.01,0.68,72.64,19.25,2.37,0,4.05,0,1169.2,0.12,52.72,0.24,1222.29,0,-48453.63,0,-72.04999999999559
Jul 2091,877.26,3.29,0,0,0.01,0.68,95.02,25.44,2.21,0,3.82,0,871.76,0.14,68.9,0.25,941.05,0,-48500.85,0,-47.2200000000012
Aug 2091,953.8,2.85,0,0,0.0,0.68,79.23,21.06,1.93,0,3.42,0,949.03,0.1,57.49,0.22,1006.84,0,-48564.64,0,-63.790000000000894
Sep 2091,1178.07,2.5,0,0,0.0,0.68,49.35,12.78,1.89,0,3.09,0,1173.68,0.09,35.89,0.17,1209.83,0,-48617.67,0,-53.0299999999988
Oct 2091,544.22,1.13,0,0,0.0,0.68,64.76,17.05,0.78,0,1.76,0,542.3,0.05,47.03,0.14,589.52,0,-48649.43,0,-31.760000000001998
Nov 2091,172.37,0.93,0,0,0.01,0.68,6.44,0.98,0.63,0,1.59,0,170.8,0.02,4.79,0.0,175.62,0,-48694.73,0,-45.300000000002896
Dec 2091,63.66,0.31,0,0,0.01,0.68,3.07,0.02,0.22,0,0.97,0,63.14,0.02,2.37,0.0,65.52,0,-48697.98,0,-3.25
Jan 2092,13.73,0.14,0,0,0.01,0.68,3.07,0.02,0.1,0,0.8,0,13.48,0.02,2.37,0.0,15.88,0,-48699.84,0,-1.85999999999331
Feb 2092,73.17,0.27,0,0,0.01,0.68,3.94,0.27,0.2,0,0.92,0,72.71,0.02,2.99,0.0,75.72,0,-48701.99,0,-2.15000000000146
Mar 2092,29.64,0.33,0,0,0.01,0.68,28.63,7.24,0.22,0,0.95,0,29.1,0.06,20.72,0.06,49.93,0,-48704.54,0,-2.5500000000029104
Apr 2092,17.92,0.22,0,0,0.01,0.68,117.59,31.65,0.14,0,0.83,0,17.56,0.07,85.26,0.2,103.09,0,-48724.83,0,-20.290000000000898
May 2092,300.65,1.16,0,0,0.0,0.68,115.62,31.09,0.85,0,1.74,0,298.64,0.09,83.86,0.23,382.82,0,-48810.0,0,-85.1699999999983
Jun 2092,702.86,1.94,0,0,0.0,0.68,106.25,28.52,1.35,0,2.51,0,699.57,0.11,77.06,0.26,776.99,0,-48892.16,0,-82.1600000000035
Jul 2092,99.34,0.66,0,0,0.0,0.68,155.54,42.13,0.45,0,1.25,0,98.23,0.09,112.73,0.26,211.31,0,-48966.29,0,-74.12999999999741
Aug 2092,275.72,1.07,0,0,0.0,0.68,132.77,35.84,0.7,0,1.66,0,273.96,0.09,96.25,0.24,370.53,0,-49078.26,0,-111.970000000001
Sep 2092,681.08,1.52,0,0,0.0,0.68,78.0,20.69,1.09,0,2.13,0,678.47,0.07,56.63,0.18,735.35,0,-49173.07,0,-94.80999999999771
Oct 2092,0.05,0.0,0,0,0.0,0.68,106.68,28.64,0.0,0,0.62,0,0.04,0.07,77.36,0.14,77.61,0,-49227.34,0,-54.2699999999968
Nov 2092,9.08,0.09,0,0,0.01,0.68,61.59,16.25,0.06,0,0.73,0,8.93,0.04,44.66,0.07,53.7,0,-49304.9,0,-77.5600000000049
Dec 2092,229.74,0.77,0,0,0.01,0.68,3.07,0.02,0.51,0,1.43,0,228.46,0.01,2.37,0.0,230.85,0,-49349.52,0,-44.6199999999953
Jan 2093,196.67,0.73,0,0,0.01,0.68,3.07,0.02,0.47,0,1.4,0,195.46,0.01,2.37,0.0,197.85,0,-49350.64,0,-1.12000000000262
Feb 2093,65.75,0.11,0,0,0.01,0.68,4.96,0.57,0.1,0,0.77,0,65.54,0.01,3.72,0.0,69.27,0,-49351.82,0,-1.18000000000029
Mar 2093,12.1,0.09,0,0,0.01,0.68,87.9,23.45,0.07,0,0.7,0,11.93,0.07,63.77,0.13,75.9,0,-49355.34,0,-3.5199999999968
Apr 2093,62.78,0.33,0,0,0.01,0.68,108.44,29.12,0.23,0,0.95,0,62.22,0.05,78.64,0.18,141.1,0,-49419.14,0,-63.800000000002896
May 2093,531.35,1.52,0,0,0.0,0.68,103.13,27.64,1.05,0,2.1,0,528.79,0.09,74.82,0.24,603.93,0,-49497.46,0,-78.31999999999971
Jun 2093,857.4,2.79,0,0,0.01,0.68,93.19,24.92,1.91,0,3.36,0,852.7,0.11,67.59,0.25,920.66,0,-49570.04,0,-72.5800000000017
Jul 2093,668.08,2.47,0,0,0.0,0.68,110.03,29.57,1.65,0,3.05,0,663.95,0.1,79.78,0.25,744.08,0,-49633.3,0,-63.260000000002
Aug 2093,457.82,2.58,0,0,0.01,0.68,110.65,29.75,1.66,0,3.15,0,453.59,0.1,80.22,0.22,534.14,0,-49709.3,0,-76.0
Sep 2093,469.77,1.66,0,0,0.01,0.68,93.89,25.11,1.19,0,2.25,0,466.92,0.09,68.11,0.18,535.31,0,-49785.61,0,-76.3099999999977
Oct 2093,246.13,1.15,0,0,0.01,0.68,88.49,23.63,0.81,0,1.77,0,244.17,0.06,64.19,0.15,308.56,0,-49851.15,0,-65.5400000000009
Nov 2093,391.15,0.86,0,0,0.01,0.68,25.93,6.38,0.63,0,1.52,0,389.65,0.02,18.87,0.04,408.58,0,-49913.58,0,-62.4300000000003
Dec 2093,146.41,0.44,0,0,0.01,0.68,3.07,0.02,0.33,0,1.1,0,145.65,0.01,2.37,0.0,148.03,0,-49931.01,0,-17.4300000000003
Jan 2094,89.37,0.17,0,0,0.01,0.68,3.07,0.02,0.15,0,0.84,0,89.05,0.0,2.37,0.0,91.43,0,-49932.63,0,-1.61999999999534
Feb 2094,117.24,0.39,0,0,0.01,0.68,3.64,0.19,0.28,0,1.05,0,116.57,0.02,2.78,0.0,119.37,0,-49934.7,0,-2.06999999999971
Mar 2094,46.21,0.23,0,0,0.01,0.68,35.6,9.14,0.17,0,0.85,0,45.81,0.05,25.79,0.07,71.73,0,-49936.83,0,-2.1300000000046597
Apr 2094,143.75,0.59,0,0,0.01,0.68,104.34,27.99,0.38,0,1.21,0,142.78,0.06,75.67,0.19,218.7,0,-49962.34,0,-25.509999999994804
May 2094,165.52,1.08,0,0,0.01,0.68,122.84,33.1,0.76,0,1.66,0,163.68,0.1,89.07,0.22,253.06,0,-50037.3,0,-74.9600000000064
Jun 2094,192.69,0.82,0,0,0.0,0.68,142.14,38.43,0.57,0,1.4,0,191.31,0.09,103.04,0.26,294.69,0,-50124.84,0,-87.5399999999936
Jul 2094,488.84,1.95,0,0,0.0,0.68,122.55,33.02,1.35,0,2.54,0,485.55,0.09,88.85,0.25,574.74,0,-50226.84,0,-102.0
Aug 2094,879.62,3.25,0,0,0.01,0.68,79.31,21.1,2.2,0,3.82,0,874.16,0.1,57.54,0.21,932.01,0,-50312.74,0,-85.90000000000151
Sep 2094,548.15,1.5,0,0,0.0,0.68,93.43,24.98,1.1,0,2.09,0,545.55,0.09,67.77,0.19,613.61,0,-50365.13,0,-52.3899999999994
Oct 2094,123.28,0.45,0,0,0.0,0.68,95.91,25.66,0.32,0,1.08,0,122.51,0.05,69.57,0.14,192.26,0,-50430.59,0,-65.4599999999991
Nov 2094,84.27,0.08,0,0,0.01,0.68,26.04,6.43,0.08,0,0.75,0,84.11,0.01,18.94,0.03,103.09,0,-50499.58,0,-68.99000000000521
Dec 2094,401.51,0.91,0,0,0.01,0.68,3.07,0.02,0.65,0,1.57,0,399.95,0.02,2.37,0.0,402.34,0,-50518.39,0,-18.8099999999977
Jan 2095,252.22,0.46,0,0,0.01,0.68,3.07,0.02,0.35,0,1.12,0,251.41,0.01,2.37,0.0,253.79,0,-50519.22,0,-0.830000000001746
Feb 2095,76.74,0.12,0,0,0.01,0.68,3.26,0.08,0.11,0,0.78,0,76.51,0.01,2.51,0.0,79.03,0,-50520.79,0,-1.56999999999971
Mar 2095,32.68,0.31,0,0,0.01,0.68,37.88,9.77,0.22,0,0.94,0,32.15,0.05,27.44,0.05,59.69,0,-50523.08,0,-2.29000000000087
Apr 2095,0.81,0.06,0,0,0.01,0.68,114.81,30.89,0.05,0,0.66,0,0.71,0.07,83.25,0.19,84.21,0,-50550.09,0,-27.009999999994804
May 2095,143.39,0.94,0,0,0.0,0.68,127.5,34.38,0.68,0,1.54,0,141.76,0.08,92.44,0.23,234.52,0,-50633.49,0,-83.4000000000015
Jun 2095,226.04,1.27,0,0,0.0,0.68,150.28,40.68,0.85,0,1.85,0,223.93,0.1,108.92,0.29,333.23,0,-50724.62,0,-91.13000000000471
Jul 2095,178.74,1.36,0,0,0.0,0.68,147.34,39.88,0.89,0,1.94,0,176.48,0.1,106.78,0.26,283.62,0,-50831.81,0,-107.18999999999501
Aug 2095,614.08,2.63,0,0,0.01,0.68,100.83,27.03,1.79,0,3.2,0,609.66,0.1,73.12,0.23,683.1,0,-50936.69,0,-104.880000000005
Sep 2095,761.6,2.3,0,0,0.01,0.68,77.42,20.55,1.7,0,2.88,0,757.6,0.09,56.2,0.19,814.08,0,-51005.72,0,-69.0299999999988
Oct 2095,322.22,0.46,0,0,0.0,0.68,81.24,21.6,0.39,0,1.09,0,321.37,0.05,58.97,0.13,380.52,0,-51058.2,0,-52.4799999999959
Nov 2095,85.26,0.79,0,0,0.01,0.68,34.76,8.85,0.49,0,1.44,0,83.98,0.03,25.23,0.04,109.28,0,-51116.5,0,-58.300000000002896
Dec 2095,47.25,0.29,0,0,0.01,0.68,3.07,0.02,0.2,0,0.95,0,46.77,0.01,2.37,0.0,49.15,0,-51140.52,0,-24.019999999996802
Jan 2096,2.41,0.03,0,0,0.01,0.68,3.07,0.02,0.02,0,0.69,0,2.36,0.02,2.37,0.0,4.75,0,-51142.43,0,-1.9100000000034898
Feb 2096,81.84,0.11,0,0,0.01,0.68,18.1,4.24,0.1,0,0.78,0,81.62,0.01,13.18,0.02,94.84,0,-51144.76,0,-2.33000000000175
Mar 2096,573.23,2.81,0,0,0.01,0.68,44.01,11.33,1.69,0,3.3,0,568.73,0.19,32.0,0.13,601.05,0,-51157.76,0,-13.0
Apr 2096,2.17,0.07,0,0,0.01,0.68,116.75,31.42,0.06,0,0.67,0,2.04,0.08,84.65,0.19,86.96,0,-51185.57,0,-27.809999999997697
May 2096,149.02,0.51,0,0,0.0,0.68,130.18,35.12,0.37,0,1.1,0,148.14,0.08,94.38,0.24,242.85,0,-51270.37,0,-84.80000000000291
Jun 2096,728.77,2.3,0,0,0.0,0.68,104.05,27.91,1.53,0,2.88,0,724.93,0.1,75.46,0.26,800.75,0,-51364.2,0,-93.82999999999451
Jul 2096,518.27,2.14,0,0,0.0,0.68,119.8,32.27,1.44,0,2.72,0,514.69,0.1,86.85,0.25,601.89,0,-51436.18,0,-71.9800000000032
Aug 2096,1353.72,4.04,0,0,0.01,0.68,60.7,15.94,2.73,0,4.6,0,1346.95,0.11,44.09,0.22,1391.36,0,-51519.8,0,-83.62000000000259
Sep 2096,674.17,2.19,0,0,0.01,0.68,73.93,19.59,1.53,0,2.77,0,670.45,0.09,53.67,0.17,724.38,0,-51557.44,0,-37.6399999999994
Oct 2096,23.18,0.17,0,0,0.0,0.68,106.59,28.61,0.12,0,0.78,0,22.89,0.07,77.3,0.15,100.4,0,-51607.65,0,-50.209999999999106
Nov 2096,338.43,0.57,0,0,0.01,0.68,15.02,3.35,0.44,0,1.23,0,337.42,0.01,11.0,0.02,348.46,0,-51684.87,0,-77.2200000000012
Dec 2096,132.07,0.27,0,0,0.01,0.68,3.07,0.02,0.2,0,0.93,0,131.6,0.01,2.37,0.0,133.98,0,-51694.9,0,-10.0299999999988
Jan 2097,359.04,0.99,0,0,0.01,0.68,3.07,0.02,0.67,0,1.65,0,357.37,0.02,2.37,0.0,359.77,0,-51696.81,0,-1.9099999999962198
Feb 2097,101.22,0.16,0,0,0.01,0.68,4.07,0.31,0.13,0,0.83,0,100.93,0.01,3.09,0.0,104.02,0,-51697.54,0,-0.7300000000032009
Mar 2097,1.36,0.1,0,0,0.01,0.68,43.28,11.26,0.08,0,0.73,0,1.17,0.05,31.35,0.08,32.65,0,-51700.34,0,-2.79999999999563
Apr 2097,106.87,0.33,0,0,0.01,0.68,106.13,28.48,0.21,0,0.95,0,106.34,0.05,76.98,0.19,183.55,0,-51731.64,0,-31.3000000000029
May 2097,270.11,0.83,0,0,0.0,0.68,117.24,31.54,0.58,0,1.42,0,268.7,0.08,85.02,0.22,354.03,0,-51808.32,0,-76.68000000000029
Jun 2097,94.51,0.44,0,0,0.0,0.68,156.07,42.27,0.35,0,1.01,0,93.72,0.1,113.13,0.27,207.22,0,-51892.24,0,-83.9199999999983
Jul 2097,293.7,1.44,0,0,0.0,0.68,141.94,38.38,0.93,0,2.03,0,291.33,0.1,102.88,0.26,394.57,0,-52004.95,0,-112.70999999999901
Aug 2097,312.97,1.56,0,0,0.0,0.68,129.55,34.96,1.04,0,2.14,0,310.37,0.09,93.92,0.24,404.62,0,-52105.82,0,-100.87000000000299
Sep 2097,476.46,2.34,0,0,0.01,0.68,93.78,25.1,1.6,0,2.91,0,472.53,0.1,68.01,0.19,540.83,0,-52197.46,0,-91.6399999999994
Oct 2097,203.78,1.38,0,0,0.01,0.68,96.02,25.72,0.94,0,1.98,0,201.46,0.07,69.63,0.16,271.32,0,-52261.83,0,-64.3700000000026
Nov 2097,15.67,0.12,0,0,0.01,0.68,92.79,24.81,0.08,0,0.75,0,15.46,0.05,67.31,0.11,82.94,0,-52329.37,0,-67.5400000000009
Dec 2097,9.74,0.06,0,0,0.01,0.68,3.33,0.1,0.05,0,0.72,0,9.63,0.01,2.56,0.0,12.2,0,-52396.63,0,-67.25999999999479
Jan 2098,54.52,0.27,0,0,0.01,0.68,3.09,0.03,0.19,0,0.94,0,54.06,0.01,2.39,0.0,56.46,0,-52399.09,0,-2.45999999999913
Feb 2098,51.71,0.15,0,0,0.01,0.68,15.43,3.58,0.13,0,0.82,0,51.42,0.01,11.17,0.0,62.6,0,-52401.02,0,-1.93000000000029
Mar 2098,8.41,0.04,0,0,0.01,0.68,44.53,11.6,0.03,0,0.67,0,8.33,0.05,32.26,0.08,40.72,0,-52411.92,0,-10.9000000000015
Apr 2098,244.8,1.19,0,0,0.01,0.68,96.54,25.84,0.71,0,1.81,0,242.9,0.05,70.03,0.19,313.17,0,-52444.24,0,-32.3199999999997
May 2098,298.59,1.04,0,0,0.0,0.68,119.35,32.12,0.76,0,1.63,0,296.8,0.09,86.56,0.23,383.67,0,-52512.61,0,-68.3700000000026
Jun 2098,31.28,0.18,0,0,0.0,0.68,166.16,45.06,0.13,0,0.76,0,30.97,0.1,120.43,0.28,151.78,0,-52597.69,0,-85.0800000000017
Jul 2098,742.47,3.24,0,0,0.01,0.68,102.31,27.45,2.12,0,3.81,0,737.11,0.1,74.19,0.25,811.65,0,-52718.19,0,-120.5
Aug 2098,497.55,2.14,0,0,0.01,0.68,109.77,29.51,1.48,0,2.71,0,493.93,0.11,79.58,0.23,573.85,0,-52787.37,0,-69.18000000000029
Sep 2098,489.61,1.17,0,0,0.0,0.68,103.16,27.65,0.86,0,1.77,0,487.58,0.08,74.83,0.2,562.69,0,-52863.66,0,-76.2900000000009
Oct 2098,130.4,0.58,0,0,0.0,0.68,94.22,25.2,0.43,0,1.2,0,129.38,0.05,68.34,0.14,197.92,0,-52936.75,0,-73.0899999999965
Nov 2098,6.33,0.03,0,0,0.01,0.68,45.46,11.81,0.02,0,0.68,0,6.28,0.03,32.98,0.05,39.34,0,-53004.27,0,-67.5199999999968
Dec 2098,36.88,0.21,0,0,0.01,0.68,3.07,0.02,0.15,0,0.87,0,36.53,0.01,2.37,0.0,38.92,0,-53037.27,0,-33.0
Jan 2099,2.06,0.02,0,0,0.01,0.68,3.16,0.05,0.01,0,0.68,0,2.03,0.01,2.44,0.0,4.49,0,-53039.3,0,-2.03000000000611
Feb 2099,18.42,0.05,0,0,0.01,0.68,27.99,7.06,0.04,0,0.71,0,18.33,0.02,20.26,0.02,38.63,0,-53041.72,0,-2.41999999999825
Mar 2099,13.81,0.19,0,0,0.01,0.68,97.7,26.17,0.11,0,0.77,0,13.51,0.09,70.86,0.15,84.61,0,-53061.92,0,-20.1999999999971
Apr 2099,45.8,0.05,0,0,0.01,0.68,114.6,30.82,0.06,0,0.66,0,45.69,0.06,83.11,0.2,129.05,0,-53132.72,0,-70.80000000000291
May 2099,316.89,0.78,0,0,0.0,0.68,125.65,33.86,0.54,0,1.41,0,315.56,0.05,91.11,0.25,406.98,0,-53215.97,0,-83.25
Jun 2099,1890.87,3.37,0,0,0.0,0.68,62.76,16.51,2.59,0,3.93,0,1884.91,0.12,45.58,0.26,1930.86,0,-53306.07,0,-90.09999999999849
Jul 2099,209.6,0.98,0,0,0.0,0.68,147.03,39.78,0.67,0,1.62,0,207.95,0.04,106.56,0.26,314.81,0,-53346.06,0,-39.989999999998005
Aug 2099,555.36,2.18,0,0,0.01,0.68,109.7,29.49,1.51,0,2.75,0,551.67,0.11,79.54,0.23,631.54,0,-53451.27,0,-105.20999999999901
Sep 2099,486.64,1.1,0,0,0.0,0.68,100.13,26.81,0.81,0,1.72,0,484.73,0.06,72.64,0.2,557.64,0,-53527.45,0,-76.18000000000029
Oct 2099,1370.37,4.26,0,0,0.01,0.68,17.53,4.03,2.86,0,4.83,0,1363.25,0.1,12.82,0.14,1376.31,0,-53598.44,0,-70.99000000000521
Nov 2099,0.13,0.01,0,0,0.0,0.68,52.02,13.61,0.0,0,0.64,0,0.12,0.04,37.73,0.05,37.94,0,-53604.38,0,-5.939999999995049
Dec 2099,202.19,0.58,0,0,0.01,0.68,3.07,0.02,0.42,0,1.24,0,201.2,0.01,2.38,0.0,203.59,0,-53642.19,0,-37.8100000000049
