Date,MBAU,Climate_Model,Population_Growth_Rate,Efficiency,Precipitation,Runoff,SW_In,SW_Out,SW_Diversions,SW_Returns,GW_Diversions,GW_Returns,Recharge,GW_In,SW_to_GW,GW_Out,ET_Land_Surface,ET_SW,ET_Human_Use,ET_GW,ET_Total,Cumulative_Storage_Change_Human_Use,Cumulative_Storage_Change_GW,Monthly_Storage_Change_Human_Use,Monthly_Storage_Change_GW,Ag_Land
Jan 2016,State,GFDL,High,Low,2769.15,52.95,44.56,167.36,57.22,131.27,40.52,2.05,55.89,0,-34.01,0,2660.3,38.23,47.07,0,2745.6,2684.25,-35435.08,0,0,No Change
Feb 2016,State,GFDL,High,Low,756.12,31.43,50.03,83.67,46.63,71.06,41.13,2.46,24.76,0,-25.05,0,699.92,47.28,49.55,0.24,797,2601.61,-35451.65,-82.6400000000003,-16.5699999999997,No Change
Mar 2016,State,GFDL,High,Low,4055.35,115.4,64.11,134.34,105.47,104.48,81.49,12.57,105.11,0,-34.17,0,3834.84,78.36,92.58,8.04,4013.81,2566.27,-35490.83,-35.3399999999997,-39.179999999993,No Change
Apr 2016,State,GFDL,High,Low,572.74,103.13,113.95,127.37,164.89,141.29,256.7,64.17,16.62,0,-26.13,0,453.01,92.24,248.6,50.41,844.25,2543.58,-35496.83,-22.6900000000001,-6.00000000000728,No Change
May 2016,State,GFDL,High,Low,1950.14,243.79,449.13,354.87,363.04,159.25,303.74,76.12,34.61,0,-28.88,0,1671.71,163.13,308.21,108,2251.07,2511.09,-35749.27,-32.4899999999998,-252.440000000002,No Change
Jun 2016,State,GFDL,High,Low,882.35,86.46,324.46,258.5,361.79,301.35,381.01,96.12,14.6,0,-14.67,0,781.31,106.62,403.62,158.59,1450.14,2634.27,-36079.14,123.18,-329.869999999995,No Change
Jul 2016,State,GFDL,High,Low,18779.75,297.97,99.72,264.72,249.14,179.97,225.78,54.5,284.75,0,-38.49,0,18197.01,102.3,274.47,149.21,18723,2575.94,-36522.67,-58.3299999999999,-443.529999999999,No Change
Aug 2016,State,GFDL,High,Low,16974.57,295.83,68.03,235.04,243.76,173.9,239.11,58.75,300.02,0,-42.79,0,16378.72,101.75,263.16,128.93,16872.6,2541.9,-36596.89,-34.0400000000004,-74.2200000000012,No Change
Sep 2016,State,GFDL,High,Low,14425.65,260.7,68.81,241.2,208.86,175.48,238.08,57.4,238.21,0,-34.89,0,13926.75,89.83,248.17,103.54,14368.29,2528.91,-36648.92,-12.9899999999998,-52.0299999999988,No Change
Oct 2016,State,GFDL,High,Low,4984.19,97.93,59.64,132.97,105.5,111.1,193.67,44.8,84.35,0,-26.97,0,4801.93,57.17,179.54,37.99,5076.61,2494.79,-36729.83,-34.1199999999999,-80.9100000000035,No Change
Nov 2016,State,GFDL,High,Low,10832.19,221.28,57.71,137.52,154.71,40.47,41.82,2.31,218.41,0,-48.82,0,10392.49,76.05,45.89,0.64,10515.06,2458.51,-36859.31,-36.2799999999997,-129.479999999996,No Change
Dec 2016,State,GFDL,High,Low,1555.21,47.53,54.25,108.18,62.77,89.57,40.84,1.92,33.31,0,-27.94,0,1474.38,48.35,42.97,0,1565.69,2566.38,-36729.88,107.87,129.429999999993,No Change
Jan 2017,State,GFDL,High,Low,7862.77,160.38,51.67,100.22,123.81,26.39,40.86,2.04,166.15,0,-45.05,0,7536.24,59.49,44.05,0,7639.79,2535.5,-36763.41,-30.8800000000001,-33.5299999999843,No Change
Feb 2017,State,GFDL,High,Low,4988.97,110.82,65.12,120.33,82.74,50.76,40.9,2.06,101.98,0,-37.18,0,4776.15,60.83,45.99,0,4882.98,2627.65,-36681.13,92.1499999999996,82.2799999999988,No Change
Mar 2017,State,GFDL,High,Low,9747.27,238.83,106.12,213.8,110.53,50.43,42.28,2.81,184.82,0,-49.97,0,9323.62,121.04,56.43,0.87,9501.93,2652.45,-36655.14,24.8000000000002,25.9899999999834,No Change
Apr 2017,State,GFDL,High,Low,4205.21,245.64,201.78,196.17,215.13,59.31,166.51,39.57,93.74,0,-53.32,0,3865.84,148.73,170.31,26.73,4211.61,2695.59,-36560.61,43.1400000000003,94.5300000000061,No Change
May 2017,State,GFDL,High,Low,8236.65,387.34,445.65,320.91,493.16,100.14,197.12,45.94,124.27,0,-75.81,0,7725.05,194.87,226.56,99.65,8246.13,2808.05,-36673.85,112.46,-113.239999999998,No Change
Jun 2017,State,GFDL,High,Low,5623.03,175.96,469.8,323.88,412.62,212.7,293.69,73,69.85,0,-68.18,0,5377.21,190.14,341.01,147.56,6055.95,3125.69,-36876.21,317.64,-202.360000000008,No Change
Jul 2017,State,GFDL,High,Low,19192.01,307.86,137.52,247.97,285.07,148.89,213.21,51,287.55,0,-71.07,0,18596.6,132.31,270.28,145.71,19144.91,3205.26,-37242.8,79.5699999999997,-366.589999999989,No Change
Aug 2017,State,GFDL,High,Low,16594.41,296.02,75.1,211.18,285.4,202.06,233.98,56.64,286.04,0,-55.58,0,16012.36,132.17,271.79,132.18,16548.48,3233.36,-37334.25,28.0999999999999,-91.4500000000044,No Change
Sep 2017,State,GFDL,High,Low,12198.38,197.58,56.72,173.5,205.65,169.16,205.99,48.14,187.4,0,-43.97,0,11813.41,88.24,232.74,100.44,12234.82,3222.26,-37413.31,-11.0999999999995,-79.0600000000049,No Change
Oct 2017,State,GFDL,High,Low,13317.8,232.2,54.78,135.17,186.29,66.25,65.16,9.48,219.65,0,-53.08,0,12865.96,84.86,77.79,15.96,13044.56,3183.86,-37528.14,-38.3999999999996,-114.829999999994,No Change
Nov 2017,State,GFDL,High,Low,3476.25,94.99,67.63,78.97,118.11,50.57,41.18,1.97,90.21,0,-49.45,0,3291.07,65.56,47.91,0,3404.53,3281.78,-37433.19,97.9199999999992,94.9499999999898,No Change
Dec 2017,State,GFDL,High,Low,4953.26,73.49,52.92,113.36,87.36,88.95,41.21,1.95,67.21,0,-36.82,0,4812.58,51.43,44.58,0,4908.61,3340.61,-37431.63,58.8299999999999,1.56000000000495,No Change
Jan 2018,State,GFDL,High,Low,5130.34,82.87,51,71.52,91.67,26.04,41.23,2.07,93.85,0,-46.3,0,4953.63,43.04,47.16,0,5043.82,3333.67,-37440.48,-6.9399999999996,-8.84999999999854,No Change
Feb 2018,State,GFDL,High,Low,4248.92,67.6,55.88,101.84,68.46,52.4,41.26,2.25,73.01,0,-42.65,0,4108.28,48.25,48.94,0,4205.45,3391.28,-37432.07,57.6099999999997,8.40999999999622,No Change
Mar 2018,State,GFDL,High,Low,7388.9,170.65,75.75,174.72,78.68,57.81,42.47,2.84,154.51,0,-52.54,0,7063.75,103.35,59.47,0.78,7227.37,3397.4,-37440.71,6.12000000000035,-8.63999999999942,No Change
Apr 2018,State,GFDL,High,Low,3446.87,93.14,158.51,136.75,158.52,83.51,162.24,37.83,70.14,0,-50.79,0,3283.58,90.7,176.99,26.52,3577.79,3398.41,-37379.15,1.00999999999976,61.5600000000049,No Change
May 2018,State,GFDL,High,Low,6703.07,179.07,341.26,163.69,372.1,107.79,237.15,57.13,96.34,0,-84.87,0,6427.67,177.19,268.68,104.91,6978.45,3420.84,-37510.73,22.4300000000003,-131.580000000002,No Change
Jun 2018,State,GFDL,High,Low,6527.08,137.95,216.89,138.47,337.92,184.6,283.24,70.23,85.29,0,-70.05,0,6303.82,133.08,334.92,147.41,6919.23,3596.48,-37784.22,175.64,-273.489999999998,No Change
Jul 2018,State,GFDL,High,Low,13313.72,219.66,80.23,205.68,244.86,186.35,300.77,75.87,228.91,0,-54.33,0,12865.15,90.01,350.86,151.05,13457.08,3627.9,-38129.36,31.4200000000001,-345.139999999999,No Change
Aug 2018,State,GFDL,High,Low,9593.45,123.52,58.38,145.3,241.11,229.62,267.19,65.9,143.61,0,-36.27,0,9326.32,61.36,316.15,132.98,9836.81,3560.46,-38330.75,-67.4400000000001,-201.389999999999,No Change
Sep 2018,State,GFDL,High,Low,18218.84,233.4,41.73,161.03,225.12,129.96,133.96,27.86,251.01,0,-45.39,0,17734.43,64.35,177.39,102.3,18078.49,3457.09,-38557.66,-103.37,-226.909999999996,No Change
Oct 2018,State,GFDL,High,Low,10831.62,161.97,45.06,134.67,133.11,81.77,122.46,24.67,162.85,0,-38.25,0,10506.81,59.31,132.66,40.4,10739.17,3480.92,-38560.43,23.8299999999999,-2.7699999999968,No Change
Nov 2018,State,GFDL,High,Low,4305.01,85.35,50.53,87.51,90.82,50.86,41.95,2.13,89.5,0,-41.6,0,4130.15,50.03,50.12,0.21,4230.51,3497.37,-38574.03,16.4499999999998,-13.6000000000058,No Change
Dec 2018,State,GFDL,High,Low,2066.38,51.66,47.13,101.1,75.22,90.05,41.56,1.96,50.63,0,-32.62,0,1964.11,45.13,49.67,0,2058.9,3527.03,-38566.17,29.6599999999999,7.85999999999331,No Change
Jan 2019,State,GFDL,High,Low,3217.94,52.97,46.08,57.78,72.6,27.14,41.6,2.07,68.21,0,-37.62,0,3096.72,33.41,47.75,0,3177.9,3502.13,-38587.76,-24.8999999999996,-21.5899999999965,No Change
Feb 2019,State,GFDL,High,Low,6438.5,126.35,51.38,129.65,97.2,54.42,44.54,3.15,139.15,0,-48.64,0,6173.02,53.92,59.23,1.02,6287.2,3539.36,-38596.66,37.2299999999996,-8.90000000000146,No Change
Mar 2019,State,GFDL,High,Low,1376.54,58.01,89.96,131.12,67.94,102.64,130.98,27.16,43.36,0,-26.19,0,1275.16,77.75,140.05,18.67,1511.61,3564.31,-38548.57,24.9500000000003,48.0900000000038,No Change
Apr 2019,State,GFDL,High,Low,5069.43,145.45,226.81,204.56,198.58,80.5,207.65,50.96,104.27,0,-57.4,0,4819.71,107.04,217.16,52.87,5196.78,3493.39,-38653.9,-70.9199999999996,-105.330000000009,No Change
May 2019,State,GFDL,High,Low,3761.21,159.9,376.89,200.26,357.83,108.86,255.75,62.26,56.02,0,-81.39,0,3545.27,168.94,280.19,97.14,4091.55,3550.99,-38816.61,57.5999999999995,-162.709999999992,No Change
Jun 2019,State,GFDL,High,Low,2615.65,84.11,228.01,128.17,384.58,263.19,342.59,86.27,32.71,0,-47.04,0,2498.82,109.61,391.27,155.39,3155.08,3713.29,-39132.63,162.3,-316.020000000004,No Change
Jul 2019,State,GFDL,High,Low,12464.41,194.03,67.68,192.18,256.64,216.87,305.27,76.76,206.1,0,-47.18,0,12064.27,76.95,357.06,153.28,12651.56,3699.72,-39558.69,-13.5699999999997,-426.05999999999,No Change
Aug 2019,State,GFDL,High,Low,28476.76,425.91,48.69,235.3,342.69,142.16,137.27,30.21,452.72,0,-72.98,0,27598.12,111.77,183.68,126.85,28020.41,3610.93,-39781.54,-88.79,-222.850000000013,No Change
Sep 2019,State,GFDL,High,Low,23479.39,323.81,39.45,253.45,207.59,132.8,113.38,21.78,337.58,0,-53.59,0,22818.02,88.61,149.69,92.85,23149.18,3734.8,-39635.69,123.87,145.850000000013,No Change
Oct 2019,State,GFDL,High,Low,11636.66,212.21,40.32,167.92,153.27,90.68,119.22,25.42,215.91,0,-49.67,0,11208.53,71.69,125.41,18.51,11424.14,3751.51,-39536.17,16.71,99.5199999999968,No Change
Nov 2019,State,GFDL,High,Low,2595.95,63.25,63.03,77.92,92.55,54.01,44.91,3.26,63.16,0,-41.88,0,2469.56,51.7,56.31,2.01,2579.57,3782.49,-39482.25,30.9799999999996,53.9199999999983,No Change
Dec 2019,State,GFDL,High,Low,5435.12,86.8,50.81,117.83,98.61,89.01,41.94,1.96,89.77,0,-41.16,0,5258.54,51.35,48.49,0,5358.38,3806.36,-39504.63,23.8699999999999,-22.3799999999974,No Change
Jan 2020,State,GFDL,High,Low,1503.44,21.08,49.26,45.8,55.42,26.05,41.98,2.08,31.69,0,-36.9,0,1450.65,32.06,48.38,0,1531.11,3807.44,-39495.97,1.08000000000038,8.65999999999622,No Change
Feb 2020,State,GFDL,High,Low,9556.02,167.91,52.9,167.21,105.19,50.65,42.01,2.25,180.36,0,-60.78,0,9207.77,59.85,52.91,0,9320.5,3828.3,-39541.06,20.8599999999992,-45.0899999999965,No Change
Mar 2020,State,GFDL,High,Low,3653.01,83.27,74.33,144.64,44.3,66.27,43.16,2.43,75.08,0,-46.8,0,3494.69,81.72,62.75,0.64,3639.79,3869.67,-39461.22,41.3700000000013,79.8400000000038,No Change
Apr 2020,State,GFDL,High,Low,1518.07,187.06,171.08,161.42,154.11,64.44,166.21,38.79,31.6,0,-26.33,0,1299.38,133.36,180.25,21.51,1634.52,3825.68,-39474.31,-43.9900000000002,-13.0900000000038,No Change
May 2020,State,GFDL,High,Low,7518.71,212.87,340.08,276.49,313.41,113.15,221.74,53.04,125.78,0,-55.36,0,7180.06,131.55,253.93,92.17,7657.7,3862.53,-39617.98,36.8499999999995,-143.670000000006,No Change
Jun 2020,State,GFDL,High,Low,10399.4,233.66,270,175.84,376.34,144.22,260.69,63.85,157.89,0,-69.76,0,10007.87,165.49,318.25,144.85,10636.49,3977.58,-39808.41,115.05,-190.429999999993,No Change
Jul 2020,State,GFDL,High,Low,8014.66,126.14,103.37,156.07,258.37,234.46,295.03,73.64,121.5,0,-49.65,0,7767.01,99.16,359.8,147.75,8373.73,4088.25,-40061.97,110.67,-253.560000000005,No Change
Aug 2020,State,GFDL,High,Low,13685.64,197.77,57.78,163.69,237.37,204.5,221.28,52.78,197.69,0,-37.62,0,13290.19,96.6,277.89,129.96,13794.65,3973.76,-40359.26,-114.49,-297.289999999994,No Change
Sep 2020,State,GFDL,High,Low,14108.05,197.09,41.35,137.65,206.18,144.9,151.18,32.29,208.26,0,-38.47,0,13702.71,77.98,191.17,95.27,14067.11,3897.24,-40497.65,-76.5200000000004,-138.389999999999,No Change
Oct 2020,State,GFDL,High,Low,75.06,8.31,37.49,73.29,72.64,123.11,212.88,48.22,1.07,0,-20.22,0,65.68,43.21,198.26,32.67,339.82,3886.22,-40542.03,-11.0199999999995,-44.3800000000047,No Change
Nov 2020,State,GFDL,High,Low,1630.5,42.9,49.4,63.54,71.39,48.95,61.18,7.37,43.58,0,-36.06,0,1544.02,42.4,69.24,4.17,1659.81,3802.12,-40758.51,-84.1000000000004,-216.480000000003,No Change
Dec 2020,State,GFDL,High,Low,1012.64,26.84,43.86,98.77,55.87,89.56,42.26,1.96,26,0,-33.16,0,959.78,38.79,49.31,0,1047.9,3809.12,-40808.96,7,-50.4499999999898,No Change
Jan 2021,State,GFDL,High,Low,1140.9,15.67,43.32,42.97,49,27.74,42.29,2.07,26.48,0,-31.68,0,1098.74,26.46,48.28,0,1173.49,3766.4,-40856.41,-42.7199999999998,-47.4500000000044,No Change
Feb 2021,State,GFDL,High,Low,1190.66,17.37,46.81,80.66,50.93,70.82,42.98,2.2,22.66,0,-28.5,0,1150.63,31.91,55.52,0.17,1238.24,3779.58,-40901.82,13.1799999999998,-45.4100000000035,No Change
Mar 2021,State,GFDL,High,Low,200.51,9.52,59.9,108.19,58.91,132.9,152.02,31.23,3.76,0,-20.93,0,187.23,56.14,160.11,17.76,421.27,3744.94,-40948.61,-34.6399999999999,-46.7900000000009,No Change
Apr 2021,State,GFDL,High,Low,1003.16,101.71,115.84,116.69,170.67,134.6,270.84,63.74,29.31,0,-21.79,0,872.12,86.55,267.97,73.44,1300.12,3631.61,-41104.31,-113.33,-155.699999999997,No Change
May 2021,State,GFDL,High,Low,4013.45,92.84,247.76,204.11,327.17,240.59,304.26,74.56,56.07,0,-8.69,0,3864.55,58.61,335.44,132.82,4391.42,3606.81,-41377.34,-24.8000000000002,-273.030000000006,No Change
Jun 2021,State,GFDL,High,Low,3586.72,52.27,129.32,122.55,344.68,332.95,350.76,85.81,56.22,0,-3.33,0,3478.23,50.63,396.03,167.79,4092.67,3587.62,-41692.47,-19.1899999999991,-315.130000000005,No Change
Jul 2021,State,GFDL,High,Low,11217.77,158.58,47.31,192.4,256.84,268.7,324.62,80.85,186.94,0,-34.97,0,10872.22,60.33,370.62,156.93,11460.09,3468.29,-42072.32,-119.33,-379.849999999991,No Change
Aug 2021,State,GFDL,High,Low,4947.07,55.4,39.3,122.8,248.13,300.92,325.63,80.56,73.96,0,-18.52,0,4817.73,43.19,360.33,138.9,5360.18,3329.57,-42320.99,-138.72,-248.669999999998,No Change
Sep 2021,State,GFDL,High,Low,16474.25,231.25,30.45,172.86,188.88,124.85,155.94,33.49,239.96,0,-41.77,0,16003.03,66.59,183.34,96.15,16349.12,3161.51,-42649.55,-168.059999999999,-328.560000000005,No Change
Oct 2021,State,GFDL,High,Low,5424.96,62.04,29.44,99.04,106.21,115.85,209.17,49.11,70.63,0,-28.05,0,5292.26,30.13,205.81,54.95,5583.15,3164.62,-42669.93,3.10999999999967,-20.3800000000047,No Change
Nov 2021,State,GFDL,High,Low,2867.69,53.19,34.66,60.08,68.66,42.79,44.21,2.53,66.34,0,-33.84,0,2748.14,35.76,50.4,0.58,2834.9,3109.23,-42842.34,-55.3900000000003,-172.409999999989,No Change
Dec 2021,State,GFDL,High,Low,11350.92,204.31,33.74,196.03,128.76,89.42,42.59,1.95,204.24,0,-54.15,0,10942.36,56.83,47.18,0,11046.39,3126.36,-42852.11,17.1300000000006,-9.77000000000407,No Change
Jan 2022,State,GFDL,High,Low,5045.81,86.08,32.12,78.37,74.73,27.58,42.62,2.06,108.98,0,-40.13,0,4850.76,32.81,47.55,0,4931.1,3159.16,-42742.65,32.7999999999997,109.460000000006,No Change
Feb 2022,State,GFDL,High,Low,4248.02,58.38,34.78,103.85,54.49,60.6,42.65,2.05,78.97,0,-37.7,0,4110.67,33.09,49.86,0,4193.66,3199.31,-42714.36,40.1500000000001,28.2899999999936,No Change
Mar 2022,State,GFDL,High,Low,1777.21,31.72,41.12,117.67,34.8,103.37,48.02,3.23,51.38,0,-27.52,0,1694.11,51.27,62.21,1.99,1809.58,3183.93,-42713.68,-15.3799999999997,0.680000000007567,No Change
Apr 2022,State,GFDL,High,Low,3962.63,113.02,89.68,99.13,172.32,107.25,215.45,52.7,94.13,0,-32.22,0,3755.47,70.7,209.37,25.7,4061.24,3097.93,-42736.6,-86,-22.9200000000055,No Change
May 2022,State,GFDL,High,Low,4392.34,194.05,292.84,171.46,354.27,127.23,269.09,65.6,67.59,0,-52.7,0,4130.72,141.1,294.13,114.85,4680.8,3116.37,-42863.14,18.4399999999996,-126.540000000001,No Change
Jun 2022,State,GFDL,High,Low,7782.89,158.83,180.61,138.28,346.54,204.55,278.05,68.74,125.29,0,-43.42,0,7498.78,102.57,322.87,145.91,8070.11,3252.78,-43166.61,136.41,-303.470000000001,No Change
Jul 2022,State,GFDL,High,Low,23174.53,292.81,56.42,224.45,286.74,185.7,169.25,37.98,317.18,0,-59.71,0,22564.52,83.44,234.94,147.37,23030.29,3281.18,-43439.92,28.4000000000001,-273.310000000005,No Change
Aug 2022,State,GFDL,High,Low,26440.22,414.25,45.22,221.28,316.01,110.84,162.66,37.23,451.35,0,-75.3,0,25574.62,108.3,199.98,128.3,26011.2,3278.57,-43461.09,-2.61000000000058,-21.169999999991,No Change
Sep 2022,State,GFDL,High,Low,10189.06,132.84,37.83,114.39,193.24,164.32,190.87,43.2,155.44,0,-32.47,0,9900.76,59.86,229.22,102.78,10292.61,3409.17,-43338.77,130.6,122.32,No Change
Oct 2022,State,GFDL,High,Low,5368.87,89.77,33.24,98.12,121.06,107,170.8,37.48,102.79,0,-38.8,0,5176.31,49.63,164.6,34.4,5424.96,3356.5,-43466.24,-52.6700000000001,-127.470000000001,No Change
Nov 2022,State,GFDL,High,Low,8573.78,163.46,50.88,107.99,143.06,45.36,44.67,2.61,174.02,0,-55.03,0,8236.31,63.67,52.42,0.92,8353.33,3339.3,-43569.98,-17.1999999999998,-103.739999999991,No Change
Dec 2022,State,GFDL,High,Low,4989.64,96.95,48.17,134.92,98.4,90.94,42.93,1.95,99.08,0,-48.67,0,4793.62,51.41,48.26,0,4893.28,3426.66,-43493.98,87.3599999999997,75.9999999999854,No Change
Jan 2023,State,GFDL,High,Low,2715.38,31.88,46.89,53.59,65.08,26.72,42.95,2.07,52.91,0,-43.55,0,2630.59,30.38,49.58,0,2710.56,3426.83,-43484.53,0.170000000000073,9.45000000000437,No Change
Feb 2023,State,GFDL,High,Low,3969.83,53.25,51.09,110.61,57.21,51.91,42.99,2.09,71.43,0,-50.94,0,3845.16,39.36,51.97,0,3936.51,3456.47,-43516.09,29.6400000000003,-31.5600000000049,No Change
Mar 2023,State,GFDL,High,Low,8291.27,157.87,64.42,158.02,74.21,48.19,45.96,3.35,169.64,0,-55.93,0,7963.76,94.17,64.48,1.49,8123.88,3450.67,-43536.48,-5.80000000000018,-20.3900000000067,No Change
Apr 2023,State,GFDL,High,Low,2546.96,84.28,150.57,117.28,183.12,115.29,222.38,54.24,52.56,0,-41.33,0,2410.12,91.07,222.77,34.85,2758.81,3454.83,-43466.88,4.15999999999985,69.6000000000131,No Change
May 2023,State,GFDL,High,Low,1442.1,146.24,324.68,128.05,348.61,154.12,315.13,77.86,21.86,0,-33.1,0,1273.97,181.49,337.38,117.51,1910.34,3468.02,-43658.62,13.1899999999996,-191.740000000005,No Change
Jun 2023,State,GFDL,High,Low,2442.41,102.09,190.17,123.26,299.35,221.09,358.16,90.09,28.24,0,-40.01,0,2312.1,130.73,397.84,159.78,3000.46,3562.4,-44024.63,94.3800000000006,-366.010000000002,No Change
Jul 2023,State,GFDL,High,Low,22922.39,318.11,64.98,257.66,257.6,152.49,217.62,51.51,348.13,0,-76.28,0,22256.17,96.57,272.62,149.25,22774.6,3510.87,-44464.26,-51.5300000000002,-439.629999999997,No Change
Aug 2023,State,GFDL,High,Low,7626.76,99.35,48.63,136.43,237.96,259.35,279.39,68.82,114.08,0,-36.92,0,7413.34,69.83,324.43,130.94,7938.56,3509.5,-44507.77,-1.36999999999989,-43.5099999999948,No Change
Sep 2023,State,GFDL,High,Low,11984.5,179.57,37.94,132.35,182.65,122.98,193.67,44.7,192.6,0,-45.83,0,11612.31,71.31,214.53,87.6,11985.77,3374.24,-44772.12,-135.26,-264.349999999999,No Change
Oct 2023,State,GFDL,High,Low,8633.27,275.95,50.31,94.45,228.81,76.72,179.13,40.35,151.57,0,-39.57,0,8205.73,119.26,171.81,34.55,8531.37,3368.36,-44861.92,-5.87999999999965,-89.8000000000029,No Change
Nov 2023,State,GFDL,High,Low,4546.71,102.16,71.5,97.75,109.66,45.28,49.97,4.14,98.88,0,-48.63,0,4345.64,60.21,58.9,1.94,4466.68,3487.44,-44923.26,119.08,-61.3400000000038,No Change
Dec 2023,State,GFDL,High,Low,2420.47,70.91,61.92,121.42,90.75,90.22,43.26,1.96,70.18,0,-42.35,0,2279.35,53.26,49.46,0,2382.06,3538.76,-44920.8,51.3200000000002,2.4600000000064,No Change
Jan 2024,State,GFDL,High,Low,4139.77,79.84,58.08,84.05,90.23,25.62,43.28,2.07,96.96,0,-52.62,0,3962.94,41.92,48.61,0,4053.47,3531.11,-44934.26,-7.65000000000009,-13.4599999999991,No Change
Feb 2024,State,GFDL,High,Low,1324.36,39.91,74.22,104.63,51.98,51.85,44.6,2.25,30.52,0,-41.68,0,1253.92,51.06,54.98,0.49,1360.44,3588.31,-44931.1,57.2000000000003,3.15999999999622,No Change
Mar 2024,State,GFDL,High,Low,3669.4,109.41,115.56,167.22,85.04,70.62,94.82,15.77,83.19,0,-51.32,0,3476.78,94.68,109.16,10.46,3691.07,3575.81,-44985.11,-12.5000000000005,-54.010000000002,No Change
Apr 2024,State,GFDL,High,Low,1132.34,125.5,245.81,198.3,168.36,72.05,229.15,55.61,22.44,0,-47.64,0,984.39,124.37,225.21,30.24,1364.22,3560.13,-45042.76,-15.6799999999998,-57.6500000000015,No Change
May 2024,State,GFDL,High,Low,1721.05,154,442.16,253.49,343.29,128.91,306.47,73.93,27.49,0,-55.25,0,1539.56,183.55,322.45,106.88,2152.46,3604.74,-45271.76,44.6099999999997,-229,No Change
Jun 2024,State,GFDL,High,Low,4903.09,163.28,310.38,182.4,398.87,217.23,319.21,78.24,66.42,0,-28,0,4673.39,137.62,371.49,156.84,5339.31,3729.2,-45638.93,124.46,-367.170000000006,No Change
Jul 2024,State,GFDL,High,Low,13274.72,197.37,83.29,194.63,250.78,202.56,288.28,71.45,210.7,0,-52.28,0,12866.65,90.1,343.37,152.57,13452.67,3780.34,-45998.34,51.1400000000003,-359.409999999989,No Change
Aug 2024,State,GFDL,High,Low,16136.56,278.61,48,206.85,261.22,194.3,262.41,64.58,293.8,0,-58.03,0,15564.15,110.88,293.42,131.92,16100.37,3702.02,-46209.3,-78.3200000000002,-210.960000000006,No Change
Sep 2024,State,GFDL,High,Low,22951.16,287.37,36.6,216.86,212.38,127.32,96.53,16.58,306.6,0,-56.28,0,22357.19,78.34,133.99,87.09,22656.63,3673.37,-46303.28,-28.6500000000001,-93.9799999999886,No Change
Oct 2024,State,GFDL,High,Low,13969.61,234.15,35.91,154.68,186.16,82.18,108.99,21.69,244.21,0,-59.09,0,13491.25,70.5,118.73,31.06,13711.56,3704.36,-46220.02,30.9899999999998,83.2599999999875,No Change
Nov 2024,State,GFDL,High,Low,1038.41,18.18,64.07,65.71,69.12,52.97,43.88,2.1,19.32,0,-42.37,0,1000.89,42.77,51.77,0.19,1095.62,3776.9,-46153.25,72.5400000000009,66.7699999999968,No Change
Dec 2024,State,GFDL,High,Low,1872.51,37.22,50.89,97.37,78.88,90.99,43.61,1.96,42.12,0,-43.29,0,1793.19,46.13,48.32,0,1887.63,3783.08,-46218.27,6.17999999999938,-65.0199999999895,No Change
Jan 2025,State,GFDL,High,Low,705.16,13.13,49.34,39.59,54.37,27.5,43.65,2.08,19.93,0,-32.88,0,672.09,28.9,47.04,0,748.02,3764.28,-46261.07,-18.8000000000002,-42.8000000000029,No Change
Feb 2025,State,GFDL,High,Low,2406.95,29.64,53.24,87.64,54.73,58.57,43.68,2.13,39.26,0,-37.81,0,2338.06,36.88,53.55,0,2428.48,3785.64,-46315.55,21.3600000000006,-54.4800000000032,No Change
Mar 2025,State,GFDL,High,Low,10362.89,245.64,79.51,175.65,150.24,54.65,52.82,5.06,230.13,0,-70.69,0,9887.13,124.61,75.47,3.87,10091.06,3769.77,-46355.62,-15.8700000000003,-40.0699999999924,No Change
Apr 2025,State,GFDL,High,Low,5977.89,294.25,211.55,203.79,284.48,57.36,186.79,44.48,131.28,0,-58.42,0,5552.37,133.29,190.84,23.65,5900.16,3837.63,-46247.79,67.8600000000001,107.830000000002,No Change
May 2025,State,GFDL,High,Low,4013.27,199.03,511.3,348.52,363.57,112.68,269.48,66.15,70.54,0,-80.15,0,3743.7,191.07,294.52,95.47,4324.75,4016.22,-46340.88,178.589999999999,-93.0900000000111,No Change
Jun 2025,State,GFDL,High,Low,5424.2,122.66,355.7,229.04,386.18,230.43,298.63,73.86,70.29,0,-77.66,0,5231.22,171.28,365.91,155.65,5924.06,4175.89,-46649.26,159.670000000001,-308.380000000005,No Change
Jul 2025,State,GFDL,High,Low,11446.89,168.36,93.96,184.99,261.72,217.97,310.08,77.64,177.73,0,-59.36,0,11100.81,92.93,374.6,155.99,11724.35,4190.48,-47037.06,14.5899999999992,-387.799999999996,No Change
Aug 2025,State,GFDL,High,Low,20423.2,353.69,55.18,209.89,316.99,172.45,231.32,56.42,368.86,0,-73.35,0,19700.63,127.81,268.81,130.24,20227.5,4092.07,-47307.12,-98.4099999999999,-270.05999999999,No Change
Sep 2025,State,GFDL,High,Low,15849.77,234.61,39.96,198.47,198.4,143.07,173.12,38.72,249.02,0,-58.05,0,15366.12,78.8,200.92,88.57,15734.4,4142.67,-47316.73,50.6000000000004,-9.61000000000786,No Change
Oct 2025,State,GFDL,High,Low,5451.16,101.59,40.7,113.55,119.79,99.23,193.62,44.23,109.77,0,-45.9,0,5239.8,54.1,184.94,27.06,5505.9,4131.49,-47348.69,-11.1800000000003,-31.9599999999919,No Change
Nov 2025,State,GFDL,High,Low,10246.62,181.84,71.5,129.35,162.47,41.8,46.07,2.81,200.19,0,-70.7,0,9864.6,74.03,56.76,1.52,9996.92,4116.49,-47461.27,-15,-112.580000000002,No Change
Dec 2025,State,GFDL,High,Low,2294.9,46.62,55.3,109,85.13,91.48,43.92,1.98,56.21,0,-48.97,0,2192.07,48.26,51.93,0,2292.24,4223.66,-47376.54,107.17,84.7299999999959,No Change
Jan 2026,State,GFDL,High,Low,1451.38,19.71,53.99,42.68,65.44,26.07,43.95,2.1,36.34,0,-40.88,0,1395.34,32.53,50.2,0,1478.08,4207.33,-47411.26,-16.3299999999999,-34.7200000000012,No Change
Feb 2026,State,GFDL,High,Low,2411.23,30.73,57.91,96.45,57.1,53.42,44,2.09,53.49,0,-52.45,0,2326.99,40.96,54.47,0,2422.45,4238.33,-47457.66,31,-46.4000000000015,No Change
Mar 2026,State,GFDL,High,Low,1734.37,31.51,90.77,130.26,47.1,81.74,74.08,9.73,34.67,0,-46.79,0,1668.19,73.49,96.39,10.11,1848.18,4229.43,-47498.5,-8.89999999999964,-40.8399999999965,No Change
Apr 2026,State,GFDL,High,Low,3492.88,139.64,204.99,163.69,210,81.89,241.82,59.57,91.94,0,-71.23,0,3261.29,124.03,251.13,46.73,3683.21,4162.74,-47585.09,-66.6900000000005,-86.5899999999965,No Change
May 2026,State,GFDL,High,Low,4239.06,174.42,340.2,172.7,360.06,129.23,272.4,66.24,65.42,0,-58.25,0,3999.22,169.34,315.96,117.67,4602.2,4221.96,-47793.34,59.2200000000003,-208.250000000007,No Change
Jun 2026,State,GFDL,High,Low,4389.16,73.64,162.79,124.63,320.66,246.01,327.38,81.33,59.29,0,-46.91,0,4256.23,84.05,382.05,154.61,4876.93,4342.97,-48109.99,121.009999999999,-316.649999999994,No Change
Jul 2026,State,GFDL,High,Low,9378.3,119.85,65.94,174.92,272.11,277.31,322.47,80.85,145.88,0,-46.41,0,9112.55,62.52,388.4,157.78,9721.24,4281.64,-48498.28,-61.3299999999999,-388.290000000001,No Change
Aug 2026,State,GFDL,High,Low,9547.82,112.33,44.38,145.84,247.69,253.13,284.98,70.23,145.42,0,-39.29,0,9290.06,55.59,337.33,137.43,9820.4,4129.66,-48798.21,-151.98,-299.93,No Change
Sep 2026,State,GFDL,High,Low,10093.07,131.68,31.99,108.83,183.39,146.93,199.21,45.86,154.78,0,-39.87,0,9806.6,58.26,232.28,94.04,10191.19,4001.66,-49044.26,-128,-246.049999999996,No Change
Oct 2026,State,GFDL,High,Low,5786.35,78.34,28.99,79.31,123.97,98.73,197.53,44.99,90.98,0,-40.18,0,5617.03,42.95,193.36,40.95,5894.3,3959.18,-49176.72,-42.48,-132.460000000006,No Change
Nov 2026,State,GFDL,High,Low,12349.26,233.4,39.48,129.26,177.03,40.04,49.64,3.91,259.25,0,-62.92,0,11856.6,69.58,60.13,2.45,11988.79,3943.6,-49319.39,-15.5799999999995,-142.669999999998,No Change
Dec 2026,State,GFDL,High,Low,13932.17,198.66,38.79,169.81,159.45,90.49,44.25,1.98,216.47,0,-58.54,0,13517.06,57.27,47.14,0,13621.48,4066.17,-49171.23,122.57,148.159999999989,No Change
Jan 2027,State,GFDL,High,Low,7338.92,112.26,38.25,90.12,105.55,28.29,44.27,2.09,145.46,0,-55.16,0,7081.19,38.31,51.52,0,7171.03,4130.23,-49055.59,64.0599999999995,115.639999999999,No Change
Feb 2027,State,GFDL,High,Low,4659.6,73.67,42.95,112.07,70.5,54.57,44.3,2.29,95.31,0,-52.95,0,4490.59,41.58,53.69,0,4585.86,4198.1,-49007.46,67.8699999999999,48.1300000000119,No Change
Mar 2027,State,GFDL,High,Low,14855.43,302.35,59.67,198.2,146.62,50.6,44.49,2.45,272.08,0,-62.46,0,14281,130.26,65.36,0.2,14476.83,4202.34,-49007.08,4.24000000000069,0.379999999997381,No Change
Apr 2027,State,GFDL,High,Low,5580.25,173.07,177.38,218.49,149.74,82.98,158.41,36.46,104.14,0,-36.19,0,5303.04,101.38,181.44,24.69,5610.55,4275.03,-48839.69,72.6899999999996,167.389999999999,No Change
May 2027,State,GFDL,High,Low,6534.5,184.25,343.84,236.67,352.34,150.12,231.41,54.89,92.78,0,-52.3,0,6257.45,141.49,279.12,106.64,6784.71,4282.25,-48918.35,7.22000000000025,-78.6599999999962,No Change
Jun 2027,State,GFDL,High,Low,5560.94,144.95,249.52,149.87,380.95,226.01,292.86,71.68,78.67,0,-36.44,0,5337.29,126.12,365.49,154.3,5983.21,4381.91,-49161.06,99.6599999999999,-242.710000000006,No Change
Jul 2027,State,GFDL,High,Low,19164.31,292.88,91.21,230.06,288.07,161.3,243.56,59.11,312.3,0,-87.94,0,18559.13,115.21,310.63,153.81,19138.78,4392.51,-49494.29,10.6000000000004,-333.230000000003,No Change
Aug 2027,State,GFDL,High,Low,16966.58,262.48,64.15,191.63,270.86,184.75,228.82,54.9,272.71,0,-64.73,0,16431.39,113.61,279.41,128.47,16952.89,4393.1,-49608.18,0.590000000000146,-113.889999999992,No Change
Sep 2027,State,GFDL,High,Low,11424.68,168.34,53.81,136.57,228.78,167.53,207.84,48.51,182.42,0,-53.5,0,11073.89,77.83,252.55,106.78,11511.07,4373.72,-49702.6,-19.380000000001,-94.419999999991,No Change
Oct 2027,State,GFDL,High,Low,2244.13,30.86,47.87,81.14,98.33,107.54,197.88,44.54,42.6,0,-41.4,0,2170.68,48.24,189.86,30.06,2438.82,4341.75,-49839.77,-31.9699999999993,-137.170000000006,No Change
Nov 2027,State,GFDL,High,Low,7122.5,150.52,61.69,101.17,155.67,48.2,52.75,4.85,162.53,0,-65.54,0,6809.46,69.15,64.46,2.25,6945.31,4296.01,-50021.99,-45.7400000000007,-182.220000000001,No Change
Dec 2027,State,GFDL,High,Low,5964.57,122.87,55.47,134.52,126.77,90.47,44.56,1.99,133.42,0,-53.67,0,5708.28,61.2,51.07,0,5820.54,4386.93,-49975.16,90.920000000001,46.8300000000017,No Change
Jan 2028,State,GFDL,High,Low,1016.64,12.18,51.68,46.39,53.45,27.16,44.59,2.11,24.87,0,-37.81,0,979.59,28.98,52.82,0,1061.4,4414.73,-49937.98,27.7999999999993,37.1800000000003,No Change
Feb 2028,State,GFDL,High,Low,2391.49,33.01,53.84,92.44,56.83,53.29,44.62,2.02,55.74,0,-49.42,0,2302.75,40.29,56.14,0,2399.19,4430.68,-49993.41,15.9500000000007,-55.4300000000076,No Change
Mar 2028,State,GFDL,High,Low,1311.62,24.69,70.67,127.59,42.3,94.28,107.22,18.25,36.46,0,-45.69,0,1250.46,65.47,123.93,12.84,1452.67,4420.68,-50029.69,-10,-36.2799999999916,No Change
Apr 2028,State,GFDL,High,Low,778.3,60.42,178.51,122.02,171.83,92.26,267.67,65.9,24.75,0,-64.79,0,693.14,102.14,273.49,60.58,1129.36,4333.75,-50140.72,-86.9300000000003,-111.029999999999,No Change
May 2028,State,GFDL,High,Low,1684.32,167.85,416.64,160.85,444.83,152.07,325.57,78.95,26.48,0,-68.65,0,1489.98,199.52,357.13,125.97,2172.59,4341.59,-50443.13,7.84000000000015,-302.410000000011,No Change
Jun 2028,State,GFDL,High,Low,3632.61,75.91,211.5,131.46,338.16,228.52,356.06,87.02,57.86,0,-98.9,0,3498.86,145.21,401.51,152.9,4198.45,4523.84,-50857.86,182.25,-414.729999999996,No Change
Jul 2028,State,GFDL,High,Low,24847.23,336.71,89.16,249.18,297.54,139.56,168.12,37.06,359.92,0,-95.32,0,24150.61,114.04,240.87,143.86,24649.36,4501.01,-51320.84,-22.8299999999999,-462.980000000003,No Change
Aug 2028,State,GFDL,High,Low,11491.46,173.43,63.79,174.29,248.01,202.32,297.56,74.16,200.39,0,-63.53,0,11117.63,80.77,338.64,131.96,11668.99,4549.14,-51331.14,48.1299999999992,-10.2999999999884,No Change
Sep 2028,State,GFDL,High,Low,14436.82,197.51,46.63,141.74,208.55,122.35,155.73,33.2,214.86,0,-56.98,0,14024.46,73.2,194.03,90.39,14382.08,4479.61,-51549.64,-69.5299999999997,-218.500000000015,No Change
Oct 2028,State,GFDL,High,Low,5490.37,100.01,44.94,64.2,155.23,80.74,173.8,37.86,121.29,0,-55.45,0,5269.09,61.72,171.14,30.17,5532.13,4494.31,-51604.69,14.7000000000007,-55.0499999999956,No Change
Nov 2028,State,GFDL,High,Low,5972.46,108.46,56.81,94.21,128.88,49.03,57.3,5.91,119.46,0,-66.53,0,5744.52,57.74,71.98,3,5877.21,4533.54,-51704.94,39.2299999999996,-100.249999999993,No Change
Dec 2028,State,GFDL,High,Low,580.94,7.62,48.9,89.88,62.09,91.17,44.92,2,16.63,0,-43.52,0,556.69,39.24,52.72,0,648.67,4592.81,-51706.38,59.2700000000004,-1.4400000000096,No Change
Jan 2029,State,GFDL,High,Low,2485.3,36.03,47.28,57.94,69.42,27.78,45.34,2.12,61,0,-51.16,0,2388.27,34.91,56.45,0.17,2479.81,4553.88,-51776.17,-38.9300000000012,-69.7899999999936,No Change
Feb 2029,State,GFDL,High,Low,2372.85,26.5,52.78,86.37,52.31,55,61.82,6.6,42.97,0,-42.97,0,2303.38,38.58,70.06,5.27,2417.28,4582.25,-51809.71,28.3700000000008,-33.5400000000009,No Change
Mar 2029,State,GFDL,High,Low,6732.49,136.01,73.75,157.33,56.43,30.65,75.45,9.72,150.31,0,-66.24,0,6446.2,92.88,95.5,9.1,6643.67,4564.73,-51870.19,-17.5200000000004,-60.4799999999886,No Change
Apr 2029,State,GFDL,High,Low,1689.53,66.38,155.2,100.13,169.06,89.27,252.9,62.07,37.44,0,-55.93,0,1585.74,97.62,260.34,40.35,1984.05,4560.74,-51860.96,-3.98999999999978,9.22999999999593,No Change
May 2029,State,GFDL,High,Low,5988.28,167.93,231.42,106.91,304.07,129.71,255.18,60.26,77.17,0,-36.44,0,5743.19,154.5,299.47,115.07,6312.25,4571,-52110.66,10.2600000000002,-249.700000000004,No Change
Jun 2029,State,GFDL,High,Low,6742.23,109.74,131.4,136.52,290.42,239.21,279.7,67.69,80.11,0,-48.26,0,6552.38,101.67,356.81,154.39,7165.25,4640.81,-52379.92,69.8100000000004,-269.260000000002,No Change
Jul 2029,State,GFDL,High,Low,16545.94,237.06,49.91,206.01,260.91,193.98,255.94,62.47,275.24,0,-69.04,0,16033.66,83.07,327.04,152.18,16595.95,4547.21,-52714.45,-93.6000000000013,-334.530000000006,No Change
Aug 2029,State,GFDL,High,Low,9860.68,129.71,41.3,153.72,230.54,229.34,295.17,72.79,169.2,0,-44.61,0,9561.74,60.69,341.57,132.94,10096.95,4480.55,-52853.9,-66.6599999999989,-139.449999999997,No Change
Sep 2029,State,GFDL,High,Low,18751.92,257.61,32.71,190.44,212.88,123.16,169.5,37.01,285.07,0,-60.29,0,18209.22,70.46,207.01,99.83,18586.53,4362.55,-53084.6,-118,-230.700000000004,No Change
Oct 2029,State,GFDL,High,Low,21088.43,309.61,35.41,138.75,244.03,46.98,60.11,6.73,333.12,0,-68.25,0,20445.71,77.47,83.35,24.7,20631.23,4377.77,-53092.17,15.2200000000003,-7.56999999999971,No Change
Nov 2029,State,GFDL,High,Low,13154.48,226.99,54.46,95.6,218.05,40.05,46.3,2.45,254.01,0,-68.09,0,12673.47,75.96,62.39,1.76,12813.57,4544.85,-52905.37,167.08,186.800000000003,No Change
Dec 2029,State,GFDL,High,Low,5611.78,88.37,50.38,71.46,107.64,37.03,45.25,2,101.31,0,-53.02,0,5422.11,49.71,54.93,0,5526.73,4704.29,-52765.05,159.440000000001,140.320000000007,No Change
Jan 2030,State,GFDL,High,Low,3984.76,44.61,47.8,73.44,58.26,27.43,45.28,2.12,73.99,0,-50.86,0,3866.17,39.01,54.98,0,3960.17,4763.21,-52760.01,58.9199999999992,5.0399999999936,No Change
Feb 2030,State,GFDL,High,Low,2869.03,31.81,53.52,108.82,32.57,54.7,45.3,2.31,50.93,0,-45.49,0,2786.29,44.16,57.88,0,2888.3,4782.18,-52780.02,18.9700000000003,-20.0099999999948,No Change
Mar 2030,State,GFDL,High,Low,4510.56,89.29,71.11,141.98,52.84,61.24,47.64,2.89,102.08,0,-57.78,0,4319.2,84.59,75.2,1.04,4480.02,4745.14,-52817.56,-37.0400000000009,-37.5400000000009,No Change
Apr 2030,State,GFDL,High,Low,2587.2,73.57,132.79,130.32,147.66,109.27,218.58,52.91,57.54,0,-43.46,0,2456.07,81.12,228.41,21.66,2787.25,4706.29,-52819.07,-38.8499999999995,-1.50999999999476,No Change
May 2030,State,GFDL,High,Low,3280.67,141.81,261.18,122.49,314.44,146.05,298.93,73.39,48.77,0,-32.24,0,3090.07,144.37,346.65,119.32,3700.43,4681.92,-52992.32,-24.3699999999999,-173.250000000007,No Change
Jun 2030,State,GFDL,High,Low,2271,48.39,134.09,118.67,302.43,276.65,364.1,90.75,37.14,0,-43.41,0,2185.47,81.45,427.61,163.09,2857.63,4729.2,-53320.69,47.2800000000007,-328.370000000003,No Change
Jul 2030,State,GFDL,High,Low,6302.26,79.54,53.66,146.43,275.09,314.74,331.81,82.93,105.91,0,-29.9,0,6116.82,56.35,398.64,153.86,6725.66,4600.69,-53763.39,-128.510000000001,-442.700000000004,No Change
Aug 2030,State,GFDL,High,Low,9739.17,111.87,38.15,139.97,245.23,258.71,260.36,62.98,137.63,0,-28.55,0,9489.67,52.06,321.17,132.78,9995.7,4411.28,-54090.13,-189.409999999999,-326.739999999991,No Change
Sep 2030,State,GFDL,High,Low,285.39,3.77,34.88,69.5,182.82,249.6,320.58,76.89,3.96,0,0.9,0,277.64,35.03,336.81,111.88,761.39,4273.98,-54311.21,-137.3,-221.080000000002,No Change
Oct 2030,State,GFDL,High,Low,65.25,1.73,32.87,33.3,102.79,122.35,268.96,61.28,1.16,0,-11.46,0,62.37,32.34,255.84,64.85,415.38,4114.08,-54661.9,-159.900000000001,-350.690000000002,No Change
Nov 2030,State,GFDL,High,Low,159.61,3.68,50.07,14.69,70.28,37.43,87.88,12.73,5.05,0,-23.94,0,150.87,30.18,90.3,5.69,277.02,4046.38,-54944.74,-67.7000000000003,-282.839999999997,No Change
Dec 2030,State,GFDL,High,Low,285.38,5.53,38.96,87.43,42.38,90.46,45.55,1.98,7.29,0,-26.44,0,272.58,31.55,50.4,0,354.52,4064.08,-55044.48,17.7000000000003,-99.7400000000125,No Change
Jan 2031,State,GFDL,High,Low,2220.07,27.7,37.36,53,56.94,29.47,45.58,1.94,57.67,0,-41.17,0,2134.69,25.79,52.95,0,2213.45,4009.17,-55107.17,-54.9099999999999,-62.6899999999878,No Change
Feb 2031,State,GFDL,High,Low,988.73,14.06,39.82,82.25,45.45,78.59,45.6,1.77,21.49,0,-21.98,0,953.2,26.76,53.52,0,1033.49,4027.28,-55134.27,18.1099999999997,-27.0999999999985,No Change
Mar 2031,State,GFDL,High,Low,947.25,15.62,43.68,111.68,34.56,115.9,71.69,8.65,22.38,0,-15.48,0,909.26,44.43,91.63,5.94,1051.25,3984.42,-55178.59,-42.8599999999997,-44.320000000007,No Change
Apr 2031,State,GFDL,High,Low,786.95,72.62,68.57,85.77,146.99,124.43,249.65,57.73,18.81,0,-36.79,0,695.47,69.65,245.39,42.44,1052.99,3874.47,-55240.66,-109.95,-62.0699999999997,No Change
May 2031,State,GFDL,High,Low,2373.42,187.53,260.99,224.6,362.82,212.67,306.56,73.06,33.53,0,-17.11,0,2152.34,90.86,331.42,118.99,2693.62,3843.56,-55492.98,-30.9099999999999,-252.32,No Change
Jun 2031,State,GFDL,High,Low,14748.03,214.99,159.91,196.73,373.93,252.47,208.79,48.18,196.01,0,-31.59,0,14337.03,88.32,285.55,155.06,14865.95,3895.81,-55829.03,52.2499999999995,-336.050000000003,No Change
Jul 2031,State,GFDL,High,Low,16912.68,231.39,50.04,211.03,254.42,214.43,238.57,57.17,263.47,0,-50.47,0,16417.81,80.9,304.42,147.82,16950.94,3892.28,-55980.26,-3.5300000000002,-151.229999999996,No Change
Aug 2031,State,GFDL,High,Low,10797.48,169.46,34.77,181.09,219.91,241.3,310.09,76.91,183.71,0,-37.28,0,10444.3,81.81,349.47,138.53,11014.1,3809.25,-56096.48,-83.0299999999997,-116.219999999987,No Change
Sep 2031,State,GFDL,High,Low,11093.56,157.03,31.1,125.48,204.92,170.83,200.74,46.17,177.65,0,-35.96,0,10758.89,64.53,239.58,106.23,11169.25,3671.59,-56321.72,-137.66,-225.240000000005,No Change
Oct 2031,State,GFDL,High,Low,18329.51,259.26,27.81,170.57,172.92,58.44,77.44,11.82,279,0,-62.34,0,17791.25,64.37,92.38,31.4,17979.41,3620.66,-56440.87,-50.9300000000003,-119.150000000009,No Change
Nov 2031,State,GFDL,High,Low,2228.82,32.99,33.9,67.99,60.14,55.55,46.85,2.37,51.19,0,-38.67,0,2144.66,32.98,55.99,0.38,2233.99,3708.38,-56321.22,87.7200000000003,119.650000000001,No Change
Dec 2031,State,GFDL,High,Low,4906.78,65.39,32.49,111.26,81.21,91.11,45.87,1.97,84.61,0,-40.61,0,4756.76,37.14,51.88,0,4845.77,3701.48,-56353.56,-6.89999999999964,-32.3399999999965,No Change
Jan 2032,State,GFDL,High,Low,3023.6,34.8,31.39,54.83,57.45,30.01,45.89,2.08,64.95,0,-38.68,0,2923.85,22.61,53.21,0,2999.66,3683.57,-56353.43,-17.9100000000003,0.129999999990105,No Change
Feb 2032,State,GFDL,High,Low,3556.28,42.41,34.01,96.77,56.64,63.92,45.92,2.23,77.4,0,-43.52,0,3436.47,30.41,55.59,0,3522.48,3701.57,-56370.97,17.9999999999995,-17.5399999999936,No Change
Mar 2032,State,GFDL,High,Low,4456.76,78.83,42.76,142.99,52.94,91.32,68.17,8.08,109.24,0,-43.04,0,4268.68,60.02,88.31,5.72,4422.73,3682.39,-56380.73,-19.1799999999998,-9.75999999999476,No Change
Apr 2032,State,GFDL,High,Low,4393.71,94.56,143.8,163.85,169.14,120.2,216.41,52.34,98.47,0,-39.2,0,4200.68,64.79,222.81,37.35,4525.66,3615.78,-56380.34,-66.6100000000001,0.389999999992142,No Change
May 2032,State,GFDL,High,Low,3956.45,106.09,186.37,123.59,321.41,215.46,279.37,67.78,59.31,0,-15.94,0,3791.04,78.85,310.98,112.31,4293.17,3605.96,-56522.5,-9.81999999999971,-142.159999999996,No Change
Jun 2032,State,GFDL,High,Low,17487.31,216.56,118.54,181.14,324.95,210.16,187.7,41.39,225.47,0,-45.73,0,17045.27,84.92,263.48,153.54,17547.23,3612.51,-56802.97,6.54999999999973,-280.470000000001,No Change
Jul 2032,State,GFDL,High,Low,28475.08,392.12,42.45,291.67,240.32,117.43,171.44,37.91,441.39,0,-73.16,0,27641.56,93.14,225.8,138.93,28099.46,3610.14,-56923.13,-2.36999999999944,-120.159999999996,No Change
Aug 2032,State,GFDL,High,Low,26123.62,394.34,40.56,259.04,275.37,125.78,194.43,44.52,445.23,0,-72.54,0,25284.04,98.82,230.42,126.69,25739.97,3640.79,-56827.36,30.6499999999996,95.7699999999968,No Change
Sep 2032,State,GFDL,High,Low,13114.51,155.89,37.02,172.8,178.8,169.61,192.38,42.97,187.06,0,-45.75,0,12771.58,56.69,231.57,99.84,13159.67,3709.85,-56731.27,69.0599999999999,96.0899999999965,No Change
Oct 2032,State,GFDL,High,Low,23292.77,342.84,33.13,228.74,197.42,59.9,63.32,7.79,365.85,0,-69.06,0,22584.08,78.76,82.62,36.38,22781.83,3636.89,-56839.21,-72.9599999999996,-107.940000000002,No Change
Nov 2032,State,GFDL,High,Low,740.44,10.52,60.15,78.21,57.53,64.44,50.24,3.2,14.89,0,-37.52,0,715.02,36.89,60.93,1.02,813.87,3747.31,-56634.31,110.42,204.900000000016,No Change
Dec 2032,State,GFDL,High,Low,2054.12,31.43,46.91,103.59,71.57,92.95,46.19,1.96,45.46,0,-43.92,0,1977.22,40.04,52.84,0,2070.11,3726.5,-56704.98,-20.8100000000004,-70.6700000000055,No Change
Jan 2033,State,GFDL,High,Low,1328.29,15.23,46.48,49.25,53.14,29.68,46.21,2.08,32.98,0,-39.2,0,1280.08,28.22,52.64,0,1360.92,3696.49,-56747.65,-30.0100000000002,-42.6700000000128,No Change
Feb 2033,State,GFDL,High,Low,4429.48,62.83,51.22,113.64,68.81,56.01,46.24,2.21,86.44,0,-54.08,0,4280.22,41.68,55.4,0,4377.32,3711.43,-56798,14.9399999999996,-50.3499999999985,No Change
Mar 2033,State,GFDL,High,Low,3115.6,77.51,67.4,135.13,46.17,70.43,62.2,6.16,77.79,0,-48.67,0,2960.32,82.68,82.31,4.34,3129.66,3712.82,-56809.65,1.39000000000078,-11.6499999999796,No Change
Apr 2033,State,GFDL,High,Low,1518.67,136.54,157.24,152.01,173.61,96.3,246.8,60.05,34.78,0,-42.61,0,1347.34,107.07,249.35,40.78,1744.58,3662.29,-56840.89,-50.5300000000002,-31.2400000000198,No Change
May 2033,State,GFDL,High,Low,2131.39,170.84,296.7,199.49,362.55,182.36,323.04,79.37,31.26,0,-40.59,0,1929.29,128.45,357.91,130.14,2545.8,3676.95,-57076.24,14.6599999999999,-235.349999999999,No Change
Jun 2033,State,GFDL,High,Low,2172.07,56.55,213.41,170.58,369.75,337.91,350.21,86.38,23.45,0,3.66,0,2092.08,63.86,404.89,163.47,2724.28,3742.87,-57459.39,65.9200000000001,-383.149999999994,No Change
Jul 2033,State,GFDL,High,Low,13583.86,185.11,48.4,200.69,259.77,246.03,289.1,71.08,220.63,0,-47.53,0,13178.12,66.6,347.97,155.25,13747.94,3633.63,-57859.53,-109.24,-400.139999999992,No Change
Aug 2033,State,GFDL,High,Low,9681.74,125.33,36.22,141.03,254.47,263.6,287.67,70.42,150.47,0,-37.35,0,9405.92,67.03,339.32,141.1,9953.37,3517.44,-58059.7,-116.190000000001,-200.169999999998,No Change
Sep 2033,State,GFDL,High,Low,7765.33,93.62,31.17,90.22,188.41,176.93,215.4,49.44,114.63,0,-27.81,0,7557.13,50.88,253.08,103.35,7964.42,3386.22,-58304.91,-131.219999999999,-245.210000000014,No Change
Oct 2033,State,GFDL,High,Low,4740.73,68.03,30.07,87.8,102.22,92.16,198.03,43.93,83.93,0,-37.98,0,4588.77,38.2,189.39,40.96,4857.32,3310.59,-58487.42,-75.6300000000001,-182.509999999995,No Change
Nov 2033,State,GFDL,High,Low,5032.06,76.81,38.87,73.27,86.63,42.47,46.75,2.09,95.28,0,-43.3,0,4859.94,41.57,52.96,0.23,4954.7,3285.35,-58636.5,-25.2399999999998,-149.080000000009,No Change
Dec 2033,State,GFDL,High,Low,894.86,12.46,40.16,94.43,49.62,92.05,46.49,1.95,19.72,0,-32.01,0,862.67,32.64,49.29,0,944.6,3321.22,-58629.43,35.8699999999999,7.06999999999971,No Change
Jan 2034,State,GFDL,High,Low,7138.13,123.4,38.59,102.95,100.73,29.8,46.56,2.08,146.14,0,-53.83,0,6868.61,41.96,54.04,0.02,6964.61,3274.06,-58686.27,-47.1600000000003,-56.8399999999965,No Change
Feb 2034,State,GFDL,High,Low,6221.46,80.36,41.84,113.61,83.39,61.73,55.62,5.29,108.93,0,-48.25,0,6032.18,35.18,62.96,4.23,6134.57,3335.4,-58638.44,61.3399999999997,47.8300000000017,No Change
Mar 2034,State,GFDL,High,Low,2964.8,51.47,48.85,130,58.34,107.39,74.12,9.32,59.57,0,-40.4,0,2853.76,59.79,93.1,8.73,3015.4,3344.43,-58632.33,9.0300000000002,6.11000000000058,No Change
Apr 2034,State,GFDL,High,Low,4161.71,173.45,140.22,163.36,152.38,77.72,210.61,50.03,79.52,0,-30.43,0,3908.74,106.1,211.34,30.64,4256.8,3267.06,-58686.71,-77.3700000000003,-54.3800000000047,No Change
May 2034,State,GFDL,High,Low,3034.3,204.75,498.03,399.71,323.33,140.21,301.44,73.12,56.3,0,-28.73,0,2773.25,148.7,317.86,109.37,3349.14,3290.93,-58828.84,23.8700000000008,-142.12999999999,No Change
Jun 2034,State,GFDL,High,Low,20279.09,297.16,205.96,238.05,369.58,154.83,172.63,37.49,282.58,0,-56.35,0,19699.34,106.65,235.68,146.86,20188.55,3384.5,-59138.93,93.5699999999997,-310.090000000011,No Change
Jul 2034,State,GFDL,High,Low,24558.32,303.4,45.13,249.82,260.57,182.06,167.65,36.7,343.1,0,-58.71,0,23911.85,78.91,238.78,147.53,24377.08,3498.7,-59194.7,114.2,-55.7699999999968,No Change
Aug 2034,State,GFDL,High,Low,20055.46,308.16,36.43,227.52,231.51,154.07,222.72,52.56,340.24,0,-54.29,0,19407.07,93.91,263.65,131.48,19896.09,3469.35,-59188.81,-29.3499999999995,5.88999999999942,No Change
Sep 2034,State,GFDL,High,Low,4640.54,70.54,34.08,123.81,202.77,254.36,294.55,71.8,84.67,0,-28.31,0,4485.32,60.7,319.14,110.49,4975.66,3453.32,-59204.48,-16.0300000000002,-15.6700000000055,No Change
Oct 2034,State,GFDL,High,Low,3677.44,72.81,40.43,94.26,115.67,110.48,232.9,53.32,89.04,0,-34.72,0,3515.58,48.52,213.86,41.44,3819.38,3305.31,-59481.36,-148.01,-276.87999999999,No Change
Nov 2034,State,GFDL,High,Low,2153.25,46.02,46.89,68.29,74.62,50.32,78.57,10.89,54.63,0,-40.13,0,2052.6,40.46,80.69,4.41,2178.15,3276.25,-59648.06,-29.0600000000004,-166.700000000004,No Change
Dec 2034,State,GFDL,High,Low,10733.37,185.11,48.28,169.78,150.96,91.61,46.83,1.95,194.72,0,-56.9,0,10353.54,61.14,50.84,0,10465.51,3287.54,-59705.63,11.29,-57.5699999999924,No Change
Jan 2035,State,GFDL,High,Low,1945.85,23.36,47.79,52.45,61.21,29.25,46.86,2.07,45.08,0,-41.18,0,1877.42,27.92,51.37,0,1956.72,3340.92,-59612.66,53.3800000000001,92.9699999999939,No Change
Feb 2035,State,GFDL,High,Low,5163.58,73.86,52.41,117.08,72.25,54.31,46.89,2.07,95.32,0,-50.26,0,4994.38,41.51,57.02,0,5092.92,3366.25,-59653.55,25.3299999999999,-40.8899999999921,No Change
Mar 2035,State,GFDL,High,Low,1632.59,43.97,77.51,130,57.13,100.51,68.48,7.85,28.89,0,-34.97,0,1559.73,69.82,88.33,7.63,1725.53,3371.98,-59653.3,5.73000000000002,0.25,No Change
Apr 2035,State,GFDL,High,Low,2721.42,100.51,153.85,152.41,157.71,100.06,224.09,53.33,68.87,0,-36.78,0,2552.02,81.11,220.64,26.13,2879.9,3300.91,-59727.65,-71.0700000000002,-74.3500000000131,No Change
May 2035,State,GFDL,High,Low,5909.66,174.21,327.46,200.97,343.22,129.09,259.65,62.23,98.49,0,-55.4,0,5636.94,141.95,285.61,104.79,6169.32,3308.66,-59892.45,7.75,-164.799999999988,No Change
Jun 2035,State,GFDL,High,Low,15485.85,221.17,164.69,169,342.46,178.14,192.99,43.48,207.62,0,-63.36,0,15057.08,115.9,262.07,153.64,15588.66,3434.59,-60151.57,125.93,-259.12000000001,No Change
Jul 2035,State,GFDL,High,Low,19284.41,232.21,53.08,228.73,248.95,213.2,194.97,43.58,275.54,0,-54.53,0,18776.66,75.34,264.6,145.72,19262.33,3486.36,-60310.45,51.7700000000004,-158.87999999999,No Change
Aug 2035,State,GFDL,High,Low,14701.72,210.54,38.89,183.66,223.28,174.69,251.13,60.54,244.05,0,-50.74,0,14247.12,67.95,292.94,132.38,14740.36,3408.91,-60386.53,-77.4500000000007,-76.0800000000017,No Change
Sep 2035,State,GFDL,High,Low,4354.45,60.47,32.65,87.46,201.13,215.96,293.39,70.86,78.43,0,-30.29,0,4215.55,50.76,316.92,112.36,4695.59,3355.12,-60516.2,-53.79,-129.669999999998,No Change
Oct 2035,State,GFDL,High,Low,106.03,2.58,29.07,45.96,83.97,119.37,244.8,55.42,2.12,0,-8.65,0,101.32,29.75,219.93,39.93,390.94,3245.96,-60802.94,-109.16,-286.740000000005,No Change
Nov 2035,State,GFDL,High,Low,4119.64,79.25,40.46,67.84,98.97,46.19,64.37,7.1,96.3,0,-44.26,0,3944.1,43.34,68.08,3.16,4058.67,3179.99,-61038.78,-65.9700000000003,-235.839999999997,No Change
Dec 2035,State,GFDL,High,Low,2306.83,41.87,39.64,103.51,70.45,91.58,47.12,1.95,54.13,0,-37.85,0,2210.82,36.97,50.78,0,2298.57,3221.97,-61047.17,41.9800000000005,-8.38999999999942,No Change
Jan 2036,State,GFDL,High,Low,428.88,5.64,38.96,37.37,35.93,30.58,47.15,2.06,10.78,0,-19.75,0,412.45,21.65,51.09,0,485.21,3195.22,-61076.04,-26.75,-28.8700000000026,No Change
Feb 2036,State,GFDL,High,Low,3449.84,40.87,43.38,100.44,45.17,55.76,47.17,1.93,59.94,0,-39.04,0,3349.03,33.46,52.74,0,3435.22,3194.52,-61130.05,-0.699999999999818,-54.0099999999948,No Change
Mar 2036,State,GFDL,High,Low,7042.31,118.23,54.91,156.92,65.63,68.87,48.18,2.3,144.67,0,-51.42,0,6779.42,70.88,63.05,0.46,6913.8,3176.4,-61154.37,-18.1200000000008,-24.3199999999997,No Change
Apr 2036,State,GFDL,High,Low,1867.33,48.29,96.11,92.36,157.88,135.29,221.75,52.17,41.84,0,-23.78,0,1777.19,53.26,224.75,48.04,2103.23,3155.98,-61107.45,-20.4200000000001,46.919999999991,No Change
May 2036,State,GFDL,High,Low,6534.9,110.17,176.89,67.84,309.46,136.02,256.21,59.45,84.67,0,-21.88,0,6340.04,67.63,291.21,132.33,6831.21,3123.38,-61307.03,-32.5999999999995,-199.580000000002,No Change
Jun 2036,State,GFDL,High,Low,5183.25,78.3,125.73,61.7,292.54,164.04,332.63,78.92,85.87,0,-31.43,0,5019.06,45.25,361.27,158.48,5584.06,3202.37,-61573.3,78.9900000000002,-266.269999999997,No Change
Jul 2036,State,GFDL,High,Low,15883.41,224.98,43.12,145.02,306.1,175.95,295.14,72.73,259.97,0,-56.83,0,15398.44,49.79,340.52,155.59,15944.32,3223.31,-61931.06,20.9399999999996,-357.760000000002,No Change
Aug 2036,State,GFDL,High,Low,16999.06,246.02,36.33,111.86,315.1,149.13,224.65,53.26,289.36,0,-53.31,0,16463.66,57.87,273.17,141.6,16936.29,3235.37,-62105.9,12.0599999999999,-174.839999999989,No Change
Sep 2036,State,GFDL,High,Low,3421.88,33.85,31.41,70.86,193.59,212.17,277.69,66.2,59.03,0,-14.79,0,3329.01,27.77,298.04,101.72,3756.56,3299.55,-62182.82,64.1800000000003,-76.9200000000055,No Change
Oct 2036,State,GFDL,High,Low,1031.73,12.23,28.79,54.94,90.14,113.35,247.98,56.61,20.17,0,-18.37,0,999.32,27.66,224.09,42.41,1293.47,3194.39,-62451.82,-105.16,-269,No Change
Nov 2036,State,GFDL,High,Low,2112.81,22.14,39.54,54.64,60.83,42.65,58.66,5.21,39.31,0,-38.67,0,2051.38,27.55,64.3,2.22,2145.46,3138.45,-62683.76,-55.9400000000005,-231.940000000002,No Change
Dec 2036,State,GFDL,High,Low,2603.71,31.29,37.86,98.72,65.72,83.3,47.42,1.95,54.31,0,-37.58,0,2518.12,25.63,51.45,0,2595.22,3145.73,-62738.79,7.28000000000065,-55.0300000000061,No Change
Jan 2037,State,GFDL,High,Low,8447.1,142.11,37.03,115.99,107.24,30.54,47.44,2.06,167.2,0,-55.37,0,8137.76,41.84,50.89,0,8230.52,3122.11,-62767.52,-23.6200000000003,-28.7299999999886,No Change
Feb 2037,State,GFDL,High,Low,3661.3,43.58,40.22,102.49,53.18,65.45,47.47,1.96,64.07,0,-38.03,0,3553.63,31.61,52.54,0,3637.79,3193.23,-62701.02,71.1199999999994,66.4999999999927,No Change
Mar 2037,State,GFDL,High,Low,5553.64,96.58,45.92,146.1,43.22,67.87,50.43,2.87,124.15,0,-44.76,0,5332.89,65.82,65.13,1.35,5465.19,3173.9,-62720.45,-19.3299999999999,-19.429999999993,No Change
Apr 2037,State,GFDL,High,Low,2652.8,48.22,116.01,139.41,135.28,135.97,205.29,48.58,60.03,0,-19.34,0,2544.56,44.87,204.14,25.4,2818.99,3131.68,-62689.97,-42.2199999999993,30.4799999999886,No Change
May 2037,State,GFDL,High,Low,11028.99,166.4,163.85,116.89,302.62,133.42,187.18,41.49,162.66,0,-52.12,0,10699.95,96.26,223.54,106.43,11126.15,3083.53,-62831.39,-48.1500000000005,-141.419999999984,No Change
Jun 2037,State,GFDL,High,Low,4065.89,77.34,111.73,60.89,289.18,200.07,311.95,73.4,51.78,0,-30.15,0,3936.78,69.23,351.46,155.05,4512.52,3174.89,-62973,91.3600000000001,-141.610000000008,No Change
Jul 2037,State,GFDL,High,Low,12515.32,172.49,45.38,124.5,291.77,195.09,294.49,70.53,203.06,0,-52.8,0,12139.79,49.51,341.84,159.23,12690.38,3151.08,-63344.95,-23.8099999999999,-371.949999999997,No Change
Aug 2037,State,GFDL,High,Low,10219.22,134.5,38.27,104.18,263.58,195.06,307.07,75.57,168.09,0,-40.48,0,9916.63,40.53,344.38,142.77,10444.31,3129.85,-63577.89,-21.23,-232.94000000001,No Change
Sep 2037,State,GFDL,High,Low,5449.2,64.82,34.5,72.11,194.05,169.55,281.27,66.9,90.32,0,-20.59,0,5294.07,23.29,302.38,110.68,5730.4,3085.49,-63824.53,-44.3599999999997,-246.639999999992,No Change
Oct 2037,State,GFDL,High,Low,2257.29,19.31,38.24,40.57,105.62,94.44,219.18,47.62,25.51,0,-5.5,0,2212.48,11.3,202.48,49.78,2476.05,3021.97,-64079.81,-63.52,-255.280000000006,No Change
Nov 2037,State,GFDL,High,Low,1931.62,33.97,43.92,26.56,89.13,30.36,62.23,6.21,51.14,0,-35.04,0,1846.47,27.62,65.15,2.69,1941.93,3002.23,-64281.16,-19.7400000000007,-201.349999999999,No Change
Dec 2037,State,GFDL,High,Low,3702.9,43.72,43.19,103.22,69.58,74.5,47.68,1.95,62.44,0,-37.66,0,3596.76,26.27,49.82,0,3672.84,3051.86,-64323.77,49.6300000000001,-42.609999999986,No Change
Jan 2038,State,GFDL,High,Low,4378.46,71.21,45.48,70.56,82.88,30.99,47.71,2.06,96.26,0,-39.58,0,4210.98,33.82,50.93,0,4295.74,3042.88,-64344.75,-8.97999999999956,-20.9800000000032,No Change
Feb 2038,State,GFDL,High,Low,4971.44,85.14,51.49,110.03,82,56.28,50.7,2.98,106.65,0,-41.92,0,4779.67,42.77,61.21,0.76,4884.41,3089.47,-64333.7,46.5900000000001,11.0499999999884,No Change
Mar 2038,State,GFDL,High,Low,10053.11,214.14,85.97,187.47,133.2,66.96,85.05,12.32,206.22,0,-49.13,0,9632.76,95.52,97.89,12.05,9838.22,3101.7,-64317.45,12.2299999999996,16.2499999999927,No Change
Apr 2038,State,GFDL,High,Low,2842.25,69.88,190.32,183.67,151.08,116.62,176.44,40.37,58.56,0,-24.32,0,2713.82,66.4,183.81,28.48,2992.49,3142.81,-64245.16,41.1100000000001,72.2900000000154,No Change
May 2038,State,GFDL,High,Low,5122,135.81,263.49,174.13,297.72,144.8,268.49,64.53,79.49,0,-33.2,0,4906.69,105.45,291.86,109.91,5413.9,3129.53,-64375.48,-13.2800000000002,-130.32,No Change
Jun 2038,State,GFDL,High,Low,9517.59,193.33,206.02,121.56,384.49,171.41,287.49,69.8,146.56,0,-70.29,0,9177.7,135,338.6,158.78,9810.08,3194.52,-64643.04,64.9900000000002,-267.560000000005,No Change
Jul 2038,State,GFDL,High,Low,10182.6,132.55,63.91,118.94,265.17,196.99,291.13,70.86,152.56,0,-41.75,0,9897.49,51.09,345.35,153.92,10447.87,3286.69,-64943.22,92.1700000000001,-300.18,No Change
Aug 2038,State,GFDL,High,Low,25088.24,361.94,43.76,183.87,327.84,117.34,164.18,35.78,400.41,0,-69.3,0,24325.88,80.61,210.03,132.99,24749.51,3229.79,-65206.62,-56.9000000000001,-263.399999999994,No Change
Sep 2038,State,GFDL,High,Low,12404.97,159.96,35.65,129.16,204,151.94,198.42,44.3,182.99,0,-39.44,0,12062.02,53.84,236.82,106.59,12459.26,3358.67,-65136.87,128.88,69.75,No Change
Oct 2038,State,GFDL,High,Low,20692.46,313.51,33.12,201.52,177.85,41.74,58.81,5.38,341,0,-61.58,0,20037.93,70.59,70.42,19.97,20198.93,3328.02,-65254.04,-30.6499999999996,-117.170000000006,No Change
Nov 2038,State,GFDL,High,Low,870.72,14.25,55.56,73.25,57.5,56.97,49.88,2.79,26.39,0,-34.59,0,830.11,30.64,57.53,1.2,919.48,3447.14,-65048.03,119.12,206.009999999995,No Change
Dec 2038,State,GFDL,High,Low,1202.73,19.67,45.44,96.77,59.63,91.74,47.99,1.96,26.2,0,-33.29,0,1156.87,33.73,52.75,0,1243.35,3437.21,-65104.55,-9.93000000000029,-56.5199999999968,No Change
Jan 2039,State,GFDL,High,Low,6141.64,107.54,45.48,85.44,103.29,29.87,48.01,2.08,131.64,0,-46.79,0,5902.46,40.95,54.26,0,5997.65,3398.36,-65157.65,-38.8500000000004,-53.0999999999985,No Change
Feb 2039,State,GFDL,High,Low,5946.12,92.69,49.87,117.69,80.95,53.27,48.04,2.14,116.07,0,-48.09,0,5737.35,45.29,55.13,0,5837.78,3463.44,-65118.71,65.0799999999999,38.9400000000096,No Change
Mar 2039,State,GFDL,High,Low,1660.91,35.1,63.12,125.06,42.47,97.58,57.6,4.48,42.48,0,-33.99,0,1583.32,62.28,75.23,3.07,1723.92,3481.86,-65096.6,18.4200000000005,22.1099999999933,No Change
Apr 2039,State,GFDL,High,Low,2415.75,95.62,179.46,163.64,174.77,115.67,242.05,58.58,52.57,0,-34.55,0,2267.54,86.91,241.78,40.42,2636.66,3404.61,-65144.3,-77.2500000000005,-47.7000000000116,No Change
May 2039,State,GFDL,High,Low,3561.11,144.43,283.85,134.81,347.8,150.45,304.04,74.07,63.57,0,-47.75,0,3353.1,143.86,330.84,120.81,3948.61,3405.39,-65350.17,0.780000000000655,-205.869999999988,No Change
Jun 2039,State,GFDL,High,Low,3137.94,71.04,147.97,118.69,295.33,257.2,339.74,83.59,38.42,0,-40.18,0,3028.45,102.36,386.76,159.75,3677.32,3501.9,-65685.14,96.5099999999998,-334.970000000001,No Change
Jul 2039,State,GFDL,High,Low,5397.87,66.49,47.76,93.06,274.37,257.03,366.37,88.62,80.93,0,-28.82,0,5250.46,32.68,403.56,162.52,5849.22,3409.39,-66102.76,-92.5100000000002,-417.619999999995,No Change
Aug 2039,State,GFDL,High,Low,7113.05,87.33,36.71,80.17,250.98,205.63,318.47,75.38,121.09,0,-33.91,0,6904.64,32.39,348.2,141.39,7426.65,3300.91,-66490.93,-108.48,-388.169999999998,No Change
Sep 2039,State,GFDL,High,Low,15305.74,185.89,30.02,128,195.44,122.1,154.34,31.21,207.36,0,-36.38,0,14912.49,50.93,190.32,98.9,15252.67,3241.17,-66788.22,-59.7400000000002,-297.290000000008,No Change
Oct 2039,State,GFDL,High,Low,2220.98,29.91,29.8,46.35,110.09,100.17,229.12,51.75,45.51,0,-26.6,0,2145.57,30.07,212.78,43.96,2432.4,3247.33,-66839.29,6.15999999999985,-51.0699999999924,No Change
Nov 2039,State,GFDL,High,Low,2628.48,42.29,52.02,25.39,106.82,32.35,48.93,2.23,59.23,0,-37.97,0,2526.97,32.43,53.06,0.34,2612.79,3221.84,-67041.73,-25.4899999999998,-202.439999999988,No Change
Dec 2039,State,GFDL,High,Low,452.32,6.44,40.8,81.53,43.11,78.96,48.28,1.96,10.47,0,-24.23,0,435.4,25.8,51.95,0,513.16,3289.92,-67067.51,68.0799999999999,-25.7800000000134,No Change
Jan 2040,State,GFDL,High,Low,1213.04,15.76,39.18,44.94,48.03,31.21,48.32,2.07,35.11,0,-31.13,0,1162.16,24.31,52.82,0,1239.27,3248.44,-67127.58,-41.4800000000005,-60.0699999999924,No Change
Feb 2040,State,GFDL,High,Low,2852.91,47.11,41.74,93.58,52.75,55.39,48.38,1.91,69.16,0,-37.44,0,2736.65,35.38,54.72,0.03,2826.78,3258.68,-67169.82,10.2400000000007,-42.2400000000052,No Change
Mar 2040,State,GFDL,High,Low,2182.43,32.04,51.47,126.7,42.47,107.11,93.91,13.8,52.29,0,-28.92,0,2098.1,50.38,103.84,11.23,2263.53,3247.76,-67184.59,-10.9200000000001,-14.7700000000041,No Change
Apr 2040,State,GFDL,High,Low,1740.95,37.95,128.59,129.98,144.76,138.66,268.56,64.28,40.34,0,-8.61,0,1662.68,39.07,260.06,53.88,2015.69,3159.39,-67252.55,-88.3700000000003,-67.9600000000064,No Change
May 2040,State,GFDL,High,Low,3687.24,65.93,128.08,45.31,247.3,129.37,315.18,71.39,58.73,0,-10.31,0,3562.6,41.06,317.64,132.51,4053.8,3109.68,-67478.96,-49.7099999999996,-226.410000000003,No Change
Jun 2040,State,GFDL,High,Low,3710.97,52.02,53.59,61.99,238.07,208.29,361.42,82.67,57.86,0,-13.2,0,3601.08,27.06,375.49,159.34,4162.97,3153.76,-67806.83,44.0799999999999,-327.869999999995,No Change
Jul 2040,State,GFDL,High,Low,14617.52,205.61,31.92,132.8,302.57,189.97,303.11,72.27,235.24,0,-47.85,0,14176.66,40,345.58,161.98,14724.21,3086.77,-68200.26,-66.9900000000002,-393.429999999993,No Change
Aug 2040,State,GFDL,High,Low,12695.98,175.41,32.79,120.55,262.74,170.9,284.67,68.97,207.63,0,-39.34,0,12312.94,35.17,322.09,141.07,12811.24,3084.64,-68405.69,-2.12999999999965,-205.429999999993,No Change
Sep 2040,State,GFDL,High,Low,6054.82,83.51,39.46,84.71,187.61,142.53,289.78,69.04,114.16,0,-31.77,0,5857.18,24.93,303.4,108.55,6294.08,3070.09,-68594.19,-14.5500000000002,-188.500000000015,No Change
Oct 2040,State,GFDL,High,Low,23343.72,353.35,40.09,158.92,274.16,31.19,85.24,12.95,394.69,0,-73.9,0,22595.68,65.44,94.07,41.58,22796.79,3032.51,-68841.09,-37.5799999999999,-246.899999999994,No Change
Nov 2040,State,GFDL,High,Low,453.49,6.23,43.1,23.7,66.62,40.78,63.08,6.11,8.93,0,-20.15,0,438.31,19.95,68.29,2.22,528.75,3253.67,-68634.15,221.16,206.939999999988,No Change
Dec 2040,State,GFDL,High,Low,192.14,5.01,42.16,86.31,37.37,79.37,48.59,1.96,4.57,0,-17.23,0,182.58,20.1,52.67,0,255.33,3268.2,-68704.53,14.5299999999997,-70.3799999999901,No Change
Jan 2041,State,GFDL,High,Low,403.04,8.17,41.46,39.84,37.23,31.78,48.61,2.07,10.54,0,-18.21,0,384.35,22.53,52.79,0,459.68,3220.15,-68763.82,-48.0500000000002,-59.2899999999936,No Change
Feb 2041,State,GFDL,High,Low,3119.62,43.28,46.93,100.81,49.07,56.77,49.43,2.32,58.54,0,-37.04,0,3017.79,34.16,58.86,0.19,3111,3219.34,-68818.02,-0.809999999999491,-54.1999999999971,No Change
Mar 2041,State,GFDL,High,Low,4347.58,103.3,75.83,139.24,82.01,80.83,101.38,16.22,116.17,0,-34,0,4128.1,72.72,114.25,10.31,4325.37,3199.87,-68843.85,-19.4700000000003,-25.8300000000163,No Change
Apr 2041,State,GFDL,High,Low,2506.82,64.37,145.95,142.41,191.22,168.68,262.77,63.43,55.42,0,-15.51,0,2387.03,60.86,271.99,81.64,2801.55,3171.97,-68857.16,-27.8999999999996,-13.3099999999977,No Change
May 2041,State,GFDL,High,Low,1819.12,65.43,170.57,112.08,306.06,249.67,316.25,75.85,22.46,0,10.57,0,1731.25,56.97,345.8,137.98,2271.99,3121.84,-69098.24,-50.1300000000001,-241.080000000002,No Change
Jun 2041,State,GFDL,High,Low,744.44,17.49,68.63,51.59,217.06,203.33,401.46,91.77,11.41,0,4.48,0,715.54,16.29,401.32,172.05,1305.22,3072.83,-69443.57,-49.0100000000002,-345.329999999987,No Change
Jul 2041,State,GFDL,High,Low,11081.37,157.84,33.7,128.43,277.88,202.72,356.72,84.43,187.14,0,-42.84,0,10736.41,30.78,382.44,165.76,11315.41,2994.92,-69909.44,-77.9099999999999,-465.87000000001,No Change
Aug 2041,State,GFDL,High,Low,16829.63,227.17,32.6,142.33,285.88,158.21,261.45,62.47,259.38,0,-48.74,0,16343.05,38.51,299.79,141.78,16823.13,2959.91,-70203.17,-35.0100000000002,-293.73000000001,No Change
Sep 2041,State,GFDL,High,Low,15978.44,225.22,29,145.25,215.02,106.36,190.8,42.39,248.04,0,-47.99,0,15505.17,48.32,217.57,104.74,15875.81,2986.79,-70333.26,26.8800000000001,-130.089999999967,No Change
Oct 2041,State,GFDL,High,Low,8523.17,114.46,28.09,99,131.19,86.79,193.09,43.23,132.35,0,-36.93,0,8276.36,36.08,188.56,47.2,8548.18,3026.24,-70386.36,39.4499999999998,-53.1000000000204,No Change
Nov 2041,State,GFDL,High,Low,1280.47,20.7,37.15,21.4,77.22,38.85,50.35,2.46,33.99,0,-29.57,0,1225.76,27.64,55.44,0.43,1309.28,3031.97,-70488.02,5.73000000000047,-101.659999999989,No Change
Dec 2041,State,GFDL,High,Low,2594.07,46.84,35.18,96.31,62.82,78.83,48.94,1.96,51.87,0,-32.72,0,2495.36,34.45,50.22,0,2580.03,3062.79,-70531.93,30.8199999999997,-43.9099999999889,No Change
Jan 2042,State,GFDL,High,Low,1592.04,20.66,33.86,48.99,43.25,31.91,48.97,2.07,34.28,0,-27.85,0,1537.1,22.02,51.71,0,1610.8,3043.52,-70559.74,-19.2700000000004,-27.8100000000122,No Change
Feb 2042,State,GFDL,High,Low,4784.72,52.97,36.66,107.07,49.29,62.68,50.31,2.47,71.43,0,-33.21,0,4660.33,29.14,59.19,0.68,4749.36,3050.04,-70600.2,6.52000000000044,-40.460000000021,No Change
Mar 2042,State,GFDL,High,Low,165,7.84,42.6,103.57,59.66,149.88,134.63,24.48,3.66,0,-6.71,0,153.52,43.76,138.69,17.04,353.03,3025.32,-70610.52,-24.7200000000003,-10.3199999999779,No Change
Apr 2042,State,GFDL,High,Low,774.77,41.91,73.98,84.94,173.18,184.71,288.26,70.13,18.87,0,-9.89,0,713.98,52.36,283.41,82.65,1132.42,2906.55,-70740.74,-118.77,-130.220000000016,No Change
May 2042,State,GFDL,High,Low,1110.56,61.01,225.44,154.53,266.88,198.25,334.21,79.18,19.05,0,-8.17,0,1030.51,71.48,341.5,131.71,1575.19,2829.75,-71032.55,-76.7999999999997,-291.809999999998,No Change
Jun 2042,State,GFDL,High,Low,3689.71,56.47,144.25,73.27,272.4,160.49,357.46,81.25,47.34,0,-7,0,3585.88,22.52,362.16,165.23,4135.82,2811.9,-71408.44,-17.8499999999999,-375.889999999999,No Change
Jul 2042,State,GFDL,High,Low,20761.12,287.37,53.19,149.1,333.85,139.69,227.39,52.48,320.53,0,-54.17,0,20153.2,51.5,274.76,155.07,20634.56,2837.85,-71809.5,25.9499999999998,-401.059999999998,No Change
Aug 2042,State,GFDL,High,Low,15299.39,228.66,40.14,130.65,279.92,145.71,259.44,62.65,261.44,0,-45.29,0,14809.29,49.25,294.42,136.78,15289.75,2932.13,-71873.13,94.2800000000002,-63.6300000000047,No Change
Sep 2042,State,GFDL,High,Low,5866.5,90.76,35.55,115.24,186.44,175.5,290.15,69.88,116.07,0,-30.98,0,5659.69,31.09,302.27,104.51,6097.56,2968.72,-71990.56,36.5900000000001,-117.429999999993,No Change
Oct 2042,State,GFDL,High,Low,7140.54,132.45,41.93,128.61,125.77,75.37,200.56,44.54,153.48,0,-42.45,0,6854.61,37.83,182.02,25.69,7100.13,2897.66,-72230.26,-71.0600000000004,-239.700000000012,No Change
Nov 2042,State,GFDL,High,Low,8847.16,170.31,51.31,99.94,144.17,37,49.32,1.99,180.42,0,-42.61,0,8496.45,57.12,52.34,0.08,8605.99,2922.05,-72300.93,24.3900000000003,-70.6699999999983,No Change
Dec 2042,State,GFDL,High,Low,7221.74,132.31,43.96,149.64,108.41,87.52,49.31,1.96,135.7,0,-39.9,0,6953.74,45.61,51.36,0,7050.69,3024.22,-72210.52,102.17,90.410000000018,No Change
Jan 2043,State,GFDL,High,Low,6893.46,121.32,39.87,83.86,107.99,31.75,49.35,2.07,142.56,0,-39.81,0,6629.58,40.9,52.37,0,6722.85,3041.11,-72162.07,16.8899999999994,48.4499999999971,No Change
Feb 2043,State,GFDL,High,Low,2869.82,39.12,42.08,98.65,51.94,70.8,49.38,2.15,50.54,0,-29.91,0,2780.18,31.31,54.89,0,2866.39,3112.21,-72106.59,71.1000000000004,55.4799999999814,No Change
Mar 2043,State,GFDL,High,Low,3238.44,69.03,85.44,158.96,56.35,94.31,65.82,6.98,73.36,0,-28.61,0,3096.04,62.06,81.72,4.21,3244.04,3085.67,-72133.18,-26.54,-26.5899999999965,No Change
Apr 2043,State,GFDL,High,Low,5292.75,106.98,178.89,180.83,203.05,139.43,211.25,49.23,104.6,0,-31.97,0,5081.16,73.38,217.51,47,5419.08,3024.83,-72151.48,-60.8400000000001,-18.2999999999738,No Change
May 2043,State,GFDL,High,Low,3277.36,98.45,223.06,125.53,303.09,193.17,310.08,75.75,55.03,0,-23.56,0,3123.9,109.62,325.43,113.03,3671.99,3032.96,-72287.87,8.13000000000011,-136.390000000014,No Change
Jun 2043,State,GFDL,High,Low,3002.07,79.05,140.55,119.43,304.12,277.15,347.47,84.75,34.52,0,-35.54,0,2888.52,108.74,389.19,163.24,3549.7,3051.77,-72603.76,18.8099999999999,-315.889999999999,No Change
Jul 2043,State,GFDL,High,Low,16217.61,234.21,47.82,149.59,309.29,183.96,272.55,65.58,257.78,0,-55.03,0,15725.62,62.17,324.32,160.66,16272.76,2952.26,-73030.75,-99.5099999999998,-426.990000000005,No Change
Aug 2043,State,GFDL,High,Low,25252.46,384.69,37.97,186.62,341.87,117.23,184.93,41.6,425.14,0,-73.99,0,24442.64,85.39,224,137.3,24889.32,2960.22,-73195.65,7.96000000000004,-164.900000000009,No Change
Sep 2043,State,GFDL,High,Low,14811.48,207.39,38.68,143.28,197.69,96.78,178.74,38.47,236.12,0,-47,0,14367.96,48.91,202.71,95.08,14714.63,3104.19,-73125.13,143.969999999999,70.5200000000041,No Change
Oct 2043,State,GFDL,High,Low,13753.83,200.68,36.42,112.1,188.78,65.06,96.59,16.41,215.31,0,-50.09,0,13337.85,51.38,105.54,27.13,13521.85,3142.65,-73171.37,38.46,-46.2399999999761,No Change
Nov 2043,State,GFDL,High,Low,460.5,6.96,48.64,23.61,80.06,45.36,55.91,3.84,13.98,0,-31.33,0,439.56,28.62,61.95,1.7,531.83,3241.02,-73113.44,98.3700000000008,57.9299999999785,No Change
Dec 2043,State,GFDL,High,Low,6912.82,88.42,47.51,123.18,94.3,76.45,49.68,1.96,99.86,0,-41.81,0,6724.54,36.68,51.62,0,6812.84,3265.85,-73184.58,24.8299999999995,-71.1399999999994,No Change
Jan 2044,State,GFDL,High,Low,8242.16,148.53,47.14,98.19,129.69,31.02,49.72,2.08,168.96,0,-49.85,0,7924.68,48.65,54.8,0,8028.13,3279.79,-73174.21,13.9400000000001,10.3700000000099,No Change
Feb 2044,State,GFDL,High,Low,4315.29,61.2,51.02,105.91,67.64,56.21,49.78,2.28,77.67,0,-43.75,0,4176.41,38.62,58.46,0.03,4273.53,3371.28,-73102.74,91.4899999999998,71.4699999999866,No Change
Mar 2044,State,GFDL,High,Low,3575.41,90.03,69.49,131.21,60.09,70.5,67.49,6.6,85.34,0,-42.41,0,3400.07,81.13,83.81,8.81,3573.82,3371.72,-73116.33,0.440000000000055,-13.5899999999965,No Change
Apr 2044,State,GFDL,High,Low,3083.8,212.39,226.87,218.9,192.26,83.95,234.31,55.94,62.96,0,-27.74,0,2808.43,139.75,234.73,38.33,3221.25,3338.38,-73143.08,-33.3399999999997,-26.75,No Change
May 2044,State,GFDL,High,Low,3026.87,169.09,335.3,207.55,342.09,136.6,312.7,76.44,55.58,0,-58.25,0,2802.19,149.59,330.31,109.2,3391.31,3390.34,-73324.56,51.96,-181.479999999996,No Change
Jun 2044,State,GFDL,High,Low,3850.02,96.11,224.47,147.77,375.32,269.52,354.87,87.72,53.86,0,-34.55,0,3700.05,101.56,406.59,166.09,4374.3,3501.76,-73672.68,111.42,-348.119999999995,No Change
Jul 2044,State,GFDL,High,Low,21493.12,291.85,50.03,247.68,252.41,185.77,223.79,51.22,320.06,0,-50.74,0,20881.21,78.27,284.97,154.18,21398.65,3468.1,-74086.61,-33.6600000000003,-413.930000000022,No Change
Aug 2044,State,GFDL,High,Low,11629.73,185.56,38.47,179.67,225.23,222.96,314.48,76.84,205.53,0,-33.38,0,11238.65,75.47,345.87,139.1,11799.09,3422.33,-74144.05,-45.77,-57.4399999999878,No Change
Sep 2044,State,GFDL,High,Low,12314.09,194.68,58.67,182.53,211.08,160.49,247.86,58.21,198.71,0,-43.68,0,11920.71,63.92,272.37,110.05,12367.07,3316.34,-74348.62,-105.99,-204.569999999992,No Change
Oct 2044,State,GFDL,High,Low,5366.62,87.37,125.84,185.15,129.55,117.15,229.54,51.94,93.36,0,-32.54,0,5185.89,48.22,218.45,54.43,5507.01,3284.19,-74493.31,-32.1500000000001,-144.690000000002,No Change
Nov 2044,State,GFDL,High,Low,3886.23,98.06,108.8,121.71,112.4,45.77,58.11,4.29,98.32,0,-38.46,0,3689.84,56.98,63.08,1.85,3811.76,3255.75,-74664.5,-28.4400000000001,-171.190000000017,No Change
Dec 2044,State,GFDL,High,Low,1864.04,37.03,60.58,114.8,67.98,92.41,50.06,1.96,33.57,0,-33.37,0,1793.45,40.6,52.09,0,1886.15,3313.11,-74660.32,57.3600000000001,4.18000000002212,No Change
Jan 2045,State,GFDL,High,Low,5523.15,102.46,54.95,79.53,106.71,31.73,50.09,2.07,114.08,0,-42.47,0,5306.61,45.39,53.26,0,5405.25,3284.66,-74708.19,-28.4500000000003,-47.8700000000099,No Change
Feb 2045,State,GFDL,High,Low,900.64,17.74,67.85,99.42,47.62,68.2,50.12,2,18.62,0,-29.37,0,864.29,36.1,57.15,0,957.56,3354.35,-74684.56,69.6900000000005,23.6300000000047,No Change
Mar 2045,State,GFDL,High,Low,5217.56,127.94,116.2,193.36,74.48,62.76,73.22,8.21,126.49,0,-45.04,0,4963.13,84.1,89.92,6.4,5143.57,3324.72,-74743.43,-29.6300000000006,-58.8699999999953,No Change
Apr 2045,State,GFDL,High,Low,2706.09,80.97,180.76,185.88,156.4,122.32,238.53,57.13,52.33,0,-26.45,0,2572.8,68.21,236.06,38.72,2915.8,3311.51,-74733.38,-13.2099999999996,10.0499999999884,No Change
May 2045,State,GFDL,High,Low,8053.15,184.54,274.64,181.27,362.74,158.25,227.7,52.35,115.86,0,-41.99,0,7752.76,115.38,270.91,121.04,8260.08,3290.92,-74927.62,-20.5900000000001,-194.239999999991,No Change
Jun 2045,State,GFDL,High,Low,3424.39,70.23,150.21,118.25,330.8,291.42,351.64,86.68,42.07,0,-9.87,0,3312.09,72.66,395.78,164.07,3944.58,3399.85,-75150.11,108.93,-222.49000000002,No Change
Jul 2045,State,GFDL,High,Low,5416.01,72.52,55.53,94.87,274.22,251.02,372.79,89.26,83.83,0,-20.89,0,5259.64,30.86,404.18,163.81,5858.49,3308.45,-75546.97,-91.4000000000005,-396.860000000001,No Change
Aug 2045,State,GFDL,High,Low,21995.54,387.51,36.3,162.37,356.19,121.16,242.16,57.62,416.03,0,-64.66,0,21191.99,91.1,268.05,137.3,21688.45,3211.04,-75931.36,-97.4099999999999,-384.38999999997,No Change
Sep 2045,State,GFDL,High,Low,13136.41,204.78,34.97,130.76,214.54,123.72,234.61,54.26,222.34,0,-42.37,0,12709.28,60.54,252.52,102.21,13124.57,3362.55,-75901.84,151.51,29.519999999975,No Change
Oct 2045,State,GFDL,High,Low,314.97,5.29,30.69,69.7,84.8,134.54,256.18,58.09,4.32,0,-9.89,0,305.36,25.9,234.42,47.55,613.26,3381.16,-76004.4,18.6099999999997,-102.559999999983,No Change
Nov 2045,State,GFDL,High,Low,2109.48,46.35,48.64,68.48,78.86,57.01,130.47,23.68,53.04,0,-33.34,0,2010.08,37.97,120.88,9.44,2178.38,3295.08,-76255.6,-86.0799999999999,-251.200000000012,No Change
Dec 2045,State,GFDL,High,Low,1678.1,41,42.86,101.16,70.05,92.72,50.44,1.96,47.59,0,-32.22,0,1589.51,37.59,52.82,0,1679.93,3302.84,-76352.11,7.76000000000022,-96.5100000000093,No Change
Jan 2046,State,GFDL,High,Low,3169.01,47.33,42.5,57.34,73.96,32.64,50.47,2.07,69.72,0,-38.96,0,3051.95,30.13,53.82,0,3135.89,3275.82,-76385.21,-27.0200000000004,-33.0999999999913,No Change
Feb 2046,State,GFDL,High,Low,3025.61,40.57,47.44,99.58,54.04,61.48,50.53,1.93,57.64,0,-38.36,0,2927.41,34.22,57.33,0.01,3018.98,3311.7,-76402.83,35.8800000000001,-17.6199999999808,No Change
Mar 2046,State,GFDL,High,Low,4456.88,82.74,67.05,140.87,69.55,90.54,89.33,12.21,104.33,0,-35.42,0,4269.8,65.33,104.31,9.49,4448.93,3295.49,-76432.15,-16.21,-29.3200000000215,No Change
Apr 2046,State,GFDL,High,Low,1347.5,40.95,160.36,151.18,167.83,164.07,261.93,62.15,32.61,0,-12.54,0,1273.95,58.91,258.03,52.92,1643.82,3247.31,-76449.83,-48.1799999999998,-17.6800000000076,No Change
May 2046,State,GFDL,High,Low,1816.29,62.2,125.6,88.63,233.04,202.7,321.43,76.25,27.1,0,-15.05,0,1726.98,83.9,337.81,125.59,2274.24,3192.82,-76682.45,-54.4900000000002,-232.619999999981,No Change
Jun 2046,State,GFDL,High,Low,11130.55,137.41,67.67,107.91,292.34,210.48,257.6,59.92,151.35,0,-43.98,0,10841.79,59.3,318.78,159.24,11379.09,3130.56,-77041.19,-62.2599999999998,-358.740000000005,No Change
Jul 2046,State,GFDL,High,Low,23582.84,320.84,33.81,179.93,323.85,144.22,182.84,40.07,353.1,0,-67.07,0,22908.92,62.15,239.45,147.14,23357.65,3091.34,-77290.73,-39.2199999999998,-249.540000000008,No Change
Aug 2046,State,GFDL,High,Low,16373.5,212.19,32.93,155.3,240.66,158.79,224.8,51.84,250.63,0,-41.51,0,15910.67,49.45,272.81,135.54,16368.48,3174.3,-77294.63,82.96,-3.89999999997963,No Change
Sep 2046,State,GFDL,High,Low,12761.09,154.53,31.81,131.39,186.93,132.37,188.7,40.89,190.89,0,-36.88,0,12415.67,37.26,227.55,106.14,12786.63,3156.31,-77394,-17.9900000000002,-99.3700000000099,No Change
Oct 2046,State,GFDL,High,Low,13082.42,187.3,30.97,100.88,187.58,65,128.36,24.26,215.96,0,-44.62,0,12679.17,39.43,137.82,51.36,12907.76,3131.15,-77493.96,-25.1599999999999,-99.9600000000064,No Change
Nov 2046,State,GFDL,High,Low,3144.79,59.79,51.86,38.53,123.03,46.22,79.19,9.88,75.53,0,-39.28,0,3009.47,35.56,82.8,4.4,3132.25,3220.03,-77478.09,88.8799999999997,15.8700000000099,No Change
Dec 2046,State,GFDL,High,Low,8520.15,157.34,44.01,84.01,138.76,24.75,50.77,1.96,162.92,0,-46.55,0,8199.88,49.86,54.39,0,8304.13,3283.35,-77515.55,63.3200000000006,-37.4599999999919,No Change
Jan 2047,State,GFDL,High,Low,5680.38,96.04,43.99,79.04,95.24,31.7,50.8,2.08,95.65,0,-43.22,0,5488.68,40.68,54.74,0,5584.1,3391.8,-77447.99,108.449999999999,67.5599999999977,No Change
Feb 2047,State,GFDL,High,Low,5185.08,91.06,46.98,120.61,76.62,57.7,50.83,2.23,92.55,0,-48.57,0,5001.49,47.09,58.06,0,5106.6,3449.3,-77444.28,57.5000000000005,3.70999999999185,No Change
Mar 2047,State,GFDL,High,Low,5632.79,118.8,58.28,141.89,80.69,67.11,59.3,4.78,115.33,0,-59.1,0,5398.65,80.73,80.14,2.96,5562.49,3458.74,-77448.89,9.44000000000005,-4.61000000000058,No Change
Apr 2047,State,GFDL,High,Low,1939.35,253.24,167.46,147.61,304.52,87.74,258.32,62.39,48.4,0,-74.49,0,1637.72,130.81,256.15,45.54,2070.24,3446.68,-77450.13,-12.0599999999999,-1.24000000000524,No Change
May 2047,State,GFDL,High,Low,1845.17,401.34,782.5,587.54,592.74,155.59,319.28,77,25.79,0,-58.91,0,1418.01,218.08,347.49,122.52,2106.08,3603.25,-77717.69,156.57,-267.559999999969,No Change
Jun 2047,State,GFDL,High,Low,3650.56,162.23,417.55,318.45,385.23,287.05,354.43,87.27,49.27,0,-22.55,0,3439.06,185.69,410.9,165.54,4201.21,3935.19,-78115.59,331.94,-397.900000000023,No Change
Jul 2047,State,GFDL,High,Low,7757.06,188.02,70.51,161.42,279.95,323.02,347.35,85.32,124.91,0,-16.38,0,7444.14,156.55,405.71,161.98,8168.39,3889.62,-78521.58,-45.5699999999997,-405.989999999991,No Change
Aug 2047,State,GFDL,High,Low,8182.25,148.42,46.99,149.5,246.46,284.41,310.6,74.82,119.73,0,-21.76,0,7914.07,105.65,354.01,140.11,8513.85,3702.87,-78837.07,-186.75,-315.490000000005,No Change
Sep 2047,State,GFDL,High,Low,2661.86,27.57,40.34,88.93,188.66,240.35,278.2,64.81,25.83,0,-11.85,0,2608.45,42.5,297.61,102.61,3051.2,3546.7,-79114.99,-156.17,-277.919999999998,No Change
Oct 2047,State,GFDL,High,Low,12530.01,175.42,37.66,121.56,157.87,77.25,116.05,21.44,179.12,0,-43.58,0,12175.46,54.48,126.81,41.39,12398.14,3410.79,-79417.01,-135.91,-302.020000000004,No Change
Nov 2047,State,GFDL,High,Low,3547.52,74.23,50.68,76.43,96.8,53.08,74.9,8.36,88.44,0,-38.34,0,3384.84,43.08,80.28,5.11,3513.31,3459.21,-79417.46,48.4200000000001,-0.44999999999709,No Change
Dec 2047,State,GFDL,High,Low,3009.27,50.22,39.52,104.27,77.73,93.71,51.12,1.97,62.73,0,-36.15,0,2896.3,37.6,54.67,0,2988.56,3489.2,-79439,29.9899999999998,-21.5400000000081,No Change
Jan 2048,State,GFDL,High,Low,6822.98,94.81,38.51,84.67,92.9,33.08,51.15,2.08,117.67,0,-44.63,0,6610.49,33.47,56.47,0,6700.43,3467.69,-79461.52,-21.5099999999998,-22.5200000000041,No Change
Feb 2048,State,GFDL,High,Low,4415.68,67.75,41.63,106.22,60.16,56.49,51.17,2.05,80.39,0,-38.85,0,4267.53,38.36,59.63,0.01,4365.52,3520.05,-79437.54,52.3600000000001,23.9800000000105,No Change
Mar 2048,State,GFDL,High,Low,6422.4,144.42,54.25,152.19,63.5,60.12,59.24,4.35,133.92,0,-41.24,0,6144.05,84.33,72.84,6.93,6308.13,3513.2,-79445.11,-6.84999999999991,-7.56999999999243,No Change
Apr 2048,State,GFDL,High,Low,2227.32,162.71,119.29,135.66,146.58,89.17,215.89,50.06,45.15,0,-23.07,0,2019.45,112.02,219.09,31,2381.54,3498.62,-79414.24,-14.5800000000004,30.8699999999953,No Change
May 2048,State,GFDL,High,Low,11241.76,253.86,504.8,431.04,335.66,96.56,213.31,47.66,176.31,0,-56.03,0,10811.6,144.53,246.94,106.25,11309.36,3502.75,-79588.92,4.13000000000011,-174.680000000008,No Change
Jun 2048,State,GFDL,High,Low,9106.54,160.12,238.36,190.92,373.19,222.84,285.8,68.81,143.47,0,-45.99,0,8802.95,103.21,356.2,167.68,9430.02,3660.55,-79740.55,157.8,-151.62999999999,No Change
Jul 2048,State,GFDL,High,Low,24494.48,341.09,47.65,249.86,278.15,164.14,202.95,45.71,374.42,0,-62.5,0,23778.97,87.4,271.26,156.72,24294.34,3671.68,-80027.74,11.1299999999997,-287.190000000002,No Change
Aug 2048,State,GFDL,High,Low,28606.63,409.99,43.66,266.33,282.8,134.31,166.12,34.75,442.68,0,-61.7,0,27753.97,100.56,214.68,133.83,28203.03,3671.67,-80029.79,-0.00999999999976353,-2.05000000001746,No Change
Sep 2048,State,GFDL,High,Low,15238.16,218.79,35.96,215.15,178.3,153.92,203.58,44.82,237.44,0,-49.2,0,14781.92,64.43,227.28,92.5,15166.15,3736.84,-79914.03,65.1700000000001,115.760000000009,No Change
Oct 2048,State,GFDL,High,Low,6568.67,103.92,33.74,129.4,127.16,126.54,208.99,45.98,112.61,0,-37.82,0,6352.14,45.49,205.21,49.08,6651.91,3692.68,-79977.05,-44.1599999999999,-63.0199999999895,No Change
Nov 2048,State,GFDL,High,Low,3923.38,69.37,46.52,70.81,97.25,53.39,54.46,3.04,82.42,0,-42.47,0,3771.58,43.69,62.73,1.03,3879.03,3651.1,-80114.37,-41.5799999999999,-137.320000000007,No Change
Dec 2048,State,GFDL,High,Low,848.78,16.26,45.53,95.76,60.67,94.24,51.46,1.97,22.33,0,-35.51,0,810.18,35.12,55.62,0,900.91,3683.66,-80126.84,32.5599999999995,-12.4700000000012,No Change
Jan 2049,State,GFDL,High,Low,7465.24,134.4,44.13,89.35,126.07,31.59,51.49,2.09,159.05,0,-53.06,0,7171.76,47.79,56.63,0,7276.18,3643.93,-80189.49,-39.73,-62.6499999999942,No Change
Feb 2049,State,GFDL,High,Low,1091.8,12.6,49.47,77.82,51.34,71.1,51.51,2.08,20.04,0,-26.71,0,1059.16,30.71,60.46,0.01,1150.34,3731.14,-80132.87,87.2099999999996,56.6199999999953,No Change
Mar 2049,State,GFDL,High,Low,1197.2,24.28,62.58,115,47.97,102.72,105.14,16.27,36.07,0,-35.35,0,1136.85,62,119.4,12.95,1331.2,3700.35,-80188.95,-30.7899999999995,-56.0800000000017,No Change
Apr 2049,State,GFDL,High,Low,246.66,32.03,145.07,112.67,174.99,157.61,272.58,65.28,6.91,0,-24.68,0,207.73,71.75,272.56,61.95,613.96,3615.04,-80290.07,-85.3099999999999,-101.12000000001,No Change
May 2049,State,GFDL,High,Low,455.16,47.28,152.23,88.26,271.07,233.46,352.73,83.73,7.63,0,-14.36,0,400.25,88.01,366.94,133.13,988.33,3567.16,-80577.09,-47.8800000000001,-287.020000000004,No Change
Jun 2049,State,GFDL,High,Low,2366.56,36.23,75.1,121.17,276.87,336.35,374.21,89.86,27.28,0,-9,0,2303.04,58.65,421.77,173.71,2957.16,3506.8,-80985.96,-60.3600000000006,-408.869999999995,No Change
Jul 2049,State,GFDL,High,Low,9349.95,120.28,35.62,114.3,288.45,245.28,341.45,81.81,147.55,0,-38.78,0,9082.11,37.2,388.01,162.36,9669.66,3309.91,-81425.73,-196.889999999999,-439.770000000004,No Change
Aug 2049,State,GFDL,High,Low,13767.9,186.75,33.6,120.86,265.72,170.23,261.13,61.67,220.66,0,-40.78,0,13360.49,44.79,302.05,138.87,13846.18,3224.72,-81738.94,-85.1900000000001,-313.209999999977,No Change
Sep 2049,State,GFDL,High,Low,15466.54,167.36,29.23,129.73,198.72,125.65,170.57,34.75,209.02,0,-37.89,0,15090.16,31.68,215.33,112.09,15449.28,3217.6,-81897.4,-7.11999999999989,-158.460000000006,No Change
Oct 2049,State,GFDL,High,Low,3464.74,41.83,35.86,60.54,112.65,94.81,219.6,48.72,54.38,0,-15.94,0,3368.51,15.27,207.96,44.06,3635.8,3211.15,-81974.19,-6.44999999999982,-76.7900000000081,No Change
Nov 2049,State,GFDL,High,Low,3156.63,47.13,48.82,34.36,107.94,38.28,62.13,5.32,67.14,0,-38.6,0,3042.34,30.56,68.21,2.87,3143.97,3191.9,-82150.66,-19.2500000000005,-176.470000000001,No Change
Dec 2049,State,GFDL,High,Low,1097.77,16.84,38.14,23.74,60.37,25.26,51.8,1.96,26.24,0,-26.7,0,1054.7,22.86,53.66,0,1131.23,3250.13,-82181.83,58.2300000000005,-31.1699999999837,No Change
Jan 2050,State,GFDL,High,Low,8304.25,151.14,36.82,107.96,117.67,32.95,51.84,2.07,172.3,0,-49.82,0,7980.81,45.13,56.77,0,8082.71,3281.39,-82232.11,31.2599999999998,-50.2800000000134,No Change
Feb 2050,State,GFDL,High,Low,1747.32,23.36,39.35,89.12,48.17,74.38,51.99,1.94,37.68,0,-29.82,0,1686.27,29.64,58.6,0.08,1774.61,3359.05,-82159.36,77.6600000000003,72.75,No Change
Mar 2050,State,GFDL,High,Low,2278.94,33.59,45.04,127,38.39,107.53,90.47,12.11,51.83,0,-31.05,0,2193.55,51.8,100.25,9.66,2355.28,3324.22,-82201.59,-34.8299999999999,-42.2300000000105,No Change
Apr 2050,State,GFDL,High,Low,218.71,46.63,124.91,124.84,189.25,199,298.51,71.5,5.7,0,3.56,0,166.4,52.89,292.44,72.39,584.12,3233.19,-82268.87,-91.0300000000007,-67.2799999999988,No Change
May 2050,State,GFDL,High,Low,1578.42,75.24,174.32,95.43,303.48,218.75,333.5,78.6,23.31,0,12.9,0,1479.89,56.48,354.62,137.01,2028,3158.02,-82559.03,-75.1699999999996,-290.160000000003,No Change
Jun 2050,State,GFDL,High,Low,3136.97,45.17,56.79,59.86,194.28,162.03,374.96,84.28,41.99,0,-6.79,0,3049.79,16.62,374.97,169.51,3610.88,3143,-82914.7,-15.02,-355.669999999984,No Change
Jul 2050,State,GFDL,High,Low,8913.57,112.26,33.05,103.44,263.77,203.43,353.02,80.56,138.3,0,-35.21,0,8663.03,16.73,377.49,163.31,9220.54,3090.98,-83339.67,-52.02,-424.970000000001,No Change
Aug 2050,State,GFDL,High,Low,10794.45,140.17,31.01,96.91,252.46,165.53,289.89,66.68,174.3,0,-38.66,0,10479.97,26.02,317.5,139.64,10963.11,3046.31,-83672.34,-44.6699999999996,-332.669999999998,No Change
Sep 2050,State,GFDL,High,Low,5480.58,83.5,30.53,66.18,191.45,152.45,291.65,66.27,103.19,0,-28.29,0,5293.86,37.15,297.6,106.94,5735.57,3038.93,-83899.51,-7.38000000000011,-227.169999999984,No Change
Oct 2050,State,GFDL,High,Low,12687.55,198.99,30.47,97.81,192.26,65.12,137.42,26.38,214.02,0,-47.34,0,12274.55,51.83,141.64,50.56,12518.58,3005.71,-84156.97,-33.2200000000003,-257.460000000021,No Change
Nov 2050,State,GFDL,High,Low,3723.86,62.13,42.92,38.99,111.32,39.86,79.48,9.95,81.75,0,-38.78,0,3579.98,33.38,82.07,4.72,3700.15,3102.22,-84151.85,96.5100000000002,5.11999999999534,No Change
Dec 2050,State,GFDL,High,Low,10088.15,124.08,38.42,118.54,114.11,63.57,52.15,1.96,147.58,0,-42.15,0,9816.48,35.58,53.5,0,9905.54,3161.15,-84183.13,58.9299999999998,-31.2799999999988,No Change
Jan 2051,State,GFDL,High,Low,5909,72.16,37.66,81.09,78.29,34.04,52.18,2.07,100.28,0,-43.7,0,5736.56,28.2,54.62,0,5819.4,3208.38,-84127.88,47.23,55.2499999999854,No Change
Feb 2051,State,GFDL,High,Low,4785.82,71.02,42.15,111.06,65.54,57.89,52.22,2.27,97.88,0,-42.31,0,4616.89,36.82,58.78,0,4712.49,3248.06,-84121.39,39.6799999999998,6.49000000000524,No Change
Mar 2051,State,GFDL,High,Low,5627.49,127.19,76.71,164.05,67.31,66.84,69.69,7.26,150.05,0,-41.51,0,5350.24,80.88,86.08,5.02,5522.22,3246.83,-84115.74,-1.23000000000002,5.65000000002328,No Change
Apr 2051,State,GFDL,High,Low,5663.09,124.63,150.86,143.71,198.29,115.45,222.41,52.14,119.37,0,-44.22,0,5419.07,93.21,222.06,38.24,5772.58,3223.63,-84074.62,-23.1999999999998,41.1199999999808,No Change
May 2051,State,GFDL,High,Low,5987.66,143.28,151.51,105.96,248.46,137.41,272.16,64.57,98.73,0,-52.29,0,5745.66,130.07,292.75,104.77,6273.25,3254.65,-84207.98,31.02,-133.360000000001,No Change
Jun 2051,State,GFDL,High,Low,8012.68,135.13,127.54,154.76,281.67,230.62,301.67,72.05,112.73,0,-61.96,0,7764.84,118.8,354.94,157.03,8395.61,3280.52,-84473.9,25.8700000000003,-265.919999999984,No Change
Jul 2051,State,GFDL,High,Low,13254.84,175.05,54.54,206.99,252.65,246.34,287.91,68.74,193.02,0,-53.58,0,12886.75,69.87,341.27,153.08,13450.98,3206.24,-84809.79,-74.2800000000007,-335.890000000014,No Change
Aug 2051,State,GFDL,High,Low,14989.68,249.22,43.67,165.67,251.04,136.83,289.94,70.05,282.47,0,-60.09,0,14457.95,73.12,312.67,135.81,14979.57,3090.43,-85042.55,-115.809999999999,-232.759999999995,No Change
Sep 2051,State,GFDL,High,Low,10831.87,117.15,35.36,112.93,184.54,139.75,205.47,44.55,152.76,0,-38.91,0,10561.94,33.71,238.55,105.27,10939.46,3111.85,-85175.87,21.4200000000001,-133.319999999992,No Change
Oct 2051,State,GFDL,High,Low,10537.07,139.82,35.72,100.28,153.62,60.53,172.08,36.46,171.58,0,-51.15,0,10225.68,33.32,167.29,37.68,10463.97,3079,-85328.19,-32.8500000000004,-152.320000000007,No Change
Nov 2051,State,GFDL,High,Low,2434.78,41.33,54.33,33.38,110.25,35.13,60.87,4.61,63.91,0,-44.98,0,2329.52,32.18,65.86,2.12,2429.72,3140.4,-85381.09,61.3999999999996,-52.9000000000087,No Change
Dec 2051,State,GFDL,High,Low,6926.72,107.35,48.03,53.41,136.19,25.6,52.51,1.96,125.99,0,-49.62,0,6693.36,41,54.7,0,6789.08,3205.91,-85420.56,65.5100000000002,-39.4699999999866,No Change
Jan 2052,State,GFDL,High,Low,3780.89,70.02,48.86,75.8,84.26,31.92,52.53,2.07,89.16,0,-47.19,0,3621.7,37.95,56.91,0,3716.54,3312.31,-85394.7,106.4,25.859999999986,No Change
Feb 2052,State,GFDL,High,Low,3224.42,53,54.13,101.97,66.69,56.31,54,2.44,73.81,0,-46.49,0,3097.6,41.29,62.61,0.61,3202.08,3358.16,-85403.18,45.8499999999999,-8.47999999998137,No Change
Mar 2052,State,GFDL,High,Low,423.44,23.57,83.65,115.5,72.05,122.99,136.96,24.71,9.26,0,-24.05,0,390.64,66.72,142.59,13.02,612.93,3357.49,-85428.01,-0.669999999999618,-24.8300000000017,No Change
Apr 2052,State,GFDL,High,Low,226.45,40.89,170.42,127.33,184.49,159.32,282.24,67.81,6.6,0,-22.78,0,178.96,81.61,273.56,65.79,599.9,3276.22,-85568.08,-81.2700000000004,-140.069999999992,No Change
May 2052,State,GFDL,High,Low,1001.32,72.58,197.59,87.64,272.89,177.29,349.66,82.59,11.28,0,-36.38,0,917.5,123.33,362.81,139.09,1542.71,3242.27,-85864.47,-33.9499999999998,-296.390000000014,No Change
Jun 2052,State,GFDL,High,Low,4053.3,68.9,107.59,90.18,301.11,240.83,360.31,86.3,59.1,0,-50.04,0,3925.29,76.05,402.07,169.58,4572.98,3242.11,-86295.74,-0.159999999999854,-431.270000000004,No Change
Jul 2052,State,GFDL,High,Low,10264.49,130.19,43.77,124.31,291.86,231.15,348.54,83.8,157.51,0,-50.2,0,9976.8,39.13,390.57,164.68,10571.17,3174.35,-86730.24,-67.7600000000002,-434.499999999985,No Change
Aug 2052,State,GFDL,High,Low,25580.47,391.85,36.82,195.8,339.1,111.53,205.66,46.57,434.07,0,-75.2,0,24754.53,80.52,238.65,138.17,25211.88,3109.26,-87052.37,-65.0899999999997,-322.130000000005,No Change
Sep 2052,State,GFDL,High,Low,1459.75,16.29,30.89,64.95,202.66,239.71,335.67,79.12,37.96,0,-11.54,0,1405.52,30.84,344.61,116.82,1897.77,3257.23,-86990.77,147.97,61.6000000000058,No Change
Oct 2052,State,GFDL,High,Low,4150.07,46.54,30.06,57.97,119.24,93.59,211.42,45.24,72.96,0,-30.2,0,4030.56,23.18,201.53,48.99,4304.29,3132.09,-87337.69,-125.14,-346.920000000013,No Change
Nov 2052,State,GFDL,High,Low,2608.02,30.65,40.8,25.95,91.82,36.45,66.62,5.93,50.08,0,-38.45,0,2527.29,28.56,70.54,3.46,2629.87,3122.4,-87510.11,-9.69000000000051,-172.419999999984,No Change
Dec 2052,State,GFDL,High,Low,2934.96,31.32,39.12,28.43,78.76,25.85,52.88,1.96,49.96,0,-34.14,0,2853.67,23.22,54.77,0,2931.67,3167.91,-87562.64,45.5100000000002,-52.5299999999988,No Change
Jan 2053,State,GFDL,High,Low,6051.56,119.97,38.59,86.09,106.32,29.02,52.91,2.07,143.6,0,-47.85,0,5787.98,43.04,57.09,0.01,5888.11,3216.93,-87597.69,49.0200000000004,-35.050000000032,No Change
Feb 2053,State,GFDL,High,Low,4379.98,73.31,42.94,102.69,76.68,57.91,61.17,3.93,100.32,0,-46.51,0,4206.36,41.27,66.16,6.09,4319.88,3287.95,-87552.78,71.0199999999995,44.910000000018,No Change
Mar 2053,State,GFDL,High,Low,1690.54,32.48,52.32,111.3,63.54,118.46,92.82,12.81,34.74,0,-23.22,0,1623.3,51.65,106.83,9.03,1790.83,3297.79,-87562.32,9.84000000000015,-9.54000000000815,No Change
Apr 2053,State,GFDL,High,Low,165.12,34.41,178.43,166.7,177.72,194.96,300.35,71.12,5.77,0,4.59,0,124.93,58.79,290.11,69.7,543.52,3216.03,-87639.8,-81.7600000000002,-77.4799999999814,No Change
May 2053,State,GFDL,High,Low,5104.61,117.41,187.57,105.3,303.97,171.8,281.48,65.87,82.94,0,-25.38,0,4904.23,92.86,309.89,125.24,5432.27,3137.91,-87928.34,-78.1199999999999,-288.540000000023,No Change
Jun 2053,State,GFDL,High,Low,7284.49,92.84,69.15,66.07,272.9,207.45,282.73,64.26,91.28,0,-17.27,0,7100.37,47.76,332.88,160.56,7641.54,3175.8,-88211.64,37.8900000000003,-283.299999999988,No Change
Jul 2053,State,GFDL,High,Low,19220.13,273.63,32.57,162.84,320.19,169.64,261.48,61.8,313.04,0,-63.69,0,18633.46,56.48,308.68,156.15,19154.81,3126.82,-88516.62,-48.9800000000005,-304.98000000001,No Change
Aug 2053,State,GFDL,High,Low,22126.51,340.98,31.9,168.94,322.71,125.63,226.48,52,388.59,0,-67.67,0,21396.93,74.56,261.21,138.28,21870.96,3168.33,-88623.08,41.5100000000002,-106.459999999992,No Change
Sep 2053,State,GFDL,High,Low,5106.3,41.31,28.87,95.2,181.58,222.14,252.42,56.5,52.9,0,-8.06,0,5012.07,23.6,275.19,101.46,5412.34,3278.68,-88614.91,110.35,8.16999999999825,No Change
Oct 2053,State,GFDL,High,Low,3338.93,35.36,28.38,64,105.68,115.67,218.64,47.89,41.08,0,-15.77,0,3262.51,25.48,210.25,49.91,3548.13,3158.85,-88867.44,-119.829999999999,-252.529999999984,No Change
Nov 2053,State,GFDL,High,Low,1529.63,17.62,39.08,24.2,79.22,38.51,59.23,3.79,34.32,0,-35.7,0,1477.7,27.49,63.26,1.28,1569.76,3109.35,-89062.8,-49.5000000000005,-195.360000000015,No Change
Dec 2053,State,GFDL,High,Low,17679.73,254.05,38.44,178.82,168.17,48.76,53.24,1.96,274.36,0,-56.95,0,17151.33,51.23,54.74,0,17257.3,3142.22,-89120.89,32.8700000000003,-58.089999999982,No Change
Jan 2054,State,GFDL,High,Low,8127.25,139.99,37.28,97.7,120.08,33.97,53.27,2.07,168.67,0,-51.27,0,7818.58,44.74,58.06,0,7921.4,3258.16,-88954.75,115.94,166.139999999985,No Change
Feb 2054,State,GFDL,High,Low,3410.51,44.33,42.71,95.51,58,61.79,60.7,4.34,69.81,0,-40.01,0,3296.37,35.36,65.23,5.45,3402.4,3337.34,-88888.51,79.1800000000003,66.2400000000198,No Change
Mar 2054,State,GFDL,High,Low,4443.04,70.56,53.42,138.22,56.44,91.53,82.83,10.5,92.58,0,-40.69,0,4279.89,61.62,98.47,10.36,4450.32,3324.67,-88920.51,-12.6700000000001,-32.0000000000146,No Change
Apr 2054,State,GFDL,High,Low,3851.73,80,134.84,147.39,172.36,144.6,238.36,56.27,81.1,0,-26.26,0,3690.6,65.99,239.25,47.64,4043.49,3263.41,-88951.31,-61.2600000000002,-30.8000000000029,No Change
May 2054,State,GFDL,High,Low,2813.93,90.62,193.88,95.39,295.78,197.79,300.76,71.11,35.5,0,-16.4,0,2687.8,107.53,318.69,114.86,3228.9,3234.02,-89126.22,-29.3899999999999,-174.909999999989,No Change
Jun 2054,State,GFDL,High,Low,9069.51,162.68,120.49,129.08,317.93,215.68,311.24,75,135.79,0,-54.03,0,8771.08,105.87,360.79,163.13,9400.87,3242.97,-89451.64,8.95000000000027,-325.420000000027,No Change
Jul 2054,State,GFDL,High,Low,18718.66,289.9,44.02,169.09,328.57,160.85,295.87,71.8,318.5,0,-71.08,0,18110.25,68.21,335.07,157.72,18671.26,3220.68,-89769.3,-22.29,-317.659999999989,No Change
Aug 2054,State,GFDL,High,Low,30865.17,512.36,44.06,264.83,355.98,84.79,219.61,49.64,549.1,0,-91.4,0,29803.71,111.81,237.71,137.45,30290.66,3277.38,-89903.68,56.6999999999998,-134.380000000005,No Change
Sep 2054,State,GFDL,High,Low,8126.23,111.31,48.03,106.02,195.84,153.08,262.92,60.94,133.35,0,-37.74,0,7881.56,48.28,286.55,104.17,8320.59,3480.83,-89753.4,203.45,150.279999999999,No Change
Oct 2054,State,GFDL,High,Low,797.1,13.08,40,48.27,111.96,121.58,254.38,56.1,14.93,0,-7.33,0,769.1,21.77,236.49,53.37,1080.75,3439,-89963.9,-41.8299999999999,-210.499999999985,No Change
Nov 2054,State,GFDL,High,Low,4335.82,61.15,54.95,38.95,119.25,38.71,80.88,9.62,68,0,-44.73,0,4206.66,41.33,84.63,6.05,4338.65,3391.13,-90207.92,-47.8699999999999,-244.020000000019,No Change
Dec 2054,State,GFDL,High,Low,4349.14,75.69,51.34,121.88,97.2,86.07,53.62,1.96,87.43,0,-47.08,0,4186.01,41.11,56.98,0,4284.1,3458.27,-90261.93,67.1400000000003,-54.0099999999948,No Change
Jan 2055,State,GFDL,High,Low,7394.72,138.57,49.7,108.61,118.78,33.46,53.64,2.08,153.84,0,-55.73,0,7102.32,50.09,57.49,0,7209.89,3464.06,-90273.19,5.78999999999951,-11.2600000000093,No Change
Feb 2055,State,GFDL,High,Low,862.03,14.41,54.68,83.73,48.72,67.83,53.67,2.07,19.61,0,-32.57,0,828.02,37.04,59.52,0,924.55,3543.4,-90226.64,79.3399999999997,46.550000000032,No Change
Mar 2055,State,GFDL,High,Low,7946.64,189.66,104.41,193.31,118.64,60.52,74.45,7.68,176.91,0,-61.16,0,7580.08,103.82,90.88,6,7780.79,3516.37,-90291.17,-27.0299999999997,-64.5300000000279,No Change
Apr 2055,State,GFDL,High,Low,1543.28,101.23,269.59,186.32,209.47,99.36,285.29,68.52,45.04,0,-57.57,0,1397.01,132.01,277.88,53.03,1859.92,3550.36,-90248.21,33.9899999999998,42.960000000021,No Change
May 2055,State,GFDL,High,Low,9417.72,232.1,306.92,111.36,446.16,116.94,219.47,48.74,142.2,0,-94.1,0,9043.42,192.54,267.38,124.88,9628.21,3599.35,-90530.53,48.9899999999998,-282.320000000007,No Change
Jun 2055,State,GFDL,High,Low,13024.02,214.87,165.51,155.92,311.36,143.64,244.44,56.02,194.72,0,-85.56,0,12614.41,142.3,311.85,157.35,13225.94,3831.92,-90778.04,232.570000000001,-247.509999999995,No Change
Jul 2055,State,GFDL,High,Low,32826.74,425.18,57.73,301.25,303.61,145.44,164.73,33.84,460.07,0,-80.74,0,31941.47,104.26,232.55,149.95,32428.22,3876.18,-91014.66,44.2600000000002,-236.619999999981,No Change
Aug 2055,State,GFDL,High,Low,28747.4,399.5,49.87,268.1,308.1,143.77,165.1,34.11,446.98,0,-83.47,0,27900.94,100.41,222.63,137.15,28361.14,3932.66,-90916.16,56.4799999999996,98.4999999999854,No Change
Sep 2055,State,GFDL,High,Low,6649.51,86.3,41.91,110.46,193.31,196.98,242.99,55.5,108.65,0,-33.71,0,6454.56,55.13,280.53,103.5,6893.73,4005.34,-90820.77,72.6799999999998,95.3899999999994,No Change
Oct 2055,State,GFDL,High,Low,607.32,7.95,36.76,61.49,112.37,146.85,255.3,56.36,10.04,0,-14.75,0,589.36,32.48,242.49,54.28,918.57,3908.62,-91036.82,-96.7199999999993,-216.050000000003,No Change
Nov 2055,State,GFDL,High,Low,3707.44,70.61,54.09,28.08,137.12,41.28,59.45,3.49,89.55,0,-44.46,0,3547.29,45.25,65.77,1.46,3659.76,3830.58,-91294.76,-78.0400000000004,-257.940000000017,No Change
Dec 2055,State,GFDL,High,Low,2514.01,38.25,47.89,102.88,71.67,90.5,53.98,1.97,42.63,0,-37.93,0,2433.09,40.02,56.46,0,2529.58,3916.63,-91307.11,86.0499999999993,-12.3499999999767,No Change
Jan 2056,State,GFDL,High,Low,7469.36,139.87,54.02,101.11,119.83,33.58,54.01,2.09,130.04,0,-50,0,7199.45,56.52,59.3,0,7315.26,3893.35,-91354.4,-23.2799999999993,-47.2900000000081,No Change
Feb 2056,State,GFDL,High,Low,2623.15,40.71,67.95,114.82,69.65,68.23,54.05,2.09,50.88,0,-41.87,0,2531.55,34.28,60.81,0,2626.64,3972.21,-91326.25,78.8600000000001,28.1500000000087,No Change
Mar 2056,State,GFDL,High,Low,4503.1,87.67,108.18,206.08,35.46,73.32,80.86,9.45,94.09,0,-47.36,0,4321.33,75.01,96.3,5.91,4498.55,3964.76,-91369.15,-7.45000000000027,-42.9000000000087,No Change
Apr 2056,State,GFDL,High,Low,426.47,41.34,262.15,218.05,177.75,147.21,291.89,69.84,8.39,0,-29.94,0,376.75,84.84,289.92,58.89,810.39,3902.01,-91399.75,-62.7499999999995,-30.6000000000058,No Change
May 2056,State,GFDL,High,Low,2798.82,93.44,236.84,130.79,335.99,214.14,308.93,72.98,35.46,0,-20.22,0,2669.93,97.86,345.35,130.37,3243.52,3864.66,-91702.21,-37.3500000000004,-302.460000000006,No Change
Jun 2056,State,GFDL,High,Low,2838.26,47.87,130.74,120.07,313.9,306.24,357.17,85.09,30.41,0,-16.13,0,2759.98,67.01,411.45,173.9,3412.35,3877.09,-92053.27,12.4300000000003,-351.059999999998,No Change
Jul 2056,State,GFDL,High,Low,12569.78,163.62,47.12,192.65,284.35,280.3,319.33,77.26,195.64,0,-46.86,0,12210.5,60.91,382.07,165.03,12818.51,3745.36,-92484.96,-131.73,-431.690000000002,No Change
Aug 2056,State,GFDL,High,Low,17305.13,245.54,39.64,166.28,281.72,175.48,263.46,61.81,285.69,0,-50.85,0,16773.91,63.52,312.13,146.91,17296.45,3609.41,-92743.28,-135.95,-258.319999999992,No Change
Sep 2056,State,GFDL,High,Low,15900.77,228.65,31.79,144.07,223.45,123.62,205.02,44.56,251.39,0,-47.39,0,15420.71,63.93,236.94,111.84,15833.44,3605.16,-92857,-4.25,-113.719999999987,No Change
Oct 2056,State,GFDL,High,Low,4463.8,48.89,29.1,57.75,104.72,91,172.79,35.27,61.61,0,-25.86,0,4353.29,32.43,170.69,34.77,4591.15,3628.5,-92925.28,23.3400000000001,-68.2800000000279,No Change
Nov 2056,State,GFDL,High,Low,5295.3,84.02,37.8,51.81,114.48,37.94,55.08,2.28,109.11,0,-47.09,0,5102.18,40.55,60.48,0.38,5203.6,3609.01,-93061.82,-19.4899999999998,-136.539999999979,No Change
Dec 2056,State,GFDL,High,Low,522.18,6.85,36.86,93.66,42.25,87.72,54.37,1.97,15.24,0,-26,0,500.05,21.53,57.26,0,578.84,3677.89,-93052.98,68.8800000000001,8.83999999999651,No Change
Jan 2057,State,GFDL,High,Low,4924.24,59.42,36.28,63.88,75.59,35.1,54.4,2.08,81.55,0,-37.72,0,4783.27,29.02,56.09,0,4868.38,3627.54,-93116.12,-50.3500000000004,-63.1399999999994,No Change
Feb 2057,State,GFDL,High,Low,1524.17,20.83,38.86,82.23,50.96,81.46,54.43,2.1,26.33,0,-22.16,0,1477.03,30.14,60.96,0,1568.11,3664.25,-93124.6,36.71,-8.48000000001048,No Change
Mar 2057,State,GFDL,High,Low,860.19,32.35,47.51,119.73,38.88,113.85,70.93,6.42,27.99,0,-26.64,0,799.87,61.74,87.24,4.61,953.43,3625.11,-93172.76,-39.1399999999999,-48.1599999999744,No Change
Apr 2057,State,GFDL,High,Low,677.49,33.26,139.68,155.53,136.49,154.17,268.33,63.76,18.53,0,-18.32,0,625.67,53.43,258.33,37.94,975.38,3527.42,-93240.51,-97.6900000000001,-67.75,No Change
May 2057,State,GFDL,High,Low,2342.66,63.87,191.07,132.73,297.52,239.43,318.71,75.17,22.22,0,-0.0299999999999998,0,2256.55,64.18,354.04,140.46,2815.23,3455.98,-93482.83,-71.4400000000005,-242.320000000022,No Change
Jun 2057,State,GFDL,High,Low,2974.48,48.29,120.9,53.2,279.25,184.86,365.57,81.52,40.27,0,-5.11,0,2885.95,26.68,377.75,168.74,3459.11,3403.54,-93844.6,-52.4399999999996,-361.770000000004,No Change
Jul 2057,State,GFDL,High,Low,10938.91,149.91,46.9,116.86,285.27,189.31,347.58,81.08,179.39,0,-44.19,0,10609.61,28.15,383.9,165.07,11186.71,3404.23,-94262.22,0.690000000000055,-417.619999999995,No Change
Aug 2057,State,GFDL,High,Low,12228.99,172.16,35.49,104.85,282.81,173.88,295.34,68.98,204.92,0,-40.78,0,11851.89,34.6,334.33,148.04,12368.86,3382.8,-94558.58,-21.4299999999998,-296.360000000001,No Change
Sep 2057,State,GFDL,High,Low,14095.22,195.4,35.61,129.43,217.73,107.51,221.07,48.86,225.35,0,-46.76,0,13674.48,38.08,248,109.31,14069.88,3383.82,-94768.82,1.01999999999953,-210.240000000005,No Change
Oct 2057,State,GFDL,High,Low,8632.46,157.14,32.47,135.67,160.66,101.3,253.49,57.56,183.44,0,-44.07,0,8291.9,38.66,240.73,64.87,8636.18,3418.23,-94871.74,34.4100000000008,-102.919999999998,No Change
Nov 2057,State,GFDL,High,Low,862.65,11.13,49.14,62.05,54.69,49.26,104.8,15.68,24.51,0,-31.47,0,827,24.26,101.19,6.96,959.44,3432.76,-94993.18,14.5299999999997,-121.440000000002,No Change
Dec 2057,State,GFDL,High,Low,3895.39,71.51,38.83,107.57,93.1,92.88,54.75,1.96,84.55,0,-36.87,0,3739.33,39.42,55.92,0,3834.67,3426.14,-95096.24,-6.61999999999989,-103.059999999998,No Change
Jan 2058,State,GFDL,High,Low,5193.93,81.04,38.6,77.6,86.89,34.51,54.8,2.08,105.92,0,-43.75,0,5006.97,33.4,59.28,0,5099.66,3423.21,-95101.35,-2.93000000000029,-5.11000000000058,No Change
Feb 2058,State,GFDL,High,Low,4663.71,76.01,45.76,106.44,86.25,70.41,67,5.04,93.72,0,-39.62,0,4493.98,39.13,76.57,0.1,4609.75,3469,-95091.87,45.79,9.48000000001048,No Change
Mar 2058,State,GFDL,High,Low,4033.74,94.5,80.24,149.89,76.71,87.17,90.2,10.02,113.16,0,-35.35,0,3826.1,70.65,105.5,9.28,4011.54,3470.22,-95099.82,1.2199999999998,-7.94999999999709,No Change
Apr 2058,State,GFDL,High,Low,223.23,28.8,167.83,165.82,156.07,172.82,273.94,64.78,6.17,0,-5.54,0,188.25,53.09,264.04,41.4,546.77,3434.41,-95111.45,-35.8099999999999,-11.6300000000192,No Change
May 2058,State,GFDL,High,Low,4045.33,132.67,249.03,149.93,371.95,228.97,297.06,69.36,46.08,0,-16.2,0,3866.54,105,335.79,139.05,4446.39,3362.78,-95361.38,-71.6300000000001,-249.929999999978,No Change
Jun 2058,State,GFDL,High,Low,5263.38,82.05,110.17,115.69,287.56,265.74,341.17,81.84,59.84,0,-6.75,0,5121.51,61.45,389.66,171.02,5743.61,3397.66,-95698.24,34.8800000000001,-336.860000000001,No Change
Jul 2058,State,GFDL,High,Low,12687.12,183.19,42.97,133.94,301.5,208.09,335.38,80.55,211.6,0,-46.51,0,12292.36,45.32,376.53,164.55,12878.75,3289.16,-96075.48,-108.5,-377.240000000005,No Change
Aug 2058,State,GFDL,High,Low,11677.13,157.93,36.31,116.57,263.47,185.27,295.99,69.9,183.54,0,-39.54,0,11335.64,39.02,336.71,147.55,11858.92,3260.85,-96329.78,-28.3099999999999,-254.300000000003,No Change
Sep 2058,State,GFDL,High,Low,4229.42,53.16,35.49,56.16,192.76,171.1,282.29,62.6,70.68,0,-21.78,0,4105.57,32.62,301.38,112.71,4552.29,3228.46,-96559.39,-32.3899999999999,-229.609999999986,No Change
Oct 2058,State,GFDL,High,Low,2736.87,30.25,31.09,43.18,116.7,103.06,231.06,49.48,40.17,0,-20.95,0,2666.46,25.46,217.95,54.36,2964.24,3168.42,-96842.89,-60.04,-283.500000000029,No Change
Nov 2058,State,GFDL,High,Low,3654.52,63.66,42.12,28.43,115.09,37.03,73.07,6.99,80.16,0,-38.38,0,3510.69,37.66,75.1,3.77,3627.22,3145.68,-97059.61,-22.7400000000002,-216.720000000001,No Change
Dec 2058,State,GFDL,High,Low,3429.09,50.64,37.65,108.72,69.96,93.09,55.15,1.96,60.26,0,-31.84,0,3318.19,34.53,55.93,0,3408.66,3214.7,-97087.64,69.02,-28.0299999999843,No Change
Jan 2059,State,GFDL,High,Low,6896.09,118.73,36.58,86.76,106.72,35.07,55.18,2.07,146.32,0,-43.48,0,6631.07,40.36,57.43,0,6728.85,3188.81,-97112.4,-25.8899999999999,-24.7599999999802,No Change
Feb 2059,State,GFDL,High,Low,5142.38,80.84,39.01,116.44,66.67,59.15,55.21,2,103.24,0,-42.67,0,4958.28,38.58,60.24,0,5057.1,3256.13,-97062.67,67.3200000000002,49.7299999999959,No Change
Mar 2059,State,GFDL,High,Low,5028.09,75.32,52.39,145.29,45.36,85.71,56.48,2.62,98.08,0,-35.53,0,4854.7,58.3,70.16,0.65,4983.81,3256.62,-97055.3,0.489999999999782,7.36999999996624,No Change
Apr 2059,State,GFDL,High,Low,1351,33.89,129.51,135.54,165.75,184.71,278.5,66.35,30.56,0,-4.25,0,1286.55,51.1,273.17,59.83,1670.64,3199.97,-97047.26,-56.6500000000001,8.04000000003725,No Change
May 2059,State,GFDL,High,Low,871.68,50.97,132.09,86.78,263.36,238.66,357.36,84.52,9.13,0,-8.9,0,811.6,80.49,368.93,140.74,1401.76,3119.99,-97292.94,-79.98,-245.680000000022,No Change
Jun 2059,State,GFDL,High,Low,14067.99,179.92,61.27,141.04,284.17,190.44,294.59,68.84,193.6,0,-47.66,0,13694.47,54.1,342.58,172.83,14263.97,3048.59,-97706.31,-71.3999999999996,-413.37000000001,No Change
Jul 2059,State,GFDL,High,Low,18839.6,268.89,32.19,164.71,312.31,172.17,276.42,64.94,303.44,0,-56.13,0,18267.29,52.34,320.04,159.16,18798.83,3025.51,-97958.95,-23.0799999999999,-252.639999999999,No Change
Aug 2059,State,GFDL,High,Low,9265.94,104.39,33.18,98.87,275.64,241.76,288.96,68,133.98,0,-28.65,0,9027.54,33.46,339.57,147.1,9547.63,3057.05,-98082.24,31.54,-123.289999999979,No Change
Sep 2059,State,GFDL,High,Low,12837.82,167.9,34.62,130.88,210.87,131.89,237.62,52.62,199.46,0,-41.99,0,12470.47,34.65,264.97,113.5,12883.59,2972.37,-98344.97,-84.6800000000003,-262.73000000001,No Change
Oct 2059,State,GFDL,High,Low,271.13,2.16,31.89,45.33,90.04,115.6,275.06,59.91,2.81,0,1.01,0,266.14,13.26,244.84,66.54,590.8,2971.4,-98486,-0.9699999999998,-141.030000000013,No Change
Nov 2059,State,GFDL,High,Low,1363.8,18.56,39.84,21.03,81.45,34.76,78.39,8.46,37.12,0,-33.93,0,1308.13,24.62,77.56,3.55,1413.87,2916.15,-98763.87,-55.25,-277.869999999981,No Change
Dec 2059,State,GFDL,High,Low,3107.78,40.73,41.97,21.45,96.76,26.81,55.55,1.96,60.69,0,-35.76,0,3006.36,27.08,56.94,0,3090.35,2955.2,-98834.17,39.0499999999997,-70.2999999999884,No Change
Jan 2060,State,GFDL,High,Low,9606.15,164.04,40.17,115.44,128.27,30.87,55.83,2.17,189.11,0,-54.81,0,9253.01,46.19,59.54,0.17,9358.88,3021.78,-98862.82,66.5799999999999,-28.6500000000087,No Change
Feb 2060,State,GFDL,High,Low,5024.27,70.21,45.93,116.89,79.25,71.29,86.8,10.84,92.56,0,-43.46,0,4861.51,34.78,88.59,5.81,4990.67,3113.3,-98782.34,91.5200000000004,80.4799999999814,No Change
Mar 2060,State,GFDL,High,Low,4986.14,109.57,99.23,175.7,76.78,79.21,108.15,15.93,129.53,0,-39.66,0,4747.03,75.18,114.02,9.37,4945.61,3108.63,-98815.02,-4.67000000000007,-32.6799999999785,No Change
Apr 2060,State,GFDL,High,Low,1230.52,51.04,150.72,149.51,171.83,164.45,275.54,65.55,33.3,0,-13.56,0,1146.17,58.43,262.02,43.29,1509.93,3084.42,-98826.75,-24.21,-11.7300000000105,No Change
May 2060,State,GFDL,High,Low,2009.95,76.8,150.31,72.56,276.62,188.81,339.9,80.04,39.65,0,-27.16,0,1893.52,93.88,348.56,126.06,2461.97,3039.77,-99060.26,-44.6500000000005,-233.50999999998,No Change
Jun 2060,State,GFDL,High,Low,2029.14,51.66,99.21,56.25,279.42,211.5,396.1,88.84,28.4,0,-28.99,0,1949.08,55.67,408.78,178.24,2591.77,3038.91,-99433.68,-0.859999999999673,-373.420000000013,No Change
Jul 2060,State,GFDL,High,Low,14704.97,213.56,39.52,121.32,326.52,192.97,299.3,69.76,247.12,0,-52.38,0,14244.3,50.56,345.53,167.83,14808.22,3005.33,-99919.77,-33.5799999999999,-486.089999999997,No Change
Aug 2060,State,GFDL,High,Low,9042.57,113.23,36.17,98.51,263.4,214.88,306.5,71.87,149.42,0,-36.91,0,8779.92,39.28,344.59,146.29,9310.07,3022.89,-100122.4,17.5599999999999,-202.630000000005,No Change
Sep 2060,State,GFDL,High,Low,4512.75,62,34.09,75.81,209.03,189.92,329.17,76.49,94.25,0,-28.8,0,4356.49,29.96,339.42,123.04,4848.9,2961.45,-100390.8,-61.4400000000001,-268.400000000009,No Change
Oct 2060,State,GFDL,High,Low,4152.31,53.21,34.67,62.81,135.46,105.75,263.88,58.97,71.86,0,-31.31,0,4027.25,26.67,248.63,70.39,4372.92,2893.81,-100701.03,-67.6399999999999,-310.229999999996,No Change
Nov 2060,State,GFDL,High,Low,6447.9,79.72,45.5,64.46,108.54,36.29,82.3,9.93,94.58,0,-43.42,0,6273.59,31.91,83.52,5.88,6394.88,2879.78,-100935.78,-14.0300000000002,-234.75,No Change
Dec 2060,State,GFDL,High,Low,1949.02,30.19,44.72,25.57,84.9,27.6,55.96,1.96,44.18,0,-35.06,0,1874.68,27.1,55.32,0,1957.09,2940.89,-100962.83,61.1100000000006,-27.0500000000029,No Change
Jan 2061,State,GFDL,High,Low,1007.71,11.91,44.24,48.58,48.06,34.85,56.08,2,30.52,0,-32.01,0,965.28,26.35,57.24,0.06,1048.92,2996.86,-101007.7,55.9699999999993,-44.8699999999808,No Change
Feb 2061,State,GFDL,High,Low,3451.78,50.05,53.16,115.42,50.65,60.86,64.11,3.76,66.68,0,-38.32,0,3335.05,36.34,65.05,5.71,3442.15,3006.88,-101063.3,10.0200000000004,-55.6000000000204,No Change
Mar 2061,State,GFDL,High,Low,917.79,16.46,89.8,157.13,37.78,117.77,116.51,17.71,31.23,0,-23.58,0,870.09,52.7,116.86,11.86,1051.52,2991.96,-101100.98,-14.9200000000001,-37.679999999993,No Change
Apr 2061,State,GFDL,High,Low,420.2,22.11,169.74,140.13,138.76,131.08,290.53,66.75,13.2,0,2.55,0,384.92,41.44,270.49,61.97,758.83,2893.91,-101203.99,-98.0500000000002,-103.010000000009,No Change
May 2061,State,GFDL,High,Low,5265.55,79.84,120.65,44.68,252.12,117.74,292.02,63.48,81.91,0,-22.37,0,5103.8,43.85,300.62,138.65,5586.92,2854.89,-101474,-39.0199999999995,-270.009999999995,No Change
Jun 2061,State,GFDL,High,Low,8121.77,98.54,48.88,67.06,269.38,198.27,312.27,69.95,116.15,0,-26.39,0,7907.07,35.62,346.26,169.53,8458.51,2917.18,-101781.66,62.29,-307.660000000003,No Change
Jul 2061,State,GFDL,High,Low,14818.42,189.75,29.04,133.62,301.59,207.52,297.28,69.75,224.18,0,-46.1,0,14404.48,37.21,344.97,164.71,14951.34,2884.36,-102103.79,-32.8200000000006,-322.12999999999,No Change
Aug 2061,State,GFDL,High,Low,12142.45,162.87,31.06,106.4,271.99,179.65,292.95,68.71,200.45,0,-38.85,0,11779.12,34.06,331.92,149.67,12294.76,2861.02,-102317.94,-23.3399999999997,-214.149999999994,No Change
Sep 2061,State,GFDL,High,Low,11447.61,181.34,32.79,114.15,219.37,116.07,281.19,65.94,212.73,0,-44.23,0,11053.54,40.92,292.28,114.52,11501.24,2845.68,-102530.25,-15.3400000000001,-212.310000000027,No Change
Oct 2061,State,GFDL,High,Low,2035.79,22.2,28.82,37.27,96.52,79.07,245.06,53.6,41.99,0,-21.02,0,1971.6,17.34,219.73,45.35,2254.01,2871.96,-102691.51,26.2800000000002,-161.259999999995,No Change
Nov 2061,State,GFDL,High,Low,3126,55.96,43.48,23.42,114.53,35.04,67.64,5.18,78.3,0,-37.38,0,2991.75,33.92,68.92,2.97,3097.56,2861.13,-102907.35,-10.8299999999999,-215.839999999997,No Change
Dec 2061,State,GFDL,High,Low,1110.73,14.02,38.79,34.69,47.84,26.98,56.37,1.96,21.73,0,-25.27,0,1074.97,22.52,56.86,0,1154.37,2934.13,-102931.85,73,-24.5,No Change
Jan 2062,State,GFDL,High,Low,4472.02,49.95,37.71,65.54,65.51,36.58,56.4,2.07,70.62,0,-33.36,0,4351.46,26.55,57.51,0,4435.52,2952.51,-102989.8,18.3800000000001,-57.9499999999971,No Change
Feb 2062,State,GFDL,High,Low,5627.9,91.56,42.08,113.32,78.7,60.24,56.45,1.97,111.76,0,-41.65,0,5424.59,43.5,59.92,0,5528.02,2978.23,-103006.84,25.7199999999998,-17.0400000000081,No Change
Mar 2062,State,GFDL,High,Low,3669.68,69.69,69.48,156.4,47.97,90.38,64.94,4.42,76.48,0,-35.09,0,3523.51,60.22,76.84,2.91,3663.51,2991.21,-102991.17,12.98,15.6700000000128,No Change
Apr 2062,State,GFDL,High,Low,902.79,51.45,184.84,190.69,165.79,166.46,278.23,65.54,27.68,0,-12.07,0,823.68,58.36,264.73,47.55,1194.28,2932.51,-103013.22,-58.6999999999998,-22.0500000000029,No Change
May 2062,State,GFDL,High,Low,3509.91,68.86,182.62,120.51,295.82,228.37,312.44,73.3,50.03,0,-4.39,0,3391,67.92,339.74,135.95,3934.63,2879.81,-103257.85,-52.7000000000003,-244.62999999999,No Change
Jun 2062,State,GFDL,High,Low,4254.03,57.94,57.7,66.19,276.63,253.06,373.29,85.82,63.93,0,-10.84,0,4132.15,36.72,400.72,181.71,4751.31,2846.62,-103587.3,-33.1899999999996,-329.449999999997,No Change
Jul 2062,State,GFDL,High,Low,9639.09,126.63,30.45,105.85,269.15,204.63,354.64,82.96,156.06,0,-39.61,0,9356.39,26.36,379.93,167.64,9930.33,2756.93,-104003.38,-89.6900000000001,-416.080000000016,No Change
Aug 2062,State,GFDL,High,Low,14612.35,204.86,31.67,125.19,270.13,153.82,291.28,68.58,238.99,0,-42.98,0,14168.49,38,316.12,145.38,14667.97,2713.21,-104326.28,-43.7200000000003,-322.89999999998,No Change
Sep 2062,State,GFDL,High,Low,1857.7,14.71,28.94,44.56,110.38,124.19,316.65,69.96,18.23,0,0.79,0,1824.76,12.11,293.14,120.57,2250.59,2736.13,-104498.34,22.9200000000001,-172.060000000012,No Change
Oct 2062,State,GFDL,High,Low,566.71,6.89,29,31.13,88.81,88.31,296.28,64.76,11.25,0,-9.75,0,548.59,14.01,257.79,80.16,900.51,2675.87,-104846.61,-60.2600000000002,-348.26999999999,No Change
Nov 2062,State,GFDL,High,Low,134.13,3.12,39.91,9.01,63.56,34.83,79.52,8.12,4.51,0,-17.27,0,126.49,22.57,74.43,3.61,227.1,2650.09,-105156.74,-25.7799999999997,-310.130000000005,No Change
Dec 2062,State,GFDL,High,Low,1320.27,13.63,36.22,28.79,53.14,27.34,56.78,1.95,25.75,0,-24.58,0,1280.9,19.83,55.18,0,1355.89,2675.79,-105244.5,25.6999999999998,-87.7600000000239,No Change
Jan 2063,State,GFDL,High,Low,4800.83,66.45,35.33,73.87,73.64,36.68,56.82,1.96,87.16,0,-37.2,0,4647.23,28.15,56.03,0,4731.4,2701.23,-105298.15,25.4400000000001,-53.6499999999651,No Change
Feb 2063,State,GFDL,High,Low,6188.39,103.32,37.43,112.62,84.24,60,57.04,1.89,123.39,0,-39.09,0,5961.68,42.99,59.47,0.12,6064.29,2736.97,-105303.02,35.7400000000002,-4.8700000000099,No Change
Mar 2063,State,GFDL,High,Low,1626.41,46.68,43.19,115.86,57.95,121.61,111.99,15.48,40.65,0,-22.44,0,1539.1,60.11,117.53,11.07,1727.85,2756.86,-105273.96,19.8899999999999,29.0599999999831,No Change
Apr 2063,State,GFDL,High,Low,318.38,105.79,146.15,153.68,177.65,172.19,298.8,69.66,6.47,0,-2.65,0,206.12,95.39,282.67,75.51,659.7,2672.16,-105363.33,-84.7000000000003,-89.3699999999953,No Change
May 2063,State,GFDL,High,Low,2037.36,132.14,255.48,201.82,302.51,221.68,352.03,81.93,24.82,0,-1.29,0,1880.38,106.26,370.37,157.61,2514.64,2624.1,-105664.13,-48.0599999999995,-300.800000000003,No Change
Jun 2063,State,GFDL,High,Low,792.01,26.53,126.54,49.23,234.31,152.65,424.86,95.38,9.04,0,-6.09,0,756.42,28.26,400.33,186.3,1371.32,2604.63,-106068.28,-19.4700000000003,-404.149999999994,No Change
Jul 2063,State,GFDL,High,Low,6404.11,80.81,41.97,82.56,234.28,178.45,381.06,84.37,102.71,0,-29.61,0,6220.56,14.03,382.65,171.44,6788.69,2615.44,-106581.13,10.8100000000004,-512.850000000006,No Change
Aug 2063,State,GFDL,High,Low,7308.24,98.11,33.27,88.08,227.84,166.2,353.64,78.83,124.66,0,-34.7,0,7085.46,16.36,352.8,150.97,7605.59,2585.32,-106976.16,-30.1200000000003,-395.029999999984,No Change
Sep 2063,State,GFDL,High,Low,9172.56,112.04,28.69,79.57,211.56,138.22,265.16,59.05,139.29,0,-31.01,0,8921.25,18.84,279.29,121.73,9341.1,2568.97,-107311.96,-16.3500000000004,-335.800000000003,No Change
Oct 2063,State,GFDL,High,Low,5530.26,57.06,28.28,45.61,120.12,74.22,192.75,38.67,81.74,0,-24.16,0,5391.47,17.98,186.19,60.16,5655.79,2569.13,-107531.52,0.160000000000309,-219.560000000012,No Change
Nov 2063,State,GFDL,High,Low,114.1,3.27,33.44,28.44,38.26,34.36,67.75,4.81,4.33,0,-11.7,0,106.51,16.07,66.49,1.89,190.96,2582.91,-107688.17,13.7799999999997,-156.650000000009,No Change
Dec 2063,State,GFDL,High,Low,1252.33,14.52,32.13,93.66,47.53,91.56,57.21,1.95,27.5,0,-25.37,0,1210.32,22.39,55.19,0,1287.88,2583.26,-107760.38,0.350000000000364,-72.2099999999919,No Change
Jan 2064,State,GFDL,High,Low,700.29,8.22,31.35,39.63,35.67,36.68,57.24,2.06,21.14,0,-16.76,0,670.92,17.7,56.53,0,745.16,2539.28,-107813.51,-43.9800000000005,-53.1300000000047,No Change
Feb 2064,State,GFDL,High,Low,226.49,3.8,34.33,69.58,45.79,90.75,76.8,6.8,7.11,0,-7.13,0,215.59,20.65,79.35,6.08,321.66,2536.92,-107864.31,-2.35999999999967,-50.7999999999884,No Change
Mar 2064,State,GFDL,High,Low,955.55,13.4,44.33,89.35,57.03,109.67,109.58,15.78,27.77,0,-13.97,0,914.4,34.98,114.12,12.25,1075.75,2482.6,-107940.39,-54.3200000000002,-76.0800000000017,No Change
Apr 2064,State,GFDL,High,Low,661.92,12.22,102.21,82.55,149.25,157.62,274.21,61.42,9.66,0,10.66,0,640.02,29.6,254.02,70.41,994.06,2409.64,-108032.67,-72.96,-92.2800000000134,No Change
May 2064,State,GFDL,High,Low,235.54,4.11,42.16,40.42,154.43,176.51,383.46,85.19,3.53,0,-6.61,0,227.91,34.52,359.95,154.36,776.77,2360.04,-108295.55,-49.5999999999999,-262.879999999976,No Change
Jun 2064,State,GFDL,High,Low,925.66,8.55,29.74,44.52,129.95,149.82,417.27,92,10.25,0,-1.18,0,906.84,14.8,374.15,178.43,1474.23,2276.3,-108751.29,-83.7399999999998,-455.739999999991,No Change
Jul 2064,State,GFDL,High,Low,15236.45,219.24,27.18,128.06,315.37,188.02,310.83,69.81,249.95,0,-44.2,0,14767.29,35.22,336.28,170.61,15309.38,2207.58,-109245.93,-68.7200000000003,-494.640000000014,No Change
Aug 2064,State,GFDL,High,Low,19354.1,289.94,32.43,141.07,328.41,145.82,254.47,57.94,324.52,0,-54.73,0,18739.62,53.44,281.17,146.49,19220.73,2239.64,-109451.75,32.0599999999999,-205.820000000007,No Change
Sep 2064,State,GFDL,High,Low,15448.39,224.41,29.37,156.41,219.52,115.39,238.51,53.69,247.42,0,-46.75,0,14976.54,39.99,256.23,115.9,15388.65,2337.57,-109524.98,97.9300000000003,-73.2300000000105,No Change
Oct 2064,State,GFDL,High,Low,10459.37,177.37,29.43,122.45,178.35,87.57,238.35,52.86,197.03,0,-45.46,0,10084.94,39.05,222.13,64.6,10410.71,2370.29,-109625.02,32.7199999999998,-100.039999999994,No Change
Nov 2064,State,GFDL,High,Low,15342.2,269.57,45.36,106.8,228.05,25.31,59.04,2.49,304.31,0,-55.41,0,14768.3,60.82,60.9,1.48,14891.5,2424.43,-109723.52,54.1399999999999,-98.5,No Change
Dec 2064,State,GFDL,High,Low,7124.71,130.22,38.61,77.19,123.78,26.07,57.64,1.95,141.95,0,-40.27,0,6852.56,34.18,58,0,6944.73,2622.77,-109532.61,198.34,190.910000000018,No Change
Jan 2065,State,GFDL,High,Low,13711.41,251.88,37.83,124.05,186.46,30.66,57.67,2.07,267.76,0,-52.4,0,13191.77,62.27,57.77,0,13311.79,2718.12,-109486.61,95.3499999999999,46,No Change
Feb 2065,State,GFDL,High,Low,4107.63,68.58,43.09,109.67,78.96,75.84,58.25,2.43,83.21,0,-33.83,0,3955.84,32.7,63.66,0.3,4052.51,2871.76,-109326.85,153.64,159.759999999995,No Change
Mar 2065,State,GFDL,High,Low,1901.32,26.31,86.2,153.65,60.32,131.34,98.16,13.45,40.73,0,-22.57,0,1834.31,52.41,108.86,8.61,2004.18,2867.03,-109333.6,-4.73000000000002,-6.75000000001455,No Change
Apr 2065,State,GFDL,High,Low,2224.33,79.9,192.13,168.8,187.75,155.89,245.73,56.75,48.51,0,-14.08,0,2095.92,85.45,239.78,41.86,2463.04,2771.86,-109408.74,-95.1700000000001,-75.1399999999849,No Change
May 2065,State,GFDL,High,Low,1389.12,86.59,170.44,90.78,298.92,228.06,350.51,83.42,18.69,0,-25.13,0,1283.82,120.54,367.96,142.6,1914.92,2752.91,-109605.13,-18.9499999999998,-196.390000000014,No Change
Jun 2065,State,GFDL,High,Low,7926.19,161.61,155.45,158.92,350.19,268.19,332.29,79.2,104.86,0,-61.81,0,7659.73,137.96,389.27,180.17,8367.09,2722.88,-110021.25,-30.0299999999997,-416.119999999995,No Change
Jul 2065,State,GFDL,High,Low,11788.04,162.54,56.76,192.09,287.78,283.98,323.63,77.24,176.26,0,-44.59,0,11449.24,67.99,374.93,169.5,12061.63,2668.72,-110411.43,-54.1599999999999,-390.180000000008,No Change
Aug 2065,State,GFDL,High,Low,7118.66,104.41,41.42,126.33,262.78,257.42,359.27,86.31,129.34,0,-31.22,0,6884.91,45.33,384.85,152.88,7467.97,2543.96,-110695.61,-124.76,-284.179999999978,No Change
Sep 2065,State,GFDL,High,Low,6376.98,66.76,35.54,89.21,203.66,200.01,287.47,65.67,87.87,0,-16.62,0,6222.35,26.03,304.08,121.5,6673.98,2437.41,-111023.29,-106.55,-327.680000000008,No Change
Oct 2065,State,GFDL,High,Low,5528.84,95.83,31.57,74.94,129.91,69.77,241.99,52.75,115.79,0,-36.75,0,5317.22,29.08,212.01,40.84,5599.12,2358.8,-111295.32,-78.6099999999997,-272.030000000013,No Change
Nov 2065,State,GFDL,High,Low,5262.9,74.57,39.71,49.61,103.51,26.65,62.04,3.28,94.25,0,-37.46,0,5094.09,25.25,62.52,1.2,5183.04,2396.17,-111446.35,37.3699999999999,-151.029999999999,No Change
Dec 2065,State,GFDL,High,Low,2265.87,28.26,38.76,18.84,83.12,25.33,58.06,1.95,45.81,0,-30.78,0,2191.79,21.16,55.67,0,2268.61,2469.29,-111449.51,73.1199999999999,-3.15999999997439,No Change
Jan 2066,State,GFDL,High,Low,1748.73,27.86,39.05,21.48,80.66,32.65,58.12,2.06,43.72,0,-29.32,0,1677.14,26.77,57.26,0,1761.14,2527.53,-111490.55,58.2399999999998,-41.0400000000227,No Change
Feb 2066,State,GFDL,High,Low,2066.37,28.97,42.47,60.64,52.26,46.59,58.19,1.98,36.35,0,-27.46,0,2001.04,32.59,59.92,0.04,2093.6,2574.29,-111532.2,46.7600000000002,-41.6499999999942,No Change
Mar 2066,State,GFDL,High,Low,803.17,28.13,55.92,120.46,38.38,109.79,87.7,9.13,28.7,0,-20.32,0,746.34,55.34,91.06,9.97,902.71,2576.23,-111579.54,1.94000000000005,-47.3399999999965,No Change
Apr 2066,State,GFDL,High,Low,464.46,47.96,170.18,113.25,193.29,122.67,309.71,68.12,7.9,0,-10.63,0,408.61,44.87,291.01,99.68,844.16,2492.36,-111659.71,-83.8700000000003,-80.1699999999983,No Change
May 2066,State,GFDL,High,Low,687.89,37.91,189.04,64.92,284.15,150.57,381.02,84.23,8.11,0,-14.67,0,641.89,43.09,372.23,162.48,1219.69,2513.55,-112003.66,21.1900000000005,-343.950000000012,No Change
Jun 2066,State,GFDL,High,Low,821.47,12.08,53.85,43.8,207.96,204.87,418.84,91.4,10.96,0,1.59,0,798.44,17.42,402.12,179.08,1397.07,2571.7,-112469.5,58.1499999999996,-465.840000000011,No Change
Jul 2066,State,GFDL,High,Low,9748.18,125.18,33.73,100.73,280.29,212.67,348.76,78.44,150.43,0,-34.68,0,9472.57,25.23,371.38,171.95,10041.11,2500.12,-112963.49,-71.5799999999999,-493.989999999976,No Change
Aug 2066,State,GFDL,High,Low,16686.38,250.88,33.69,130.47,313.19,159.66,294.58,69.13,278.76,0,-47.66,0,16156.75,48.21,318.88,146.89,16670.7,2466.67,-113290,-33.4499999999998,-326.510000000024,No Change
Sep 2066,State,GFDL,High,Low,18327.76,259.96,30.05,172.64,228.34,105.89,216.06,46.75,285.46,0,-50.94,0,17782.37,45.87,234.92,114.39,18177.55,2526.81,-113431.23,60.1400000000003,-141.229999999967,No Change
Oct 2066,State,GFDL,High,Low,3117.65,29.19,33.3,52.47,87.64,83.21,200.58,40.74,31.11,0,-6.93,0,3057.35,12.53,182.12,37.56,3289.57,2583.63,-113480.43,56.8199999999997,-49.2000000000262,No Change
Nov 2066,State,GFDL,High,Low,4584.36,89.16,38.27,34.88,130.09,35.42,69.36,5.07,113.37,0,-34.51,0,4381.83,32.34,70.08,2.71,4486.97,2565.79,-113653.67,-17.8400000000001,-173.239999999976,No Change
Dec 2066,State,GFDL,High,Low,3828.55,85.87,38.21,75.49,89.22,42.06,58.52,1.95,99.49,0,-30.66,0,3643.21,32.09,57.34,0,3732.64,2654.66,-113641.76,88.8699999999999,11.9099999999744,No Change
Jan 2067,State,GFDL,High,Low,5187.37,109.67,38.06,91.22,91.58,36.11,59.01,2.11,123.29,0,-35.56,0,4954.38,36.62,59.86,0.22,5051.07,2701.04,-113629.49,46.3800000000001,12.2700000000041,No Change
Feb 2067,State,GFDL,High,Low,1380.85,21.49,42.8,85.55,76.17,98.44,136.97,23.08,34.31,0,-25.22,0,1325.05,26.2,132.03,13.8,1497.1,2753.51,-113598.85,52.4699999999998,30.6399999999994,No Change
Mar 2067,State,GFDL,High,Low,253.14,46.97,83.94,134.13,117.27,169.83,258.97,54.12,8.52,0,-11.52,0,197.67,60.85,237.15,51.93,547.61,2713.1,-113717.46,-40.4099999999999,-118.609999999986,No Change
Apr 2067,State,GFDL,High,Low,541.78,114.48,288.35,187.49,236.59,115.56,295.08,66.42,7.63,0,-42.67,0,419.69,136.98,279.26,77.91,913.83,2628.24,-113977.26,-84.8600000000001,-259.800000000032,No Change
May 2067,State,GFDL,High,Low,901.33,100.29,364.02,204.25,349.85,181.05,368.46,85.06,10.35,0,-28.27,0,790.67,119.52,379.87,157.15,1447.22,2698.68,-114318.86,70.4400000000001,-341.599999999977,No Change
Jun 2067,State,GFDL,High,Low,3848.66,67.07,147.32,137.35,282.65,240.05,405.72,95.69,52.43,0,-39.51,0,3729.13,73.97,418.99,178.1,4400.18,2771,-114777.32,72.3200000000002,-458.460000000006,No Change
Jul 2067,State,GFDL,High,Low,16277.86,252.47,49.1,226.58,282.47,234.38,331.65,77.81,274.5,0,-46.84,0,15750.88,73.72,363.4,170.5,16358.47,2704.63,-115252.54,-66.3699999999999,-475.220000000001,No Change
Aug 2067,State,GFDL,High,Low,12314.37,157.38,38.6,137.12,263.23,219.75,286.88,66.69,180.8,0,-32.91,0,11976.16,48.34,326.96,151.37,12502.83,2643.2,-115449.2,-61.4300000000003,-196.660000000003,No Change
Sep 2067,State,GFDL,High,Low,2729.91,37.39,31.26,49.95,188.75,187.58,313.1,70.15,50.27,0,-17.23,0,2642.26,34.77,312.36,115.93,3105.33,2579.89,-115672.86,-63.3099999999995,-223.659999999974,No Change
Oct 2067,State,GFDL,High,Low,27199.29,453.35,31.08,210.52,298.21,43.94,76.92,7.75,462.39,0,-71.26,0,26283.57,90.89,81.18,40.47,26496.1,2511.64,-115998.72,-68.25,-325.860000000001,No Change
Nov 2067,State,GFDL,High,Low,4156.48,79.33,45.11,51.82,117.59,49.44,70.55,5.55,89.39,0,-37.37,0,3987.76,41.82,72.86,2.81,4105.25,2753.89,-115717.22,242.25,281.499999999971,No Change
Dec 2067,State,GFDL,High,Low,1162.18,25.37,43.47,94.83,64.52,97.25,58.96,1.96,27.03,0,-27.59,0,1109.79,34.32,57.79,0,1201.91,2814.19,-115733,60.3000000000002,-15.7799999999988,No Change
Jan 2068,State,GFDL,High,Low,2903.07,51.43,43.82,63.88,73.56,36.67,59,2.07,66.59,0,-36.1,0,2785.06,30.6,59.13,0,2874.79,2780.65,-115790.56,-33.5400000000004,-57.5599999999686,No Change
Feb 2068,State,GFDL,High,Low,4874.45,80.64,47.36,113.66,75.11,61.12,59.26,2.19,93.09,0,-40.86,0,4700.72,41.21,62.76,0.17,4804.85,2815.3,-115816.97,34.6500000000001,-26.410000000018,No Change
Mar 2068,State,GFDL,High,Low,8449.68,193.77,72.71,150.01,131.42,72.59,105.83,14.96,183.3,0,-45.24,0,8072.57,102.91,116.04,11.18,8302.69,2823.6,-115821.96,8.30000000000064,-4.99000000000524,No Change
Apr 2068,State,GFDL,High,Low,1363.29,65.84,207.59,173.98,178.85,133.89,269.47,63.11,29.31,0,-30.76,0,1268.16,85.26,259.57,57.69,1670.71,2857.22,-115785.92,33.6199999999999,36.0399999999936,No Change
May 2068,State,GFDL,High,Low,2265.03,123.91,263.74,118.22,364.03,196.5,342.36,81.25,31.96,0,-30.58,0,2109.14,132.51,360.06,135.84,2737.54,2848.97,-116051.45,-8.25000000000045,-265.529999999984,No Change
Jun 2068,State,GFDL,High,Low,1727.03,43.75,94.65,121.51,292.82,326.02,393.17,94.18,24.66,0,-20.48,0,1658.62,70.57,423.68,170.53,2323.4,2917.5,-116446.98,68.5300000000002,-395.529999999984,No Change
Jul 2068,State,GFDL,High,Low,13117.37,178.61,38.23,192.46,281.39,283.18,319.76,75.61,204.75,0,-34.53,0,12734.02,60.71,367.72,168.43,13330.86,2759.6,-116912.3,-157.9,-465.320000000007,No Change
Aug 2068,State,GFDL,High,Low,14668.69,212.13,32.78,158.7,270.6,193.06,315.89,75.02,241.86,0,-42.06,0,14214.7,50.73,343,150.26,14758.69,2634.25,-117154.65,-125.35,-242.350000000006,No Change
Sep 2068,State,GFDL,High,Low,21364.35,261.57,29.52,170.6,226.58,129.05,141.44,24.7,281.73,0,-36.91,0,20821.07,59.87,178.56,109.53,21169.02,2609.66,-117345.98,-24.5900000000001,-191.329999999987,No Change
Oct 2068,State,GFDL,High,Low,6899.71,113.92,28.8,102.09,153.6,121.43,234.5,51.29,124.17,0,-32.33,0,6661.63,40.8,220.42,56.27,6979.11,2645.36,-117327.39,35.7000000000003,18.589999999982,No Change
Nov 2068,State,GFDL,High,Low,4341.26,97.42,43.11,49.89,130.82,47.56,95.28,12.33,109.25,0,-35.82,0,4134.59,43.21,91.2,5.42,4274.42,2640.29,-117475.04,-5.07000000000016,-147.650000000009,No Change
Dec 2068,State,GFDL,High,Low,2253.28,46.63,39.36,52.69,69.02,35.58,59.41,1.95,53.23,0,-30.63,0,2153.42,30.5,56.96,0,2240.88,2715.3,-117490.01,75.0100000000002,-14.9699999999866,No Change
Jan 2069,State,GFDL,High,Low,8268.93,150.45,40.37,85.17,137.09,37.02,59.44,2.06,175.02,0,-42.45,0,7943.45,48.05,59.95,0,8051.44,2749.22,-117524.86,33.9199999999996,-34.8500000000058,No Change
Feb 2069,State,GFDL,High,Low,5319.68,85.95,44.62,121.41,71.61,60.91,59.5,2.03,93.33,0,-41.69,0,5140.41,40.15,61.94,0,5242.49,2846.7,-117449.65,97.48,75.2099999999919,No Change
Mar 2069,State,GFDL,High,Low,3950.01,80.49,61.43,144.43,47.49,86.98,63.08,3.26,76.45,0,-30.95,0,3793.06,67.93,74.56,1.15,3936.73,2852.9,-117455.43,6.20000000000027,-5.77999999999884,No Change
Apr 2069,State,GFDL,High,Low,2631.72,90.96,186.17,187.84,168.87,132.96,258.68,60,72.33,0,-20.01,0,2468.44,73.43,245.78,38.66,2826.28,2798.67,-117470.92,-54.23,-15.4899999999907,No Change
May 2069,State,GFDL,High,Low,1718.56,86.33,233.18,116.08,347.82,240.34,351.38,82.55,24.87,0,-11.85,0,1607.37,107.82,373.41,146.26,2234.87,2787.45,-117655.93,-11.2200000000003,-185.010000000024,No Change
Jun 2069,State,GFDL,High,Low,4172.88,73.69,97.82,69.64,307.51,236.2,370.54,86.1,50.06,0,-26.23,0,4049.11,56.77,400.89,178.87,4685.67,2790.32,-118058,2.87000000000035,-402.069999999978,No Change
Jul 2069,State,GFDL,High,Low,15740.07,216.4,38.87,147.79,313.23,205.96,292.67,68.01,241.9,0,-47.57,0,15281.76,47.82,341.69,167.5,15838.79,2745.16,-118497.45,-45.1599999999999,-439.449999999997,No Change
Aug 2069,State,GFDL,High,Low,23852.22,359.3,34.7,178,338.9,131.28,221.79,48.72,396.67,0,-63.66,0,23096.24,72.06,254.71,143.16,23566.18,2735.38,-118695.29,-9.7800000000002,-197.839999999982,No Change
Sep 2069,State,GFDL,High,Low,2639.09,20.49,31.78,71.54,205.06,255.5,303.26,69.09,27.49,0,6.4,0,2591.12,24.75,319.14,114.76,3049.78,2861.35,-118678.53,125.97,16.7599999999802,No Change
Oct 2069,State,GFDL,High,Low,6668.1,74.74,29.15,90.01,115.49,101.86,175.11,34.09,85.44,0,-28.48,0,6507.93,28.76,170.89,38.81,6746.39,2725.95,-118993.59,-135.400000000001,-315.059999999998,No Change
Nov 2069,State,GFDL,High,Low,6935.81,110,38.34,46.73,134.98,37.02,60.25,2.12,130.28,0,-38.53,0,6695.54,42.18,61.46,0.39,6799.59,2709.72,-119116.49,-16.23,-122.899999999994,No Change
Dec 2069,State,GFDL,High,Low,5475.61,98.07,38.1,72.96,97.67,31.46,59.87,1.96,111.98,0,-39.02,0,5265.51,36.05,58.79,0,5360.36,2804.31,-119083.27,94.5900000000006,33.2199999999866,No Change
Jan 2070,State,GFDL,High,Low,5366.4,88.68,36.85,73.12,95.24,38.48,59.9,2.07,111.14,0,-40.33,0,5166.6,35.99,61.28,0,5263.89,2869.62,-119068.18,65.3099999999995,15.0900000000111,No Change
Feb 2070,State,GFDL,High,Low,2120.57,26.62,42.35,90.27,52.29,79.73,59.95,2.12,33.09,0,-23.83,0,2060.86,29.97,62.1,0,2152.95,2922.92,-119055.24,53.3000000000002,12.9400000000023,No Change
Mar 2070,State,GFDL,High,Low,165.21,8.9,58.69,118.95,48.9,136.59,113.21,16.47,5.18,0,-10.1,0,151.14,46.43,118.28,10.42,326.27,2891.18,-119103.8,-31.7399999999998,-48.5600000000122,No Change
Apr 2070,State,GFDL,High,Low,3968.83,63.49,149.94,155.21,156,140.84,234.4,52.75,60.81,0,-10.9,0,3844.52,53.97,235.33,68.62,4202.43,2781.95,-119215.88,-109.23,-112.080000000002,No Change
May 2070,State,GFDL,High,Low,3465.6,60.01,138.54,51.47,269.13,152.37,332.1,74.93,53.05,0,-16.91,0,3352.54,47.23,337.54,144.01,3881.32,2743.41,-119416.23,-38.54,-200.350000000006,No Change
Jun 2070,State,GFDL,High,Low,3841.81,47.74,60.68,61.82,258.72,223.02,377.12,85.43,50.87,0,-16.01,0,3743.21,26.93,394.4,175.05,4339.59,2779.8,-119781.27,36.3900000000003,-365.039999999994,No Change
Jul 2070,State,GFDL,High,Low,14456.21,213.5,31.66,128.52,317.7,203.47,319.73,74.13,246,0,-44.21,0,13996.73,46.62,355.16,169.78,14568.28,2712.81,-120213.17,-66.9899999999998,-431.899999999994,No Change
Aug 2070,State,GFDL,High,Low,14737.93,197.15,32.01,136.06,281.88,188.79,287.99,66.76,231.09,0,-41.98,0,14309.71,41.99,324.8,147.06,14823.54,2717.49,-120426.79,4.67999999999938,-213.619999999995,No Change
Sep 2070,State,GFDL,High,Low,3464.37,34.27,28.42,59.97,147.66,156.52,311.83,70.78,45.7,0,-4.16,0,3384.41,15.76,305.39,120.04,3825.58,2706.97,-120605.93,-10.5199999999995,-179.139999999999,No Change
Oct 2070,State,GFDL,High,Low,199.93,2.28,28.19,26.94,70.23,76.98,256.34,53.95,2.04,0,0.0199999999999999,0,195.6,10.3,215.53,45.92,467.34,2633.75,-120925.51,-73.2200000000003,-319.580000000002,No Change
Nov 2070,State,GFDL,High,Low,6062.85,111.03,35.91,46.4,137.71,34.73,86.01,9.75,134.49,0,-39.25,0,5817.3,36.79,84.56,4.43,5943.08,2613.83,-121171.72,-19.9200000000001,-246.210000000021,No Change
Dec 2070,State,GFDL,High,Low,284.16,4.3,34.85,11.19,56.07,30.19,60.35,1.96,7.7,0,-14.89,0,272.15,16.97,58.69,0,347.84,2708.51,-121157.15,94.6800000000003,14.5700000000215,No Change
Jan 2071,State,GFDL,High,Low,1640.68,19.73,32.78,50.82,47.64,38.67,60.53,2.05,37.89,0,-28.64,0,1583.06,21.36,60.76,0.09,1665.25,2734.05,-121222.72,25.54,-65.570000000007,No Change
Feb 2071,State,GFDL,High,Low,2127.37,34.86,36.55,83.91,65.28,79.92,92.49,10.45,51.86,0,-28.38,0,2040.64,30.52,92.48,6.18,2169.83,2740.75,-121272.03,6.69999999999982,-49.3100000000122,No Change
Mar 2071,State,GFDL,High,Low,934.96,17.34,44.24,110.08,59.68,135.45,132.2,20.23,34.14,0,-17.92,0,883.5,45.18,132.52,12.19,1073.39,2715.65,-121336.76,-25.1000000000004,-64.7299999999814,No Change
Apr 2071,State,GFDL,High,Low,374.32,8.02,108.75,117.11,152.2,201.83,300.18,67.54,6.66,0,-3.3,0,359.65,52.57,283.6,76.54,772.35,2619.31,-121444.68,-96.3399999999997,-107.919999999998,No Change
May 2071,State,GFDL,High,Low,2620.04,31.49,60.2,40.67,199.8,169.39,347.63,75.52,31.54,0,-17.9,0,2557.01,38.5,347.72,158.27,3101.5,2518.73,-121750.5,-100.58,-305.820000000007,No Change
Jun 2071,State,GFDL,High,Low,529.74,5.48,33.31,46.26,143.01,161.58,444.09,97.83,6.8,0,-1.86,0,517.42,12.95,403.99,188.95,1123.31,2473.54,-122167.28,-45.1899999999996,-416.780000000028,No Change
Jul 2071,State,GFDL,High,Low,9707.45,117.47,28.04,99.16,265.72,200.8,363.59,80.84,143.99,0,-35.13,0,9445.98,16.54,376.96,176.84,10016.33,2397.22,-122697.5,-76.3199999999997,-530.219999999987,No Change
Aug 2071,State,GFDL,High,Low,15594.89,221.23,31.43,116.59,296.99,157.11,278.28,62.73,253.23,0,-41.32,0,15120.44,37.54,301.96,143.91,15603.81,2367.97,-123048.26,-29.2500000000005,-350.75999999998,No Change
Sep 2071,State,GFDL,High,Low,13381.28,185.16,28.3,124.7,215.95,120.25,233.98,51.05,215.98,0,-41.42,0,12980.13,34.47,251.39,108.4,13374.4,2421.42,-123195.82,53.4500000000003,-147.560000000012,No Change
Oct 2071,State,GFDL,High,Low,11095.72,143.95,33.62,115.95,142.28,68.48,187.16,37.68,169.08,0,-40.73,0,10782.69,28.57,180.09,51.25,11042.6,2448.66,-123312.56,27.2399999999998,-116.739999999991,No Change
Nov 2071,State,GFDL,High,Low,8385.17,137.74,37.36,69.56,152.83,40.27,90.38,10.74,163.28,0,-45.46,0,8084.15,38.46,90.16,6.33,8219.1,2491.84,-123384.94,43.1800000000003,-72.3800000000192,No Change
Dec 2071,State,GFDL,High,Low,5915.8,99.4,40.45,34.4,131.03,26.45,60.81,1.96,120.35,0,-33.45,0,5696.05,34.33,58.61,0,5788.99,2593.88,-123353.1,102.04,31.8400000000111,No Change
Jan 2072,State,GFDL,High,Low,8631.58,159.09,47.45,101.21,137.4,29.47,60.86,2.08,164.64,0,-48.13,0,8307.85,45.53,62.49,0,8415.87,2698.68,-123325.07,104.8,28.0299999999988,No Change
Feb 2072,State,GFDL,High,Low,5499.56,116.75,63.77,116.83,98.15,43.34,76.58,6.35,133.5,0,-39.57,0,5249.31,48.48,82.25,7.73,5387.75,2802.87,-123267.33,104.19,57.7400000000052,No Change
Mar 2072,State,GFDL,High,Low,775.21,44.82,122.65,152.12,105.78,150.39,225.79,47.71,18.37,0,-15.53,0,712.06,75.5,207.4,22.11,1017.05,2845.65,-123251.34,42.7800000000002,15.9900000000052,No Change
Apr 2072,State,GFDL,High,Low,877.63,41.6,186.25,180.78,168.92,184.64,268.96,61.82,24.11,0,-0.9,0,811.91,63.68,258.2,55.28,1189.06,2771.69,-123448.7,-73.96,-197.359999999986,No Change
May 2072,State,GFDL,High,Low,3153.83,106.35,207.35,97.82,337.83,210.86,342.59,80.97,47.31,0,-31.78,0,3000.16,120.71,360.37,145.98,3627.22,2704.89,-123687.9,-66.7999999999997,-239.200000000012,No Change
Jun 2072,State,GFDL,High,Low,5308.73,81,93.94,124.5,305.38,303.55,349.07,82.48,65.61,0,-31.38,0,5162.12,80,394.5,177.01,5813.63,2733.14,-124080,28.2499999999995,-392.099999999991,No Change
Jul 2072,State,GFDL,High,Low,14727.32,215.37,40.86,162.94,296.49,207.46,329.52,78.1,239.11,0,-49.88,0,14272.84,54.12,366.08,168.78,14861.82,2607.05,-124489.36,-126.09,-409.36000000003,No Change
Aug 2072,State,GFDL,High,Low,33474.31,560.94,41.39,242.36,408.61,82.07,184.85,37.46,606.12,0,-85.97,0,32307.26,119.42,200.38,136.73,32763.78,2581.42,-124720.3,-25.6300000000001,-230.940000000002,No Change
Sep 2072,State,GFDL,High,Low,17303.49,279.96,48.43,186.87,235.07,105.92,241.52,53.09,291.71,0,-57.01,0,16731.81,69.38,250.63,108.94,17160.77,2854.94,-124484.26,273.52,236.040000000023,No Change
Oct 2072,State,GFDL,High,Low,6388.98,105.24,55.11,97.83,170.7,108.08,241.6,52.29,110.2,0,-44.91,0,6173.54,44.81,228.29,57.47,6504.1,2921.86,-124546.92,66.9200000000001,-62.6600000000035,No Change
Nov 2072,State,GFDL,High,Low,9218.24,165.57,62.17,65.86,192.35,31.15,62.5,2.43,187.57,0,-57.44,0,8865.12,58.11,65.14,0.9,8989.27,2945.5,-124728.39,23.6400000000003,-181.469999999987,No Change
Dec 2072,State,GFDL,High,Low,4813.22,92.08,54.15,101.17,113.04,61.31,61.29,1.96,101.78,0,-48.19,0,4619.35,41.49,62.29,0,4723.14,3101.64,-124659.22,156.14,69.1699999999983,No Change
Jan 2073,State,GFDL,High,Low,5635.25,97.32,53.09,75.1,114.62,35.12,61.33,2.08,115.78,0,-49.67,0,5422.17,45.49,62.78,0,5530.44,3150.41,-124664.95,48.77,-5.73000000001048,No Change
Feb 2073,State,GFDL,High,Low,9680.48,163.06,60.13,136.78,136.06,57.09,61.54,2.2,178.7,0,-56.97,0,9338.74,64.41,68.25,0.23,9471.63,3226.36,-124658.08,75.9499999999998,6.8700000000099,No Change
Mar 2073,State,GFDL,High,Low,5307.67,157.92,112.52,141.06,153.28,85.99,121.04,18.57,130.98,0,-52.72,0,5018.75,114.82,131.31,11.04,5275.92,3296.41,-124595.94,70.0500000000002,62.1399999999994,No Change
Apr 2073,State,GFDL,High,Low,1419.59,105.61,325.57,173.66,287.85,121.24,277.52,63.9,31.02,0,-82.23,0,1282.96,173.13,279.85,71.49,1807.42,3334.86,-124631.17,38.4499999999998,-35.2300000000105,No Change
May 2073,State,GFDL,High,Low,5742.7,218.72,422.85,105.61,638.48,166.21,304.66,70.4,88.55,0,-157.45,0,5435.41,221.15,351.78,150.41,6158.75,3435.23,-124967.5,100.370000000001,-336.329999999987,No Change
Jun 2073,State,GFDL,High,Low,7425.92,136.27,203.56,150.92,386.41,263.83,343.11,80.91,99.83,0,-102.56,0,7189.83,168.89,411,178.81,7948.51,3790,-125421.06,354.77,-453.559999999998,No Change
Jul 2073,State,GFDL,High,Low,16994.35,250.98,81.83,229.26,397.38,367.22,299.51,70.06,262.35,0,-67.44,0,16481.02,140.8,366.4,170.94,17159.17,3763.76,-125864.81,-26.2399999999998,-443.750000000015,No Change
Aug 2073,State,GFDL,High,Low,10431.12,137.98,55.05,166.86,270.32,269.38,319.62,75.12,165.6,0,-46.54,0,10127.55,71.78,364.29,145.09,10708.72,3656.96,-126070.27,-106.8,-205.459999999992,No Change
Sep 2073,State,GFDL,High,Low,3188.25,37.67,38.12,90.32,223.46,249,345.8,81.69,57.06,0,-23.43,0,3093.52,34.44,369.31,126.52,3623.81,3538.11,-126340.79,-118.85,-270.520000000019,No Change
Oct 2073,State,GFDL,High,Low,965.41,10.21,33.51,44,134.71,146.29,298.94,65.44,17.41,0,-8.81,0,937.76,20.12,287.25,85.34,1330.45,3407.37,-126697.81,-130.74,-357.01999999999,No Change
Nov 2073,State,GFDL,High,Low,828.43,11.35,38.27,20.24,75.64,46.5,165.62,28.59,14.04,0,-16.21,0,803.03,16.47,145.54,14.11,979.14,3342.03,-127008.03,-65.3400000000001,-310.220000000001,No Change
Dec 2073,State,GFDL,High,Low,721.4,7.77,37.4,12.6,67.47,26.22,61.79,1.97,21.18,0,-26.66,0,692.44,17.96,63.24,0,773.64,3362.65,-127161.32,20.6200000000003,-153.290000000008,No Change
Jan 2074,State,GFDL,High,Low,4941.41,73.53,36.06,47.41,106.5,34.78,61.82,1.94,97.8,0,-40.92,0,4770.07,31.41,63.19,0,4864.66,3400.46,-127226.59,37.8099999999999,-65.2699999999895,No Change
Feb 2074,State,GFDL,High,Low,2493.48,43.15,39.93,69.2,61.23,43.1,61.86,1.8,62.73,0,-37.91,0,2387.61,33.65,65.41,0,2486.65,3468.85,-127229.58,68.3899999999999,-2.99000000000524,No Change
Mar 2074,State,GFDL,High,Low,3080.09,67.11,48.41,132.51,74.15,109.09,132.38,20.91,66.18,0,-35.73,0,2946.8,53.69,139.55,14.03,3154.07,3481.65,-127264.84,12.8000000000002,-35.2599999999948,No Change
Apr 2074,State,GFDL,High,Low,437.38,38.79,196.66,177.32,196.49,195.61,307.65,69.29,11.47,0,-3.42,0,387.14,60.65,307.09,91.6,846.46,3418.62,-127359.85,-63.0300000000002,-95.0099999999948,No Change
May 2074,State,GFDL,High,Low,3523.34,60.15,145.28,99.63,323.22,262.57,339.7,78.11,50.02,0,-11.05,0,3413.19,56.23,371.03,154.31,3994.74,3350.82,-127681.78,-67.8000000000002,-321.929999999993,No Change
Jun 2074,State,GFDL,High,Low,3651.28,40.15,45.86,129.28,281.94,374.37,394.77,93.05,47.92,0,2.84,0,3563.2,46.32,438.65,189.48,4237.67,3302.01,-128058.71,-48.8099999999995,-376.930000000008,No Change
Jul 2074,State,GFDL,High,Low,5718.97,72.44,30.16,164.65,263.66,344.36,409.42,96.57,92.82,0,-22.33,0,5553.72,40.96,437.28,180.26,6212.24,3072.66,-128499.18,-229.35,-440.470000000001,No Change
Aug 2074,State,GFDL,High,Low,23540.22,372.31,32.01,232.71,296.51,148.17,264.68,59.96,415.11,0,-63.01,0,22752.79,86.32,284.15,143.12,23266.37,2867.53,-128921.85,-205.13,-422.670000000013,No Change
Sep 2074,State,GFDL,High,Low,25953.99,278.28,29.14,218.18,214.33,122.21,137.92,22.72,326.47,0,-46.35,0,25349.23,43.47,179.84,112.84,25685.38,2936.42,-128917.58,68.8900000000003,4.27000000001863,No Change
Oct 2074,State,GFDL,High,Low,34835.97,525.66,29.56,256.12,320.77,36.47,69.02,4.25,555.07,0,-79.66,0,33755.24,94.46,80.15,53.67,33983.51,2963.9,-128865.49,27.4799999999996,52.0899999999674,No Change
Nov 2074,State,GFDL,High,Low,11550.55,234.91,64.91,102.56,238.05,59.27,65.51,3.13,246.26,0,-59.33,0,11069.4,77.79,71.56,1.72,11220.5,3232.81,-128508.51,268.91,356.980000000025,No Change
Dec 2074,State,GFDL,High,Low,7820.84,108.49,51.75,68.07,128.28,35.03,62.28,1.97,120.96,0,-46.03,0,7591.38,44.97,63,0,7699.35,3402.38,-128385.66,169.57,122.849999999991,No Change
Jan 2075,State,GFDL,High,Low,3097.83,45.17,49.36,58.22,82.79,36.29,62.33,2.09,66.63,0,-44.73,0,2986.03,34.55,65.26,0,3085.83,3492.93,-128371.04,90.5499999999997,14.6199999999953,No Change
Feb 2075,State,GFDL,High,Low,2858.84,48.44,54.99,94.07,73.48,64.8,63.67,2.75,56.26,0,-43.82,0,2754.15,44.54,72.77,0.45,2871.88,3534.39,-128409.36,41.4600000000005,-38.3199999999924,No Change
Mar 2075,State,GFDL,High,Low,4227.48,153.27,115.05,145.24,154.33,101.79,153.51,27.37,119.3,0,-50.07,0,3954.89,120.62,163.14,20.64,4259.29,3531.19,-128458.29,-3.20000000000027,-48.929999999993,No Change
Apr 2075,State,GFDL,High,Low,3519.9,196.48,331.54,246.75,294.3,123.7,282.39,64.23,83.64,0,-53.2,0,3239.82,163.85,292.82,88.59,3785.1,3546.73,-128535.8,15.5399999999995,-77.5100000000239,No Change
May 2075,State,GFDL,High,Low,1813.63,136.9,365.33,192.41,391,181.81,347.51,81.83,27.21,0,-58.81,0,1649.51,159.48,376.78,136.6,2322.35,3642.68,-128812.15,95.9500000000007,-276.349999999962,No Change
Jun 2075,State,GFDL,High,Low,3462.18,64.6,152.75,130.75,343.5,301.1,377.3,89.72,39.33,0,-41.56,0,3358.26,85.76,439.84,188.71,4072.57,3740.78,-129246.04,98.0999999999999,-433.890000000014,No Change
Jul 2075,State,GFDL,High,Low,10657.3,135.27,47.71,188.84,304.02,324.69,345.84,82.15,161.5,0,-43.73,0,10360.53,58.56,413.49,176.76,11009.35,3630.9,-129724.56,-109.88,-478.520000000004,No Change
Aug 2075,State,GFDL,High,Low,19021.55,268.13,36.18,181.57,306.01,207.94,233.48,51.46,299.1,0,-53.15,0,18454.32,77.82,289.08,148.8,18970.03,3460.41,-130047.25,-170.49,-322.690000000002,No Change
Sep 2075,State,GFDL,High,Low,13524.53,208.34,29.66,163.19,227.8,171.46,266.7,59.99,224.97,0,-47.71,0,13091.22,66.18,289.55,113.73,13560.7,3451.41,-130132.11,-9.00000000000045,-84.8600000000006,No Change
Oct 2075,State,GFDL,High,Low,3697.42,60.25,28.93,71.08,123.92,111.95,252.23,54.31,73.52,0,-30.72,0,3563.66,36.85,230.45,44.42,3875.36,3424.89,-130275.29,-26.5199999999995,-143.180000000008,No Change
Nov 2075,State,GFDL,High,Low,522.04,7.3,37.77,19.72,70.71,49.23,112.12,15.22,8.67,0,-21.59,0,506.08,25.47,106.26,6.78,644.58,3404.34,-130474.83,-20.5500000000002,-199.539999999994,No Change
Dec 2075,State,GFDL,High,Low,4490.33,96.35,37.96,83.22,102.93,59.18,62.78,1.97,106.76,0,-40.07,0,4287.2,47.4,62.55,0,4397.17,3416.47,-130591.47,12.1300000000001,-116.640000000014,No Change
Jan 2076,State,GFDL,High,Low,9426.13,166.79,38.85,100.21,144.92,37.73,62.82,2.08,197.93,0,-52.44,0,9061.41,50.68,65.05,0,9177.13,3458.48,-130585.58,42.0099999999998,5.88999999999942,No Change
Feb 2076,State,GFDL,High,Low,3740.84,49.91,43.84,97.92,63.81,64.11,62.87,1.98,72.98,0,-41.09,0,3617.96,37.21,67.1,0,3722.29,3561.33,-130500.82,102.85,84.7600000000093,No Change
Mar 2076,State,GFDL,High,Low,2122.94,31.92,62.19,123.46,52.71,111.12,82.37,7.18,46.43,0,-29.4,0,2044.58,58.46,98.97,4.59,2206.58,3554.79,-130529.82,-6.53999999999996,-29,No Change
Apr 2076,State,GFDL,High,Low,669.4,48.13,120.41,94.92,198.24,189.78,283.45,65.27,22.53,0,-12.04,0,598.77,77.18,284.29,69,1029.24,3472.62,-130592.55,-82.1700000000001,-62.7299999999959,No Change
May 2076,State,GFDL,High,Low,2653.13,76,105.84,93.79,288.86,264.66,352.06,81.75,45.06,0,-24.96,0,2532.06,88.79,384.58,148.98,3154.42,3414.96,-130869.25,-57.6599999999999,-276.700000000012,No Change
Jun 2076,State,GFDL,High,Low,745.63,24.5,69.12,122.7,292.16,378.72,426.46,99.37,7.68,0,-6.23,0,713.44,63.7,460.87,184.81,1422.83,3324.86,-131268.41,-90.1000000000004,-399.15999999996,No Change
Jul 2076,State,GFDL,High,Low,11544.48,138.08,30.83,203.07,288.59,341.54,338.93,79.21,165.29,0,-34.1,0,11241.12,52.9,392.59,171.32,11857.89,3104.53,-131778.87,-220.33,-510.459999999992,No Change
Aug 2076,State,GFDL,High,Low,10825.66,134.89,31.28,170.86,256.9,267.71,323.61,75.4,168.29,0,-37.27,0,10522.47,43.39,359.3,149.91,11075.07,2918.71,-132078.73,-185.82,-299.860000000015,No Change
Sep 2076,State,GFDL,High,Low,10295.63,105.9,28.72,107.66,205.7,178.42,229.22,48.02,133.41,0,-25.39,0,10056.32,25.03,263.96,121.78,10467.12,2796.83,-132345.82,-121.88,-267.090000000026,No Change
Oct 2076,State,GFDL,High,Low,20.16,0.66,28.04,30.22,67.18,80.89,304.41,63.36,0.64,0,-0.37,0,18.84,12.54,259.86,88.23,379.46,2741.34,-132540.78,-55.4899999999998,-194.959999999992,No Change
Nov 2076,State,GFDL,High,Low,2059.41,28.88,36.45,25.22,91.38,39.29,121.98,17.5,53.23,0,-36.78,0,1977.3,24.82,110.42,9.09,2121.63,2708.84,-132869.77,-32.5,-328.99000000002,No Change
Dec 2076,State,GFDL,High,Low,395.14,4.3,35.84,8.73,60.83,29.51,63.31,1.95,9.84,0,-20.24,0,380.99,20.33,61.31,0,462.63,2754.97,-132966.89,46.1300000000001,-97.1199999999662,No Change
Jan 2077,State,GFDL,High,Low,3580.15,77.51,34.83,34.27,111.57,34.8,63.35,2.06,102.64,0,-39.21,0,3399.96,40.52,61.68,0,3502.17,2786.3,-133038.62,31.3299999999999,-71.7300000000105,No Change
Feb 2077,State,GFDL,High,Low,920.15,16.47,38.41,30.88,70.47,52.46,63.47,1.78,27.3,0,-27.95,0,876.37,33.91,63.65,0.05,974,2862.64,-133036.43,76.3399999999997,2.19000000000233,No Change
Mar 2077,State,GFDL,High,Low,211.04,15.71,51.44,80.54,98.03,150.6,190.88,36.21,6.93,0,-15.69,0,188.4,54.88,181.17,21.83,446.27,2878.68,-133098.81,16.0400000000004,-62.3800000000047,No Change
Apr 2077,State,GFDL,High,Low,1121.51,36.29,138.8,138.18,168.8,186.54,294.12,63.28,27.04,0,5.92,0,1058.17,48.7,280.1,82.64,1469.61,2799.62,-133284.09,-79.0600000000004,-185.27999999997,No Change
May 2077,State,GFDL,High,Low,540.6,16.01,136.22,42.86,248.32,179.97,392.55,84.51,5.71,0,10.97,0,518.85,30.07,375.4,163.63,1087.96,2732.63,-133564.6,-66.9899999999998,-280.510000000038,No Change
Jun 2077,State,GFDL,High,Low,2852.44,30.5,40.22,49.54,163.77,149.41,384.83,81.81,38.5,0,-6.3,0,2783.44,13.13,369.07,180.1,3345.73,2733.63,-134019.6,1,-455,No Change
Jul 2077,State,GFDL,High,Low,12795.52,154.35,28.7,107.16,299.24,203.14,306.29,66.95,186.29,0,-42.83,0,12454.9,22.58,344.6,171.66,12993.74,2681.93,-134470.51,-51.6999999999998,-450.910000000003,No Change
Aug 2077,State,GFDL,High,Low,16457.04,259.5,31.81,118.26,345.48,168.24,292.01,65.14,297,0,-56.56,0,15900.51,52.39,318.79,158.98,16430.66,2672.8,-134738.05,-9.13000000000011,-267.539999999979,No Change
Sep 2077,State,GFDL,High,Low,7985.09,91.1,28.5,90.98,219.16,181.76,268.54,59.05,122.59,0,-32,0,7771.38,23.22,293.04,115.44,8203.05,2758.13,-134883.45,85.3299999999999,-145.399999999994,No Change
Oct 2077,State,GFDL,High,Low,628.58,6.47,28.06,43.89,96.97,118.81,282.05,59.71,8.88,0,-1.51,0,613.23,13.99,253.35,71.55,952.13,2711.98,-135117.76,-46.1500000000001,-234.310000000027,No Change
Nov 2077,State,GFDL,High,Low,4060.04,73.75,34.15,33.82,118.11,40.75,91.21,9.19,98.83,0,-37.31,0,3887.45,34.04,87.23,5.83,4014.54,2659.1,-135404.29,-52.8799999999997,-286.52999999997,No Change
Dec 2077,State,GFDL,High,Low,2601.21,29.56,33.6,22.28,82.13,30.64,63.82,1.95,51.52,0,-33.48,0,2520.13,22.85,61.09,0,2604.07,2731.25,-135430.6,72.1499999999996,-26.3100000000268,No Change
Jan 2078,State,GFDL,High,Low,3179.6,36.16,32.26,51.61,60.34,36.5,63.86,2.06,54.82,0,-28.88,0,3088.61,21.85,63.97,0,3174.45,2783.53,-135474.42,52.2799999999997,-43.820000000007,No Change
Feb 2078,State,GFDL,High,Low,3008.23,45.43,37.41,103,55.5,69.93,75.59,5.13,68.86,0,-37,0,2893.95,31.29,79.98,2.99,3008.22,2805.19,-135510.27,21.6599999999999,-35.8500000000058,No Change
Mar 2078,State,GFDL,High,Low,2375.92,44.68,66.06,146.72,77.91,141.57,243.09,50.91,68.81,0,-25.52,0,2262.45,53.22,219.28,25.96,2560.89,2781.21,-135551.89,-23.9799999999996,-41.6199999999953,No Change
Apr 2078,State,GFDL,High,Low,2576.88,38.41,114.88,125.92,167.92,177.06,273.44,61.78,52.09,0,-10.65,0,2486.39,47.15,267.07,78.65,2879.25,2690.46,-135726.77,-90.75,-174.880000000005,No Change
May 2078,State,GFDL,High,Low,16070.29,207.37,93.26,138.16,267.84,144.16,197.76,39.47,218.67,0,-47.31,0,15644.24,86.08,238.56,140.5,16109.37,2625.89,-135975.6,-64.5700000000002,-248.829999999987,No Change
Jun 2078,State,GFDL,High,Low,7605.37,79.51,51.57,92.2,286.7,267.03,307.2,68.55,92.66,0,-20.53,0,7433.18,39.72,359.18,173.94,8006.01,2669.29,-136103,43.4000000000001,-127.399999999994,No Change
Jul 2078,State,GFDL,High,Low,22450.66,272.56,29.92,199.8,309.72,199.28,223.61,46.96,309.48,0,-54.33,0,21868.6,46.58,284.57,164.89,22364.66,2568.45,-136443.45,-100.84,-340.449999999983,No Change
Aug 2078,State,GFDL,High,Low,11199.59,157.54,31.54,133.12,267.61,209.05,337.33,79.65,193.08,0,-40.08,0,10848.96,37.49,368.68,153.93,11409.1,2570.96,-136529.83,2.51000000000022,-86.3800000000338,No Change
Sep 2078,State,GFDL,High,Low,4585.27,55.71,28.36,78.88,212.88,203.88,334.92,76.96,86.52,0,-25.51,0,4443.04,21.7,347.72,128.91,4941.37,2518.5,-136788.47,-52.46,-258.639999999985,No Change
Oct 2078,State,GFDL,High,Low,9897,122.93,30.69,87.46,161.33,78.93,176.88,34.76,147.01,0,-44.12,0,9627.06,27.89,179.08,61.7,9895.75,2437.76,-137114.35,-80.7399999999998,-325.880000000005,No Change
Nov 2078,State,GFDL,High,Low,3135.65,49.15,41.34,29.73,108.97,37.78,87.21,8.25,76.57,0,-36.5,0,3009.93,26.07,84.12,4.04,3124.16,2483.21,-137215.33,45.4499999999998,-100.979999999981,No Change
Dec 2078,State,GFDL,High,Low,930.62,10.45,36.13,13.21,67.97,30.62,64.35,1.95,22.05,0,-25.02,0,898.1,21.06,61.19,0,980.34,2549.25,-137258.22,66.04,-42.890000000014,No Change
Jan 2079,State,GFDL,High,Low,2782.08,48.16,37.68,39.78,86.64,36.02,64.45,2,64.77,0,-35.11,0,2669.15,30.56,62.92,0.04,2762.68,2587.79,-137323.59,38.54,-65.3699999999953,No Change
Feb 2079,State,GFDL,High,Low,1675.79,27,41.88,57.02,60.42,52.89,73.37,3.7,37.99,0,-29.45,0,1610.81,33.76,71.31,6.06,1721.93,2637.93,-137356.41,50.1399999999999,-32.820000000007,No Change
Mar 2079,State,GFDL,High,Low,348.64,13.54,70.58,133.56,68.88,156.03,179.88,32.92,10.62,0,-13.51,0,324.47,51.23,171.97,19.32,566.98,2643.84,-137423.6,5.91000000000031,-67.1900000000023,No Change
Apr 2079,State,GFDL,High,Low,167.26,26.49,182.36,142.8,172.47,160.75,327.98,71.51,5.12,0,11.24,0,135.66,43.08,299.97,92.86,571.56,2531.68,-137592.74,-112.16,-169.140000000014,No Change
May 2079,State,GFDL,High,Low,678.66,11.02,76.61,34.75,190.59,160.99,377.96,80.22,7.03,0,6.05,0,660.62,17.21,354.89,156.95,1189.65,2499.9,-137925.7,-31.7800000000002,-332.959999999963,No Change
Jun 2079,State,GFDL,High,Low,2178.83,21.72,34.92,47.94,157.72,158.04,406.78,88.05,25.62,0,-2.99,0,2131.46,12.03,380.23,185.17,2708.87,2472.39,-138367.31,-27.5099999999998,-441.610000000015,No Change
Jul 2079,State,GFDL,High,Low,9671.09,112.06,27.75,82.21,276.94,204.99,333.85,73.16,142,0,-32.17,0,9417.05,17.77,357.94,171.69,9964.47,2410.57,-138848.58,-61.8200000000006,-481.270000000019,No Change
Aug 2079,State,GFDL,High,Low,11619.4,162.78,30.08,109.15,265.52,171.49,321.97,72.12,194.22,0,-39.48,0,11262.4,29.14,336.85,153.36,11781.75,2385.29,-139171.14,-25.2799999999997,-322.559999999998,No Change
Sep 2079,State,GFDL,High,Low,6496.79,95.61,27.71,81.99,195.55,144.6,336.07,75.41,123.99,0,-32.78,0,6277.18,23.16,330,124.14,6754.49,2392.33,-139419.59,7.03999999999996,-248.449999999983,No Change
Oct 2079,State,GFDL,High,Low,789.52,8.44,28.31,28.72,90.96,89.27,284.97,60.11,16.78,0,-6.29,0,764.32,12.61,248.79,67.79,1093.48,2373.95,-139713.19,-18.3799999999997,-293.599999999977,No Change
Nov 2079,State,GFDL,High,Low,4922.61,59.08,37.06,31.08,106.14,38.9,82.07,6.99,74.44,0,-30.15,0,4789.11,27.97,80.09,5.01,4902.21,2351.71,-139995.35,-22.2400000000002,-282.160000000003,No Change
Dec 2079,State,GFDL,High,Low,3459.93,54.87,32.88,32.27,91.13,30.95,64.89,1.94,73.62,0,-31.47,0,3331.43,26.75,61.56,0,3419.75,2413.95,-140031.16,62.2399999999998,-35.8100000000268,No Change
Jan 2080,State,GFDL,High,Low,7160.84,117.88,32.94,66.8,121.61,36.85,64.93,2.06,141.78,0,-38.84,0,6901.19,38.1,62.81,0,7002.12,2475.49,-140051.94,61.54,-20.7799999999988,No Change
Feb 2080,State,GFDL,High,Low,2201.77,27.85,35.19,62.37,54.67,54.21,64.97,2.01,44.9,0,-28.4,0,2129.03,28.62,64.97,0,2222.61,2560.31,-140011.89,84.8200000000006,40.0499999999884,No Change
Mar 2080,State,GFDL,High,Low,2252.37,46.01,73.14,160.77,40.89,115.13,105.31,12.56,53.44,0,-23.5,0,2152.92,56.13,105.53,10.35,2324.92,2558.74,-140058.35,-1.57000000000062,-46.4599999999919,No Change
Apr 2080,State,GFDL,High,Low,466.17,26.03,172.01,171.19,172.77,210.05,296.13,67.49,7.61,0,12.21,0,432.54,51.93,279.21,67.71,831.38,2471.75,-140131.51,-86.9899999999998,-73.1600000000035,No Change
May 2080,State,GFDL,High,Low,1186.23,36.04,79.56,70.36,230.95,241.99,375.89,87.11,9.98,0,4.26,0,1140.22,52.02,388.16,166.2,1746.59,2383.85,-140408.03,-87.9000000000001,-276.520000000019,No Change
Jun 2080,State,GFDL,High,Low,4556.01,49.52,39.7,51.15,213.67,180.01,365.15,79.85,55.42,0,-10.88,0,4451.05,15.3,364.9,180.2,5011.45,2273.42,-140848.74,-110.43,-440.709999999992,No Change
Jul 2080,State,GFDL,High,Low,19086.07,261.67,28.7,153.71,329.71,186.28,271.18,60.35,295.5,0,-51.07,0,18528.88,44.33,310.54,164.15,19047.88,2227.47,-141269.68,-45.9499999999998,-420.939999999973,No Change
Aug 2080,State,GFDL,High,Low,18473.62,262.6,31.23,148.62,308.73,165.96,262.88,58.44,301.63,0,-49.67,0,17909.39,52.12,296.5,148.82,18406.84,2271.17,-141400.22,43.6999999999998,-130.539999999979,No Change
Sep 2080,State,GFDL,High,Low,5815.37,61.1,28.42,93.03,205.76,208.11,298.31,66.25,86.94,0,-21.82,0,5667.31,20.66,313.85,121.59,6123.4,2321.89,-141501.5,50.7199999999998,-101.280000000057,No Change
Oct 2080,State,GFDL,High,Low,2233.03,29.4,28.79,48.87,124.23,109.94,294.32,63.45,54.67,0,-22.51,0,2148.96,17.53,267.64,78.8,2512.93,2237.72,-141790.01,-84.1699999999996,-288.509999999951,No Change
Nov 2080,State,GFDL,High,Low,3153.84,49.73,37.26,31.36,100.85,40.07,82.06,6.61,68.97,0,-34,0,3035.13,28.88,78.39,3.3,3145.69,2215.23,-142067.49,-22.4900000000002,-277.48000000004,No Change
Dec 2080,State,GFDL,High,Low,1266.44,12.14,34.43,13.83,64.89,31,65.42,1.94,20.8,0,-19.74,0,1233.47,18.6,62.2,0,1314.28,2273.07,-142111.29,57.8399999999997,-43.7999999999884,No Change
Jan 2081,State,GFDL,High,Low,4168.74,86.11,34.2,49.79,105.75,37.25,65.48,2.06,106.67,0,-34.61,0,3975.96,36.63,63.01,0,4075.62,2308.25,-142173.7,35.1800000000003,-62.4100000000035,No Change
Feb 2081,State,GFDL,High,Low,4767.77,74.24,42.55,65.16,90.01,37.33,74.52,4.23,93.52,0,-36.88,0,4600.02,35.8,73.25,6.46,4715.53,2377.14,-142165.06,68.8900000000003,8.64000000001397,No Change
Mar 2081,State,GFDL,High,Low,3057.56,59.49,81.34,152.46,69.67,119.22,140.27,21.58,65.97,0,-20.51,0,2932.07,58.41,136.11,10.22,3136.83,2426.89,-142185.16,49.7499999999995,-20.1000000000058,No Change
Apr 2081,State,GFDL,High,Low,1567.97,59.94,162.76,164.35,165.2,156.78,274.98,61.38,37.77,0,-4.51,0,1470.31,54.44,258.14,56.01,1838.89,2359.92,-142268.59,-66.9699999999998,-83.429999999993,No Change
May 2081,State,GFDL,High,Low,4463.09,90.1,164.34,61.47,317.51,171.75,327.49,73.24,70.07,0,-21.62,0,4302.93,68.83,337.57,146.28,4855.6,2323.79,-142504.94,-36.1300000000001,-236.350000000006,No Change
Jun 2081,State,GFDL,High,Low,5100.93,63.88,57.24,59.22,258.76,213.64,363.66,80.89,67.4,0,-15.68,0,4969.64,32.45,379.13,180.39,5561.6,2386.23,-142857,62.4400000000001,-352.059999999998,No Change
Jul 2081,State,GFDL,High,Low,13484.54,178.02,30.1,132.32,299.58,222.77,322.67,74.61,200.45,0,-42.69,0,13106.06,41.68,359.23,166.89,13673.85,2334.97,-143268.42,-51.2600000000002,-411.420000000013,No Change
Aug 2081,State,GFDL,High,Low,16026.19,231.82,31.66,132.11,313.36,178.16,290.71,66.24,269.04,0,-50.54,0,15525.33,46.71,322.02,153.88,16047.92,2300.62,-143525.63,-34.3499999999999,-257.209999999992,No Change
Sep 2081,State,GFDL,High,Low,16628.43,220.09,28.8,155.17,213.16,116.13,203.53,40.41,250.35,0,-46.17,0,16157.99,42.86,226.57,113.9,16541.34,2338.28,-143685.47,37.6599999999999,-159.839999999967,No Change
Oct 2081,State,GFDL,High,Low,63.66,2.21,28.98,45.69,86.38,117.01,288.49,60.79,1.05,0,1.11,0,60.42,15.02,250.38,68.4,394.23,2371.85,-143758.3,33.5700000000006,-72.8300000000163,No Change
Nov 2081,State,GFDL,High,Low,10733.07,174.81,37.68,82.49,163.1,34.98,68.22,2.76,199.9,0,-47.52,0,10358.35,49.4,67.91,1.8,10477.46,2318.53,-144052.26,-53.3200000000006,-293.960000000021,No Change
Dec 2081,State,GFDL,High,Low,4184.41,50.51,37.06,35.91,92.41,31.43,65.98,1.94,70.46,0,-35.5,0,4063.45,26.15,63.07,0,4152.65,2444.2,-143967.14,125.67,85.1199999999953,No Change
Jan 2082,State,GFDL,High,Low,6710.97,125.45,36.33,84.73,111.94,41.32,66.03,2.06,144.37,0,-41.61,0,6441.13,48.04,64.22,0,6553.4,2506.17,-143996.19,61.9700000000003,-29.0499999999884,No Change
Feb 2082,State,GFDL,High,Low,4829.6,70.86,41.96,114.68,59.28,65.25,66.11,2.18,81.36,0,-36.13,0,4677.39,40.22,67.49,0.02,4785.13,2576.53,-143957.38,70.3599999999997,38.8099999999977,No Change
Mar 2082,State,GFDL,High,Low,4242.22,93.7,101.71,169.77,85.77,100.07,134.56,21.24,104.64,0,-35.77,0,4043.91,75.72,139.06,14.23,4272.91,2566.99,-143976.1,-9.53999999999996,-18.7200000000012,No Change
Apr 2082,State,GFDL,High,Low,176.71,40.19,170.17,143.15,201.43,214.05,320.79,74.12,5.34,0,4.48,0,131.23,75.33,310.6,91.07,608.23,2526.93,-144034.79,-40.0599999999999,-58.6900000000314,No Change
May 2082,State,GFDL,High,Low,509.87,36.26,115.08,63.19,277.64,240.26,387.49,89.34,5.98,0,-10.63,0,467.64,61.41,393.4,158.33,1080.79,2450.4,-144362.74,-76.5300000000002,-327.949999999953,No Change
Jun 2082,State,GFDL,High,Low,3131.52,41.89,53.66,63.24,243.73,219.25,422.68,94.43,43.85,0,-17.89,0,3045.78,25.72,419.75,186.88,3678.12,2392.52,-144823.86,-57.8799999999992,-461.119999999995,No Change
Jul 2082,State,GFDL,High,Low,22263.68,373.86,30.37,155.53,401.99,160.65,297.22,67.61,414.47,0,-70.7,0,21475.35,78.06,317.99,166.56,22037.97,2325.47,-145313.03,-67.0500000000002,-489.170000000013,No Change
Aug 2082,State,GFDL,High,Low,7405.8,90.84,32.14,119.03,289.62,287.92,359.06,83.08,123.99,0,-30.21,0,7190.96,32.48,383.84,152.88,7760.16,2478.39,-145365.44,152.92,-52.4100000000326,No Change
Sep 2082,State,GFDL,High,Low,9155.16,129.93,28.12,124.01,210.34,178.55,309.96,70.26,158.18,0,-31.39,0,8867.04,33.63,325.31,127.44,9353.43,2372.18,-145700.46,-106.21,-335.01999999996,No Change
Oct 2082,State,GFDL,High,Low,100.22,1.82,28.8,34.79,81.47,101.19,311.69,66.05,1.86,0,1.64,0,96.52,13.91,268.72,84.95,464.12,2318.37,-145940.81,-53.8100000000004,-240.350000000006,No Change
Nov 2082,State,GFDL,High,Low,1241.56,15.61,38.92,25.51,76.9,40.51,179.72,31.24,27.43,0,-26.41,0,1198.52,19.04,149.87,14.52,1381.94,2275.54,-146267.9,-42.8299999999999,-327.090000000026,No Change
Dec 2082,State,GFDL,High,Low,1396.23,24.53,36.81,13.02,83.92,28.36,66.55,1.94,41.16,0,-30.6,0,1330.54,23.39,63.01,0,1416.92,2310.52,-146429.83,34.9800000000005,-161.929999999964,No Change
Jan 2083,State,GFDL,High,Low,3243.63,49.66,36.66,39.96,89.74,38.4,68.42,2.5,64.72,0,-33.79,0,3129.24,28.82,67.11,0.61,3225.78,2367.66,-146483.88,57.1399999999994,-54.0500000000175,No Change
Feb 2083,State,GFDL,High,Low,1257.21,27.91,44.49,50.7,77.01,63.25,120.56,15.61,35.21,0,-25.19,0,1194.09,33.14,113.65,9.65,1350.56,2417.81,-146519.48,50.1500000000005,-35.6000000000058,No Change
Mar 2083,State,GFDL,High,Low,3278.32,70.58,76.13,163.99,79.87,127.25,246.43,50.94,78.97,0,-28.26,0,3128.77,58.35,219.11,26.38,3432.6,2422.84,-146624.04,5.02999999999975,-104.559999999998,No Change
Apr 2083,State,GFDL,High,Low,147.34,12.57,153.97,117.2,136.13,125.27,321.72,69.83,4.88,0,-7.81,0,129.87,46.3,284.98,81.06,542.22,2351.83,-146795.21,-71.0100000000002,-171.169999999984,No Change
May 2083,State,GFDL,High,Low,2058.79,25.67,119.21,39.09,240.32,153.8,368.34,77,26.58,0,-19.25,0,2006.51,38.52,352.78,163.63,2561.45,2329.6,-147131.07,-22.23,-335.859999999986,No Change
Jun 2083,State,GFDL,High,Low,8050.1,86.99,39.33,63.84,257.06,194.25,314.18,66.02,99.77,0,-18.19,0,7863.34,17.84,341.97,185.82,8408.98,2354.67,-147578.7,25.0700000000002,-447.630000000034,No Change
Jul 2083,State,GFDL,High,Low,11833.27,159.13,29.02,113.63,293.89,209.43,351.1,79.74,187.56,0,-37.36,0,11486.58,27.42,377.78,173.6,12065.37,2323.67,-147931.13,-31,-352.429999999993,No Change
Aug 2083,State,GFDL,High,Low,18842.6,248.44,32.08,133.53,314.52,167.53,226.65,47.09,277.11,0,-41.6,0,18317.05,41.57,269.54,148.44,18776.6,2301.68,-148225.86,-21.9900000000002,-294.729999999981,No Change
Sep 2083,State,GFDL,High,Low,2442.57,17.59,28.91,60.61,142.36,172.97,319.84,69.36,25.36,0,2.58,0,2399.62,13.89,302.04,119.2,2834.75,2358.69,-148318.33,57.0099999999998,-92.4700000000012,No Change
Oct 2083,State,GFDL,High,Low,13515.05,248.97,31.06,103.59,253.76,84.54,220.06,45.64,273.27,0,-49.11,0,12992.78,56.32,206.14,74.63,13329.87,2276.55,-148660.08,-82.1399999999994,-341.75,No Change
Nov 2083,State,GFDL,High,Low,10532.67,229.82,49.92,86.86,227.83,41.59,103.63,12.6,253.2,0,-56.99,0,10049.65,63.61,99.44,6.83,10219.53,2414.04,-148684.93,137.49,-24.8500000000349,No Change
Dec 2083,State,GFDL,High,Low,2282.39,29.97,45,24.82,88.2,29.12,67.11,1.95,43.67,0,-31.18,0,2208.76,22.28,66.36,0,2297.4,2591.88,-148586.59,177.84,98.3400000000256,No Change
Jan 2084,State,GFDL,High,Low,3737.02,59.19,43.69,41.15,101.66,35.89,67.16,2.06,79.5,0,-35.81,0,3598.33,31.77,65.12,0,3695.24,2649.73,-148639.26,57.8499999999999,-52.6700000000128,No Change
Feb 2084,State,GFDL,High,Low,1493.72,25.03,48.14,86.05,53.26,71.61,67.34,2.04,34.99,0,-28.81,0,1433.73,34.3,68.89,0.08,1536.99,2715.46,-148660.66,65.73,-21.3999999999651,No Change
Mar 2084,State,GFDL,High,Low,2114.67,47.35,84.49,138,75.12,122.68,179.81,32.27,55.33,0,-24.27,0,2011.98,65.65,174.45,19.15,2271.25,2693.47,-148719.83,-21.9899999999998,-59.1700000000419,No Change
Apr 2084,State,GFDL,High,Low,2168.62,50.51,123.57,114.57,189.9,177.75,292.13,64.79,55.27,0,-13.36,0,2062.84,60.71,287.11,84.27,2494.92,2618.99,-148855.42,-74.4800000000005,-135.589999999997,No Change
May 2084,State,GFDL,High,Low,2271.18,54.74,106.91,96.29,270.39,265.01,360.51,83.54,26.13,0,-12.7,0,2190.3,72.67,391.49,166.08,2820.51,2571.36,-149125.12,-47.6300000000001,-269.700000000012,No Change
Jun 2084,State,GFDL,High,Low,4735.87,60.09,54.9,91.19,311.96,313.26,385.06,90.38,61.99,0,-15.19,0,4613.8,40.29,428.77,190.87,5273.74,2462.22,-149554.72,-109.139999999999,-429.599999999977,No Change
Jul 2084,State,GFDL,High,Low,18176.68,279.74,30.18,170.63,308.73,172.69,316.29,72.95,305,0,-51.19,0,17591.95,54.43,339.82,164.29,18150.47,2326.84,-149993.47,-135.38,-438.750000000029,No Change
Aug 2084,State,GFDL,High,Low,34177.4,551.5,32.47,272.2,359.48,79.99,182.73,34.91,585.66,0,-72.84,0,33040.23,105.12,190.98,135.51,33471.83,2366.38,-150147.29,39.54,-153.819999999978,No Change
Sep 2084,State,GFDL,High,Low,18537.98,231,31.45,175.64,205.58,121.92,171.29,30.55,263.21,0,-43.3,0,18043.77,46.45,203.56,109.13,18402.95,2602.71,-149917.79,236.33,229.5,No Change
Oct 2084,State,GFDL,High,Low,11256.53,189.51,35.27,124.91,191.68,93.86,201.7,40.07,207.03,0,-44.88,0,10860,46.95,193.32,53.78,11154.04,2623.53,-149947.74,20.8199999999997,-29.9499999999825,No Change
Nov 2084,State,GFDL,High,Low,7324.36,124.6,52.27,65.54,150.21,39.36,69.95,2.77,145.42,0,-43.84,0,7054.35,44.31,71.43,1.23,7171.32,2689.65,-150001.02,66.1200000000003,-53.2800000000279,No Change
Dec 2084,State,GFDL,High,Low,5869.44,77.69,48.73,46.49,118.63,29.41,67.7,1.96,92.23,0,-39.44,0,5699.52,30.15,66.57,0,5796.26,2796.23,-149967.83,106.58,33.1900000000314,No Change
Jan 2085,State,GFDL,High,Low,2332.92,34.9,48.14,52.53,75.51,40.18,67.75,2.08,48.52,0,-35.8,0,2249.5,30.98,67.65,0,2348.16,2884.6,-149980.77,88.3699999999999,-12.9400000000023,No Change
Feb 2085,State,GFDL,High,Low,4200.48,79.22,53.42,111.43,81.78,67.5,68.08,2.39,80.35,0,-41.81,0,4040.89,48.75,71.38,0.18,4161.22,2917.94,-150033.73,33.3399999999997,-52.9599999999919,No Change
Mar 2085,State,GFDL,High,Low,7295.17,171.41,100.46,165.93,130.26,81.87,123.02,17.09,159.21,0,-45.95,0,6964.59,103.48,132.58,12.2,7212.85,2926.53,-150061.07,8.59000000000015,-27.3400000000256,No Change
Apr 2085,State,GFDL,High,Low,2379.27,79.05,233.27,202.35,196.79,155.5,277.73,63.1,54.7,0,-24.52,0,2245.5,93.22,271.23,61.44,2671.39,2948.27,-150065.94,21.7399999999998,-4.86999999999534,No Change
May 2085,State,GFDL,High,Low,1913.71,104.23,219.68,93.33,321.51,194.83,359.46,83.23,27.83,0,-42.72,0,1781.64,146.62,384.3,148.77,2461.34,2932.96,-150311.86,-15.3099999999995,-245.919999999984,No Change
Jun 2085,State,GFDL,High,Low,10449.46,154.82,98.24,161.2,309.01,263.99,328.25,75.3,153.71,0,-47.17,0,10140.91,94,387.14,183.29,10805.32,2951.59,-150751.76,18.6300000000001,-439.900000000023,No Change
Jul 2085,State,GFDL,High,Low,13098.12,167.44,42.7,201.55,289.04,302.71,321.35,73.98,191.25,0,-38.25,0,12739.4,60.49,381.46,172.12,13353.49,2862.43,-151081.45,-89.1600000000003,-329.689999999973,No Change
Aug 2085,State,GFDL,High,Low,16065.03,270.01,37.48,202.23,262.6,186.36,326.59,76.18,298.24,0,-46.09,0,15496.76,75.11,350.25,151.66,16073.8,2714.68,-151347.93,-147.75,-266.48000000001,No Change
Sep 2085,State,GFDL,High,Low,6651.39,107.31,30.26,108.49,220.24,201.79,341.43,79.16,131.74,0,-29.91,0,6412.32,40.53,350.26,121.5,6924.62,2691.05,-151497.83,-23.6300000000006,-149.899999999994,No Change
Oct 2085,State,GFDL,High,Low,4020.35,48.03,30.45,60.21,160.42,140.47,281.54,60.16,74.69,0,-24.67,0,3897.63,22.98,271.3,82.72,4274.62,2621.53,-151779.79,-69.52,-281.960000000021,No Change
Nov 2085,State,GFDL,High,Low,2793.94,34.81,46.56,25.88,108.75,42.92,129.23,17.94,55.15,0,-32.48,0,2703.97,22.19,118.33,11.79,2856.27,2591.59,-152033.9,-29.9399999999996,-254.110000000015,No Change
Dec 2085,State,GFDL,High,Low,12863,201.63,40.79,98.52,174.94,29.7,68.29,1.95,219.99,0,-47.23,0,12441.39,45.88,66.07,0,12553.33,2650.33,-152134.27,58.7399999999998,-100.369999999995,No Change
Jan 2086,State,GFDL,High,Low,8138.37,144.46,44.06,71.44,151.51,38.49,68.34,2.07,165.95,0,-42.35,0,7827.98,46.42,67.78,0,7942.16,2795.81,-152027.82,145.48,106.450000000012,No Change
Feb 2086,State,GFDL,High,Low,6251.47,102.71,51.56,112.04,95.46,57.19,69.4,2.55,120.86,0,-40.81,0,6027.88,44.79,73.19,0.5,6146.37,2907.31,-151970.49,111.5,57.3300000000163,No Change
Mar 2086,State,GFDL,High,Low,2243.57,62.93,99.55,145.93,84.25,115.39,118.94,15.92,56.53,0,-23.68,0,2124.12,71.38,124.65,13.33,2333.48,2939.23,-151957.78,31.9200000000001,12.7099999999627,No Change
Apr 2086,State,GFDL,High,Low,2404.66,100.53,275.04,173.74,257.78,143.72,296.89,67.42,41.67,0,-45.94,0,2262.45,133.68,306.04,98.9,2801.06,2886.47,-152041.27,-52.7599999999998,-83.4899999999616,No Change
May 2086,State,GFDL,High,Low,1492.43,79.67,180.71,94.1,314.21,232.99,368.38,85.18,19.44,0,-32.26,0,1393.33,117.32,396.07,158.64,2065.35,2923.96,-152373.9,37.4899999999998,-332.630000000034,No Change
Jun 2086,State,GFDL,High,Low,5064.7,70.97,81.25,141.35,306.41,329.17,383.46,89.97,70.55,0,-35.27,0,4923.17,68.88,431.28,185.11,5608.43,2892.33,-152828.58,-31.6300000000001,-454.679999999993,No Change
Jul 2086,State,GFDL,High,Low,14684.98,233.66,38.04,167.31,309.58,216.74,359.38,83.79,259.94,0,-48.9,0,14191.37,60.46,395.6,174.95,14822.37,2731.81,-153271.9,-160.52,-443.319999999949,No Change
Aug 2086,State,GFDL,High,Low,13916.8,206.22,34.58,158.34,272.2,202.54,331.11,76.37,236.37,0,-41.12,0,13474.22,53.89,359.29,154.02,14041.39,2704.64,-153511.42,-27.1700000000001,-239.520000000019,No Change
Sep 2086,State,GFDL,High,Low,9685.96,132.83,30.03,113.29,238.15,193.36,304.79,68.42,163.53,0,-32.28,0,9389.59,37.1,328.65,131.21,9886.53,2669.75,-153724.87,-34.8899999999999,-213.450000000012,No Change
Oct 2086,State,GFDL,High,Low,5567.91,78.55,29.41,70.41,149.17,108.35,257.95,54.03,103.95,0,-30,0,5385.4,26.74,243.47,72.03,5727.65,2622.25,-153961.24,-47.5,-236.369999999995,No Change
Nov 2086,State,GFDL,High,Low,5749.17,110.59,39.5,42.2,142.79,38.35,71.21,2.8,135.69,0,-40.91,0,5502.91,44.37,70.84,0.92,5619.03,2623.5,-154163.19,1.25,-201.950000000012,No Change
Dec 2086,State,GFDL,High,Low,1323.62,13.73,38.78,15.55,72.79,32.52,68.89,1.96,22.78,0,-24.6,0,1287.09,21.29,66.62,0,1375.01,2725.48,-154137.74,101.98,25.4500000000116,No Change
Jan 2087,State,GFDL,High,Low,17255.12,287.85,38.86,180.53,191.6,37.28,68.94,2.07,297.53,0,-69.22,0,16669.74,61.1,67.69,0,16798.5,2766.07,-154206.49,40.5899999999992,-68.75,No Change
Feb 2087,State,GFDL,High,Low,3663.67,63.31,43.26,50,104.89,52.95,84.98,6.67,72.77,0,-36.1,0,3527.59,40.76,88.77,0.33,3657.46,2919.53,-154045.02,153.46,161.470000000001,No Change
Mar 2087,State,GFDL,High,Low,6972.89,146.94,76.08,154.93,100.87,80.28,108.47,13.72,132.01,0,-36.63,0,6693.94,84.13,119.53,10.59,6908.19,2960.94,-154086.97,41.4100000000003,-41.9500000000407,No Change
Apr 2087,State,GFDL,High,Low,4126.06,108.36,202.62,202.32,203.54,148.45,251.12,54.99,80.51,0,-21.92,0,3937.19,75.48,248.47,50.54,4311.69,2956.75,-154096.92,-4.19000000000005,-9.94999999995343,No Change
May 2087,State,GFDL,High,Low,6837,163.54,263.27,111.98,377.13,151.68,294.17,65.91,107.92,0,-61.65,0,6565.55,151.04,334.7,147.35,7198.64,2959.49,-154285,2.73999999999978,-188.079999999987,No Change
Jun 2087,State,GFDL,High,Low,4316.31,84.36,131.25,134.75,335.62,309.29,383.27,90.29,60.41,0,-47.49,0,4171.56,102.02,436.07,183.09,4892.72,3078.5,-154614.34,119.01,-329.339999999997,No Change
Jul 2087,State,GFDL,High,Low,17246.65,268.29,48.23,220.05,307.45,230.25,344.16,80.45,294.18,0,-58.04,0,16684.18,77.32,382.52,170.04,17314.07,2961.77,-155077.49,-116.73,-463.150000000052,No Change
Aug 2087,State,GFDL,High,Low,20258.9,291.11,40.15,204.35,268.31,157.8,273.52,60.1,325.97,0,-49.56,0,19641.84,65.97,307.25,147.7,20162.75,2920.13,-155275.11,-41.6399999999994,-197.619999999995,No Change
Sep 2087,State,GFDL,High,Low,11923.39,156.75,33.35,128.36,226.1,164.59,260.36,55.9,191.35,0,-40.1,0,11575.3,40.33,292.26,125.08,12032.96,2936.8,-155359.78,16.6700000000001,-84.6700000000128,No Change
Oct 2087,State,GFDL,High,Low,8714.03,146.89,32.89,105.98,171.53,101.63,237.11,48.88,164.83,0,-41.75,0,8402.3,45.67,221.69,57.05,8726.69,2910.49,-155538.08,-26.3100000000004,-178.299999999959,No Change
Nov 2087,State,GFDL,High,Low,3360.89,39.19,58.54,39.77,108.97,44.76,78.12,4.66,52.38,0,-38.65,0,3269.33,32.4,78.62,1.94,3382.31,2946.9,-155660.25,36.4100000000003,-122.169999999984,No Change
Dec 2087,State,GFDL,High,Low,17687.86,267.96,48.46,168.28,195.3,47.99,69.49,1.96,285.76,0,-58.46,0,17134.14,59.29,68.27,0,17261.71,3005.95,-155721.91,59.0499999999997,-61.6600000000326,No Change
Jan 2088,State,GFDL,High,Low,3755.84,49.78,49.74,66.71,85.1,42.76,69.54,2.08,70.52,0,-41.02,0,3635.53,31.5,70.68,0,3737.72,3152.49,-155562.13,146.54,159.780000000028,No Change
Feb 2088,State,GFDL,High,Low,2124.28,32.34,54.89,90.1,78.3,81.58,89.68,7.72,43.75,0,-37.13,0,2048.21,37.53,97.02,6.49,2189.27,3191.62,-155600.09,39.1300000000001,-37.9600000000501,No Change
Mar 2088,State,GFDL,High,Low,2002.32,53.54,150.4,190.11,83.01,115.17,153.74,25.32,50.04,0,-28.79,0,1898.76,74.78,156.86,18.25,2148.64,3173.24,-155681.89,-18.3800000000001,-81.7999999999593,No Change
Apr 2088,State,GFDL,High,Low,1284.88,66.84,211.44,156.18,227.35,174.35,316.16,72.42,37.99,0,-32.24,0,1180.06,101.34,316.67,90.29,1688.39,3112.65,-155807.34,-60.5900000000001,-125.450000000012,No Change
May 2088,State,GFDL,High,Low,921.35,68.26,161.88,92.52,280.2,221.06,384.48,88.47,14.17,0,-37.02,0,838.92,115.5,407.59,158.69,1520.7,3092.73,-156135.63,-19.9199999999996,-328.290000000008,No Change
Jun 2088,State,GFDL,High,Low,595.18,15.65,75.2,67,288.06,278.59,447.5,99.91,6.43,0,-23.77,0,573.1,38.16,459.73,188.63,1259.62,3040.3,-156613.19,-52.4299999999998,-477.559999999998,No Change
Jul 2088,State,GFDL,High,Low,16412.7,229.57,36.62,158.95,314.04,207.46,311.32,70.23,258.36,0,-51.21,0,15924.76,51.88,357.88,170.43,16504.94,2937.64,-157166.74,-102.66,-553.549999999988,No Change
Aug 2088,State,GFDL,High,Low,27117.12,360.4,33.44,217.01,311.83,139.42,196.73,38,399.23,0,-59.51,0,26357.5,63.96,241.08,146.1,26808.64,2927.42,-157371.13,-10.2199999999998,-204.389999999985,No Change
Sep 2088,State,GFDL,High,Low,5653.93,63.02,33.17,104.89,217.35,233.05,333.64,76.01,92.41,0,-22.57,0,5498.49,29.54,353.77,127.29,6009.07,3017.49,-157336.25,90.0700000000002,34.8799999999756,No Change
Oct 2088,State,GFDL,High,Low,4015.67,53.78,30.78,73.66,136.8,119.3,275.55,58.03,79.92,0,-30.75,0,3881.99,24.17,255.24,69.18,4230.55,2905.7,-157651.32,-111.79,-315.070000000007,No Change
Nov 2088,State,GFDL,High,Low,401.83,6.51,46.19,15.51,83.79,49.15,162.06,26.17,12.68,0,-21.57,0,382.66,24.1,140.73,11.69,559.16,2885.48,-157888.86,-20.2199999999998,-237.540000000008,No Change
Dec 2088,State,GFDL,High,Low,5890.54,115.38,39.31,52.39,136,33.12,70.11,1.96,130.67,0,-41.61,0,5644.5,41.02,67.85,0,5753.39,2915.29,-158045.33,29.8099999999999,-156.469999999972,No Change
Jan 2089,State,GFDL,High,Low,1621.14,18.82,38.47,24.33,79.72,39.75,70.16,2.08,42.67,0,-31.78,0,1559.62,24.79,69.2,0,1653.61,3018.45,-158024.4,103.16,20.9300000000221,No Change
Feb 2089,State,GFDL,High,Low,3272.13,40.99,42.33,59.05,73.63,47.78,77.93,3.95,59.87,0,-34.59,0,3171.25,33.01,77.58,5.93,3287.78,3057.3,-158081.55,38.8500000000004,-57.1500000000524,No Change
Mar 2089,State,GFDL,High,Low,3204.84,59.34,74.45,142.59,79.82,119.58,199.12,37,80.72,0,-30.76,0,3064.78,61.72,193.36,23.13,3342.98,3079.54,-158136.14,22.2399999999998,-54.5899999999674,No Change
Apr 2089,State,GFDL,High,Low,714.33,45.98,205.02,170.22,210.34,206.07,317.51,69.92,11.9,0,2.73,0,656.44,73.75,313.3,96.21,1139.7,3008.52,-158271.42,-71.02,-135.280000000028,No Change
May 2089,State,GFDL,High,Low,1479.22,36.15,102.88,58.85,238.06,206.83,369.19,83.14,14.5,0,0.13,0,1428.57,48.83,385.2,158.85,2021.43,2947.11,-158600.58,-61.4100000000003,-329.159999999974,No Change
Jun 2089,State,GFDL,High,Low,3362.32,37.09,45.17,53.34,223.48,205.77,395.39,85.35,39.42,0,-6.34,0,3285.79,17.52,403.82,190.5,3897.64,2879.18,-159030.82,-67.9299999999994,-430.239999999991,No Change
Jul 2089,State,GFDL,High,Low,6432.05,81.08,28.44,93.47,247.83,212.24,422.78,92.4,108.39,0,-34.17,0,6242.59,14.61,426.97,183.11,6867.26,2803.12,-159498.29,-76.0600000000004,-467.47000000003,No Change
Aug 2089,State,GFDL,High,Low,12104.16,167.74,31.19,109.51,282.98,180.27,324.06,69.93,199.68,0,-43.33,0,11736.77,30.04,345.79,156.43,12269.04,2742.13,-159937.56,-60.9899999999998,-439.26999999999,No Change
Sep 2089,State,GFDL,High,Low,10716.69,162.21,28.13,107.99,229.89,138.74,316.59,69.02,194.59,0,-42.63,0,10359.86,33.84,320.24,125.05,10838.99,2753.18,-160191.8,11.0500000000002,-254.24000000002,No Change
Oct 2089,State,GFDL,High,Low,7365.82,89.92,28.67,83.89,134.2,85.8,247.96,51.8,112.16,0,-34.42,0,7163.76,20.72,234.77,68.95,7488.19,2771.66,-160412.48,18.48,-220.679999999993,No Change
Nov 2089,State,GFDL,High,Low,2747.68,58.55,38.52,37.28,109.61,48.93,136.73,20.26,75.11,0,-35.96,0,2614.03,35.06,123.39,8.48,2780.98,2781.47,-160599.87,9.80999999999995,-187.389999999985,No Change
Dec 2089,State,GFDL,High,Low,13805.27,210.88,38.2,84.45,194.46,33.51,70.73,1.96,238.97,0,-47.87,0,13355.4,51.56,68.48,0,13475.44,2835.21,-160685.66,53.7399999999998,-85.7900000000081,No Change
Jan 2090,State,GFDL,High,Low,6363.3,124.55,42.42,66.29,136.72,35.98,71.4,2.32,146.94,0,-45.72,0,6091.81,45.64,72.93,0.2,6210.6,2996.42,-160563.31,161.21,122.350000000006,No Change
Feb 2090,State,GFDL,High,Low,2812.41,36.69,49.54,47.94,90.41,55.13,106.15,12.34,50.33,0,-33.28,0,2725.4,36.28,105.93,6.56,2874.15,3093.35,-160531.4,96.9299999999998,31.9099999999744,No Change
Mar 2090,State,GFDL,High,Low,5512.88,135.94,89.59,152.31,106.09,86.66,131.78,19.14,138.4,0,-40.69,0,5238.54,94.47,138.5,12.32,5483.82,3116.51,-160614.72,23.1599999999999,-83.3199999999488,No Change
Apr 2090,State,GFDL,High,Low,4555.18,110.14,169.6,139.79,223.01,148.22,265.35,58.83,88.05,0,-31.3,0,4356.96,96.47,267.43,70.54,4791.41,3110.06,-160641.93,-6.44999999999982,-27.2100000000501,No Change
May 2090,State,GFDL,High,Low,2492.48,98.65,171.81,93.09,303.99,216.94,354.12,80.91,33.77,0,-38.45,0,2360.05,128.78,383.54,150.16,3022.53,3123.91,-160862.21,13.8499999999999,-220.279999999999,No Change
Jun 2090,State,GFDL,High,Low,2106.27,43.55,89.59,128.75,314.95,357.9,416.25,97.92,27.55,0,-26.52,0,2035.18,73.82,455.09,183.2,2747.3,3100.67,-161290.28,-23.2399999999998,-428.069999999978,No Change
Jul 2090,State,GFDL,High,Low,12892.87,180.82,40.77,204.25,287.62,283.28,376.71,87.23,210.04,0,-47.28,0,12502.02,60.28,416.98,178.47,13157.75,2920.97,-161790.78,-179.7,-500.499999999971,No Change
Aug 2090,State,GFDL,High,Low,14281.11,202.38,35.1,157.69,264.48,191.05,330.14,75.44,237.77,0,-45.74,0,13840.98,52.1,355.93,155.5,14404.49,2797.8,-162095.97,-123.17,-305.190000000031,No Change
Sep 2090,State,GFDL,High,Low,18006.89,250.36,29.9,174.08,234.24,121.91,221.65,44.89,278.95,0,-55.13,0,17477.58,48.99,246.3,119.77,17892.65,2770,-162314.14,-27.8000000000002,-218.169999999984,No Change
Oct 2090,State,GFDL,High,Low,1258.47,14.63,30.9,44.69,107.03,114.25,277.98,58.5,26.55,0,-13.52,0,1217.29,21.58,247.52,50.73,1537.14,2812.77,-162386.83,42.77,-72.6900000000605,No Change
Nov 2090,State,GFDL,High,Low,632.37,8.74,39.67,17.12,80.34,45.33,142.18,21.22,19.91,0,-25.16,0,603.72,21.44,126.19,8.8,760.16,2777.5,-162644.01,-35.27,-257.179999999935,No Change
Dec 2090,State,GFDL,High,Low,2012.57,24.91,41.92,19.73,86.62,33.63,71.36,1.95,36.21,0,-32.79,0,1951.47,26.9,67.86,0,2046.23,2807.28,-162779.03,29.7799999999997,-135.01999999999,No Change
Jan 2091,State,GFDL,High,Low,2749.58,38.5,42.65,24.92,98.66,40.52,71.41,2.07,56.98,0,-34.01,0,2654.1,32.07,69.7,0,2755.9,2861.81,-162845,54.5300000000002,-65.9700000000303,No Change
Feb 2091,State,GFDL,High,Low,3524.01,53.28,53.79,79.35,69.15,41.77,71.8,2.08,65.94,0,-39.2,0,3404.78,39.53,72.92,0.2,3517.42,2919.58,-162891.36,57.77,-46.359999999986,No Change
Mar 2091,State,GFDL,High,Low,5399.25,98.14,107.58,182.21,81.01,93.78,112.66,12.57,117.55,0,-34.77,0,5183.56,71.04,120.2,9.18,5383.99,2943.77,-162934.54,24.1900000000001,-43.1800000000512,No Change
Apr 2091,State,GFDL,High,Low,1081.89,26.78,136.57,120.87,185.48,192.24,297.51,66.24,17.09,0,-4.69,0,1038.03,53.93,299.74,87.18,1478.88,2910.88,-162961.03,-32.8899999999999,-26.4899999999325,No Change
May 2091,State,GFDL,High,Low,1137.46,26.12,90.37,44.49,226.25,169.48,383.13,81.49,13.09,0,-15.74,0,1098.24,30.99,383.61,164.88,1677.72,2835.63,-163267.06,-75.25,-306.030000000028,No Change
Jun 2091,State,GFDL,High,Low,8765.44,109.4,44.5,78.8,291.81,223.94,342.59,75.21,122.78,0,-23.2,0,8533.25,30.43,379.74,184.12,9127.53,2810.42,-163736.24,-25.21,-469.179999999993,No Change
Jul 2091,State,GFDL,High,Low,26334.43,377.67,31.62,196.21,381.21,165.34,260.57,56.02,421.43,0,-70.48,0,25535.34,67.69,302.16,166.37,26071.57,2765.92,-164088.15,-44.5,-351.910000000003,No Change
Aug 2091,State,GFDL,High,Low,16377.19,256.96,33.1,167.38,284.67,171.34,324.46,74.25,300.65,0,-54.47,0,15819.58,63.82,351.16,151.87,16386.41,2884.18,-164108.14,118.26,-19.9899999999907,No Change
Sep 2091,State,GFDL,High,Low,26385.46,320.78,29.74,255.51,226.99,124.25,171.64,29.34,358.15,0,-59.34,0,25706.52,51.62,211.59,122.91,26092.63,2896.57,-164264.04,12.3899999999999,-155.899999999994,No Change
Oct 2091,State,GFDL,High,Low,12140.79,171.15,31.48,123.92,175.71,83.82,160.19,28.05,199.24,0,-52.31,0,11770.4,39.12,162.12,46.45,12018.1,2930,-164230.41,33.4300000000003,33.6299999999464,No Change
Nov 2091,State,GFDL,High,Low,7143.55,116.06,39.73,67.18,148.32,52.51,93,8.23,146.25,0,-46.76,0,6881.25,39.55,96.27,6.76,7023.82,2991.87,-164262.03,61.8699999999999,-31.6199999999953,No Change
Dec 2091,State,GFDL,High,Low,1166.16,11.57,40.21,18.61,75.9,36.14,72.02,1.96,24.83,0,-27.86,0,1129.75,21.27,70.48,0,1221.49,3076.19,-164254.09,84.3199999999997,7.94000000000233,No Change
Jan 2092,State,GFDL,High,Low,7101.26,99.16,40.18,60.19,129.18,39.75,72.07,2.08,128.11,0,-46.81,0,6873.98,36.55,70.76,0,6981.32,3115.54,-164327.15,39.3500000000004,-73.0599999999686,No Change
Feb 2092,State,GFDL,High,Low,1167.2,14.29,45.07,68.69,53.66,66.17,72.46,2.32,27.84,0,-29.05,0,1125.07,32.24,75.56,0.19,1233.06,3204.17,-164315.83,88.6300000000001,11.3199999999779,No Change
Mar 2092,State,GFDL,High,Low,2839.99,54.81,75.66,140.37,77.2,118.09,132.53,18.87,69.86,0,-33.46,0,2715.32,64.46,141.59,12.31,2933.67,3186.23,-164387.34,-17.9400000000001,-71.5100000000093,No Change
Apr 2092,State,GFDL,High,Low,1589.24,44.48,172.38,161.53,188.83,175.88,299.05,67.12,48.33,0,-25.13,0,1496.42,67.54,298.06,75.8,1937.82,3117.43,-164476.93,-68.8000000000002,-89.5899999999674,No Change
May 2092,State,GFDL,High,Low,5255.36,107.35,154.52,99.82,280.93,184.45,316.27,70.67,75.86,0,-42.44,0,5072.15,108,358.28,152.79,5691.19,3064.22,-164761.44,-53.2099999999996,-284.510000000009,No Change
Jun 2092,State,GFDL,High,Low,10180.12,117.45,73.32,164.46,307.75,312.09,309.1,68.11,126.67,0,-39.52,0,9936.02,70.14,376.39,180.34,10562.89,3048.01,-165126.4,-16.21,-364.959999999992,No Change
Jul 2092,State,GFDL,High,Low,10296.04,118.5,35.25,121.94,312.63,277.34,349.21,78.5,152.3,0,-38.63,0,10025.22,35.13,404.42,180.85,10645.6,2908.28,-165460.56,-139.73,-334.160000000033,No Change
Aug 2092,State,GFDL,High,Low,14940.88,205.03,32.96,138.78,295.47,200.6,296.42,65.67,244.25,0,-44.75,0,14491.61,49.1,338.48,155.09,15034.3,2809.88,-165798.44,-98.4000000000001,-337.879999999976,No Change
Sep 2092,State,GFDL,High,Low,1840.9,19.74,29.32,70.36,184.63,209.36,382.01,83.96,36,0,-13.8,0,1785.15,17.2,373.98,135.71,2312.02,2797.02,-165984.81,-12.8600000000006,-186.369999999995,No Change
Oct 2092,State,GFDL,High,Low,3132.28,41.1,33.72,66.11,144.79,125.1,300.89,62.96,57.74,0,-28.17,0,3033.45,17.19,279.04,81.74,3411.41,2696.36,-166396.32,-100.66,-411.510000000009,No Change
Nov 2092,State,GFDL,High,Low,343.05,9.06,42.33,15.2,79.58,49.63,173.86,27.45,6.97,0,-22.43,0,327.01,28.69,147,15.45,518.12,2674.93,-166686.44,-21.4299999999994,-290.119999999995,No Change
Dec 2092,State,GFDL,High,Low,4075.64,58.99,41.05,35.89,106.44,34.21,72.67,1.96,74.05,0,-38.3,0,3942.59,30.23,70.21,0,4043.05,2704.29,-166863.73,29.3599999999997,-177.290000000008,No Change
Jan 2093,State,GFDL,High,Low,2792.96,62.5,40.02,37.56,103.93,40.8,73.23,2.06,83.57,0,-35.62,0,2646.9,37.42,71.16,0.19,2755.67,2776.99,-166898.68,72.7000000000003,-34.9500000000116,No Change
Feb 2093,State,GFDL,High,Low,463.55,9.69,49.96,29.39,95.73,78.36,121.19,14.1,15.13,0,-18.93,0,438.72,31.84,114.74,7.73,593,2840.11,-166922.08,63.1199999999994,-23.3999999999942,No Change
Mar 2093,State,GFDL,High,Low,4954.89,109.77,112.83,192.13,92.84,97.66,234.74,46.38,129.53,0,-38.55,0,4715.58,73.88,215.68,24.35,5029.48,2849.81,-167040.68,9.70000000000073,-118.599999999948,No Change
Apr 2093,State,GFDL,High,Low,303.28,37.98,192.03,161.74,190.48,196.11,331.09,70.87,6.98,0,2.77,0,258.3,71.15,312.82,89.69,731.97,2817.66,-167162.4,-32.1500000000005,-121.72000000003,No Change
May 2093,State,GFDL,High,Low,1454.5,37.22,96.78,66.74,244.04,220.25,396.93,89.02,15.42,0,-8.65,0,1401.85,52.11,412.61,177.84,2044.42,2759.43,-167502.56,-58.23,-340.160000000003,No Change
Jun 2093,State,GFDL,High,Low,4302.09,56.38,46.46,63.33,258.53,224.44,409.31,88.37,63.95,0,-21.27,0,4181.76,26.69,417.65,186.91,4813.01,2678.51,-167981.55,-80.9199999999996,-478.99000000002,No Change
Jul 2093,State,GFDL,High,Low,6518.72,80.81,28.84,98.33,246.39,216.9,426.23,92.95,103.07,0,-33.56,0,6334.86,15.4,427.62,187.79,6965.63,2615.92,-168446.72,-62.5900000000001,-465.170000000013,No Change
Aug 2093,State,GFDL,High,Low,14366.47,222.5,30.63,133.92,305.42,180.11,347.55,77.04,258.15,0,-50.37,0,13885.84,44.23,362.32,160.2,14452.57,2551.06,-168898.29,-64.8600000000001,-451.569999999949,No Change
Sep 2093,State,GFDL,High,Low,5893.25,70.85,27.81,73.62,212.3,185.74,337.18,74.26,98.32,0,-23.83,0,5724.07,22.29,343.68,129.58,6219.61,2584.59,-169121.2,33.5300000000002,-222.910000000062,No Change
Oct 2093,State,GFDL,High,Low,2207.19,26.8,28.23,45.18,125.45,112.5,307.21,65.08,42.59,0,-17.57,0,2137.81,14.45,281.52,83.79,2517.58,2530.39,-169439.18,-54.1999999999998,-317.979999999952,No Change
Nov 2093,State,GFDL,High,Low,95.74,5.2,37.75,14.04,69.12,46.87,164.09,24.71,4.14,0,-17.86,0,86.39,24.51,137.99,12.61,261.5,2503.95,-169740.07,-26.4400000000005,-300.890000000014,No Change
Dec 2093,State,GFDL,High,Low,3045.07,68.13,35.35,35.06,101.4,34.1,73.35,1.95,74.09,0,-35.32,0,2902.86,36.44,69.65,0,3008.91,2527.6,-169905.78,23.6500000000005,-165.710000000021,No Change
Jan 2094,State,GFDL,High,Low,3073.71,69.35,36.83,34.05,101.49,41.1,73.61,2,58.62,0,-30.83,0,2945.71,42.61,71.66,0.09,3060.04,2596.63,-169938.39,69.0299999999997,-32.6100000000151,No Change
Feb 2094,State,GFDL,High,Low,1791.97,40.7,43.41,36.35,101.71,65.5,121.39,14.4,39.07,0,-29,0,1712.18,40.56,115.79,7.75,1876.28,2656.95,-169982.26,60.3199999999997,-43.8699999999662,No Change
Mar 2094,State,GFDL,High,Low,2246.24,53.61,114.81,161.09,102.46,141.85,247.47,49.5,46.32,0,-18.84,0,2146.29,65.57,223.39,24,2459.25,2684.37,-170086.92,27.4200000000001,-104.660000000003,No Change
Apr 2094,State,GFDL,High,Low,386.29,22.78,236.7,222.49,173.47,205.25,325.85,69.18,7.61,0,16.41,0,355.91,52.36,301.32,88.11,797.71,2619.58,-170281.43,-64.79,-194.50999999998,No Change
May 2094,State,GFDL,High,Low,1324.7,16.26,149.85,81.38,285.85,248.43,379.19,84.11,12.48,0,11.14,0,1295.95,36.16,388.12,163.68,1883.92,2543.16,-170602.2,-76.4200000000001,-320.770000000019,No Change
Jun 2094,State,GFDL,High,Low,4751.78,60.59,41.44,70.12,201.5,162.88,413.64,89.38,68.29,0,-20.91,0,4622.91,14.17,396.13,183.48,5216.68,2487.54,-171037.36,-55.6199999999999,-435.160000000003,No Change
Jul 2094,State,GFDL,High,Low,23007.17,339.64,29.59,173.95,374.85,177.32,286.75,62.45,383.42,0,-63.28,0,22284.09,61.02,320.15,171.49,22836.75,2454.31,-171497.72,-33.23,-460.359999999986,No Change
Aug 2094,State,GFDL,High,Low,8008.99,94.89,30.65,106.13,286.15,265.41,362.68,83.5,130.2,0,-30.41,0,7783.88,29.08,389.76,156.78,8359.52,2556.01,-171573.34,101.7,-75.6199999999953,No Change
Sep 2094,State,GFDL,High,Low,18542.8,253.72,30.09,181.16,236.18,127.26,213.85,41.65,279.14,0,-52.9,0,18009.96,46.63,239.35,120.32,18416.25,2466.17,-171909.53,-89.8400000000001,-336.190000000002,No Change
Oct 2094,State,GFDL,High,Low,3752.35,45.51,27.56,67.92,129.75,117.15,281.01,58.27,66.57,0,-25.59,0,3640.26,18.13,260.99,74.54,3993.92,2507.95,-171975.82,41.7799999999997,-66.2900000000081,No Change
Nov 2094,State,GFDL,High,Low,119.47,2.93,34.58,16.42,64.2,49.02,144.88,20.6,4.44,0,-12.27,0,112.14,18.19,125.97,10.55,266.84,2482.29,-172232.08,-25.6599999999999,-256.25999999998,No Change
Dec 2094,State,GFDL,High,Low,2032.24,26.82,32.8,24.32,77.59,34.63,74.01,1.95,46.54,0,-31.48,0,1958.88,23.83,69.09,0,2051.8,2495.78,-172374.77,13.4899999999998,-142.690000000002,No Change
Jan 2095,State,GFDL,High,Low,9597.15,164.86,32.43,107.61,135.41,46.82,74.2,2.1,189.17,0,-47.37,0,9243.15,48.48,72.07,0.08,9363.79,2541.71,-172431.79,45.9300000000003,-57.0200000000186,No Change
Feb 2095,State,GFDL,High,Low,4657.48,78.85,39.39,96.48,104.03,83.86,109.7,11.15,102.52,0,-38.05,0,4476.13,39.64,108.8,6.66,4631.21,2630.28,-172362.13,88.5699999999997,69.6599999999744,No Change
Mar 2095,State,GFDL,High,Low,5392.83,126.33,99.43,167.27,104,92.96,146.49,21.71,123.1,0,-37.43,0,5143.4,84.85,146.98,17.65,5392.89,2640.23,-172402.91,9.94999999999982,-40.7799999999697,No Change
Apr 2095,State,GFDL,High,Low,3144.8,76.36,204.28,184.64,205.26,171.92,285.11,63.2,63.16,0,-14.21,0,3005.3,76.84,283.71,84.78,3450.6,2629.08,-172459.69,-11.1499999999996,-56.7799999999697,No Change
May 2095,State,GFDL,High,Low,953.78,46.99,110.74,94.01,267.49,266.92,383.77,86.93,12.12,0,-11.92,0,894.67,75.07,395.4,154.11,1519.28,2600.65,-172717.4,-28.4300000000003,-257.71000000005,No Change
Jun 2095,State,GFDL,High,Low,6340.09,79.07,51.38,97.97,309.83,293.79,380.06,86.32,88.29,0,-24.32,0,6172.74,40.75,419.64,190.36,6823.52,2502.66,-173168.18,-97.9899999999998,-450.77999999997,No Change
Jul 2095,State,GFDL,High,Low,9807.75,107.57,29.29,96.24,294.87,247.12,352.21,76.72,134.9,0,-28.41,0,9565.29,21.28,387.33,183.22,10157.13,2392.81,-173588.33,-109.85,-420.149999999994,No Change
Aug 2095,State,GFDL,High,Low,18949.8,257.82,31.23,150.11,323.59,180.57,261.92,55.06,295.02,0,-51.44,0,18396.97,47.33,301.22,155.01,18900.54,2328.7,-173940.55,-64.1100000000001,-352.220000000001,No Change
Sep 2095,State,GFDL,High,Low,4186.38,51.12,28.42,75.81,230.05,223.69,356.3,79.5,83.22,0,-24.15,0,4052.06,21.51,367.31,135.97,4576.87,2377.36,-174058.81,48.6599999999999,-118.260000000009,No Change
Oct 2095,State,GFDL,High,Low,12240.16,201.85,27.68,101.93,216.6,88.97,224.59,44.2,225.88,0,-46.55,0,11812.44,46.51,215.31,81.92,12156.2,2293.19,-174412.5,-84.1699999999996,-353.689999999973,No Change
Nov 2095,State,GFDL,High,Low,2841.29,34.99,38.22,32.31,90.76,45.61,81.78,4.17,50.15,0,-32.34,0,2756.14,28.11,80.33,1.82,2866.4,2385.88,-174495.49,92.6900000000001,-82.9900000000489,No Change
Dec 2095,State,GFDL,High,Low,10557.63,171.12,37.6,71.78,166.7,35.22,74.7,1.95,191.55,0,-42.28,0,10194.94,47.74,70.17,0,10312.83,2428.28,-174557.07,42.3999999999996,-61.5799999999581,No Change
Jan 2096,State,GFDL,High,Low,3625.15,47.05,35.72,42.56,91.48,42.51,74.76,2.06,70.27,0,-36.32,0,3507.84,27.55,71.96,0,3607.36,2562.37,-174480.54,134.09,76.5299999999406,No Change
Feb 2096,State,GFDL,High,Low,3194.23,47.09,41.96,46.54,84.79,44.93,74.93,2.22,66.83,0,-33.76,0,3080.3,36.45,75.43,0.06,3192.23,2612.06,-174519.28,49.6899999999996,-38.7399999999616,No Change
Mar 2096,State,GFDL,High,Low,8630.26,179.55,89.79,139.48,155.03,81.09,115.31,13.02,183.36,0,-41.22,0,8267.35,97.12,124.28,11.51,8500.28,2649.17,-174558.96,37.1100000000006,-39.6800000000512,No Change
Apr 2096,State,GFDL,High,Low,1171.19,68.91,145.79,101.28,228.59,195.92,300.19,66.36,27.14,0,-15.66,0,1075.13,96.41,297.77,80.87,1550.19,2701.14,-174530.63,51.9700000000003,28.3300000000454,No Change
May 2096,State,GFDL,High,Low,954.95,57.67,120.78,95.59,284.48,273.32,388.36,88.91,10.89,0,-20.79,0,886.39,92.49,407.74,161.06,1547.66,2669.89,-174833.87,-31.25,-303.24000000002,No Change
Jun 2096,State,GFDL,High,Low,1824.15,31.44,59.58,70.68,283.84,280.16,447.51,100.26,28.44,0,-16.94,0,1764.29,33.59,457.46,191.5,2446.84,2572.76,-175304.25,-97.1300000000006,-470.379999999976,No Change
Jul 2096,State,GFDL,High,Low,7803.35,94.33,32.92,107.55,279.43,253.33,407.39,90.37,116.57,0,-33.61,0,7592.46,27.18,423.75,184.5,8227.9,2466.23,-175831.5,-106.529999999999,-527.249999999971,No Change
Aug 2096,State,GFDL,High,Low,19681.03,325.85,32.35,156.75,356.75,159.47,315.44,70.55,361.66,0,-62.81,0,18993.45,66.99,331.27,154.07,19545.81,2385.61,-176250.05,-80.6200000000008,-418.550000000017,No Change
Sep 2096,State,GFDL,High,Low,8953.28,112.51,29.01,106.45,241.67,201.72,325.61,72.22,145.61,0,-32.94,0,8695.13,28.08,347.99,133.9,9205.11,2496.54,-176350.16,110.93,-100.110000000015,No Change
Oct 2096,State,GFDL,High,Low,3021.68,34.94,28.28,44.54,118.9,98.78,273.57,55.99,56.56,0,-19.85,0,2930.17,18.4,249.52,64.5,3262.57,2441.87,-176624.78,-54.6700000000001,-274.619999999966,No Change
Nov 2096,State,GFDL,High,Low,2201.13,21.1,35.8,30.55,73.97,41.12,101.32,9.18,32.99,0,-23.15,0,2147.04,16.64,95.95,4.42,2264.08,2430.05,-176870.14,-11.8199999999997,-245.360000000044,No Change
Dec 2096,State,GFDL,High,Low,509.23,5.1,34.92,11.9,63.54,34.97,75.4,1.95,12.59,0,-19.41,0,491.55,18.94,71.63,0,582.14,2459.11,-176956.86,29.0599999999999,-86.7199999999721,No Change
Jan 2097,State,GFDL,High,Low,453.79,5.81,34.52,15.87,62.02,43.28,77.23,2.43,12.35,0,-15.15,0,435.61,20.9,74.39,0.48,531.38,2489.48,-177037.13,30.3699999999994,-80.2699999999895,No Change
Feb 2097,State,GFDL,High,Low,3030.6,39.31,38.81,42.94,91.68,57.22,108.66,11.31,59.2,0,-31.64,0,2932.08,32.39,102.59,5.93,3072.97,2508.61,-177115.21,19.1300000000001,-78.0800000000454,No Change
Mar 2097,State,GFDL,High,Low,132.86,3.07,45.28,80.84,103.29,176.23,267.35,53.66,3.59,0,-2.54,0,126.17,43,240.94,40.16,450.3,2537.85,-177190.93,29.2400000000002,-75.7200000000012,No Change
Apr 2097,State,GFDL,High,Low,302.96,8.67,85.04,38.64,172.51,155.42,352.3,73.81,6.91,0,5.79,0,287.36,32.19,326.3,131.68,777.52,2437.63,-177443.7,-100.22,-252.76999999999,No Change
May 2097,State,GFDL,High,Low,349.07,3.31,38.38,40.22,145.59,162.23,429.12,89.58,4.4,0,-4.28,0,341.38,22.42,390.71,180.33,934.82,2406.95,-177841.16,-30.6800000000003,-397.459999999992,No Change
Jun 2097,State,GFDL,High,Low,727.4,7.35,28.53,53.79,130.93,159.91,471.5,98.86,11.62,0,0.0499999999999998,0,708.43,11,418.62,203.43,1341.48,2339.15,-178360.94,-67.8000000000002,-519.779999999999,No Change
Jul 2097,State,GFDL,High,Low,5300.11,62.8,26.79,85.59,207.84,191.23,427.76,90.76,80.28,0,-23.77,0,5157.03,11.16,406.18,185.83,5760.18,2264.19,-178925.32,-74.9599999999996,-564.380000000005,No Change
Aug 2097,State,GFDL,High,Low,11062.93,158.8,30.03,108.46,267.22,173.99,355.53,75.83,186.16,0,-38.68,0,10717.98,25.79,355.72,154.16,11253.66,2211.64,-179391.64,-52.5499999999997,-466.320000000007,No Change
Sep 2097,State,GFDL,High,Low,16382.67,246.56,27.88,125.8,279.92,127.68,261.97,53.63,276.58,0,-47.65,0,15859.54,44.03,270.68,126.34,16300.59,2228.88,-179678.02,17.2399999999998,-286.380000000005,No Change
Oct 2097,State,GFDL,High,Low,5469.39,86.56,27.94,78.53,151.4,108.14,301.31,62.87,105.22,0,-31.91,0,5277.6,24.58,271.7,78.84,5652.71,2318.78,-179783.76,89.8999999999996,-105.739999999991,No Change
Nov 2097,State,GFDL,High,Low,4330.49,82.23,34.11,44.03,121.26,46,142.68,20,105.18,0,-33,0,4143.09,30.05,127.72,10.73,4311.58,2328.82,-180027.74,10.0400000000004,-243.979999999981,No Change
Dec 2097,State,GFDL,High,Low,11195.13,202.79,36.67,102.13,170.55,32.98,76.09,1.95,217.48,0,-47.7,0,10774.89,47.46,72.65,0,10894.99,2399.07,-180088.98,70.2499999999995,-61.2400000000198,No Change
Jan 2098,State,GFDL,High,Low,7472.23,110.6,39.3,69.09,121.71,38.31,76.16,2.06,127.13,0,-40.74,0,7234.49,38.15,72.11,0,7344.77,2538.14,-179993.34,139.070000000001,95.640000000014,No Change
Feb 2098,State,GFDL,High,Low,3483.23,64.82,43.23,57.76,81.43,38.89,76.99,2.21,73.56,0,-33.91,0,3344.83,41.67,77.55,0.33,3464.39,2623.53,-179981.08,85.3899999999994,12.2600000000093,No Change
Mar 2098,State,GFDL,High,Low,8165.92,202.42,89.93,119.53,185.19,81.67,136.07,18.51,196.92,0,-43.49,0,7766.57,112.79,139.67,12.82,8031.86,2663.3,-180016.53,39.7700000000004,-35.4500000000116,No Change
Apr 2098,State,GFDL,High,Low,337.25,57.45,163.96,84.8,250.01,197.78,314.32,69.72,6.75,0,-16.18,0,273.04,100.58,307.06,84.56,765.22,2744.69,-179993.48,81.3899999999994,23.0499999999593,No Change
May 2098,State,GFDL,High,Low,2661.22,95.68,158.59,99.15,321.79,249.13,363.83,82.28,34.94,0,-37.3,0,2530.62,119.75,393.7,159.95,3204,2734.44,-180332.04,-10.25,-338.559999999939,No Change
Jun 2098,State,GFDL,High,Low,6022.99,84.79,75.41,138.07,305.67,315.06,365.56,82.91,91.85,0,-38.54,0,5846.37,70.07,413.08,178.08,6507.6,2694.95,-180775.9,-39.4899999999998,-443.860000000015,No Change
Jul 2098,State,GFDL,High,Low,10525.43,141.24,39.2,196.97,291.86,329.71,382.88,87.38,165.1,0,-37.31,0,10219.1,58.61,421.78,178.69,10878.17,2555.13,-181183.33,-139.82,-407.429999999993,No Change
Aug 2098,State,GFDL,High,Low,36388.55,632.83,35.6,307.06,418.59,95.68,237.29,48.61,659.9,0,-90.87,0,35095.81,129.35,237.39,145.6,35608.15,2391.01,-181529.74,-164.12,-346.410000000003,No Change
Sep 2098,State,GFDL,High,Low,24248.24,338.62,38.46,239.74,250.28,111.09,202.18,37.07,358.99,0,-65.55,0,23550.63,63.71,225.07,121.53,23960.92,2665.17,-181294.96,274.16,234.77999999997,No Change
Oct 2098,State,GFDL,High,Low,3933.84,51.16,36.38,90.93,143.94,146.94,281.3,58.08,70.56,0,-28.43,0,3812.11,28.03,264.34,68.1,4172.6,2744.4,-181288.19,79.2299999999996,6.76999999998952,No Change
Nov 2098,State,GFDL,High,Low,16282.35,294.93,60.37,112.66,263.53,36.75,85.12,4.9,315.37,0,-66.37,0,15672.04,82.23,86.35,6.63,15847.26,2700.3,-181537.37,-44.0999999999995,-249.179999999964,No Change
Dec 2098,State,GFDL,High,Low,2671.57,30.57,53.19,26.48,121.82,38.8,76.83,1.96,45.25,0,-42.32,0,2595.73,16.59,72.07,0,2684.38,2920.96,-181375.24,220.66,162.130000000005,No Change
Jan 2099,State,GFDL,High,Low,7982.38,149.68,50.02,69.49,167.72,41.17,76.88,2.08,171.49,0,-53.31,0,7661.22,56.94,74.79,0,7792.95,3006.78,-181447.16,85.8200000000002,-71.9200000000128,No Change
Feb 2099,State,GFDL,High,Low,4104.89,64.94,57.54,88.71,85.62,52.06,79.06,3.03,78.96,0,-48.39,0,3960.99,48.6,83.07,0.74,4093.38,3133.37,-181403.78,126.59,43.3800000000047,No Change
Mar 2099,State,GFDL,High,Low,4959.75,107.22,83.8,127.25,104.82,90.55,124.51,15.46,104.08,0,-46.81,0,4748.45,96.32,133.22,13.73,4991.74,3159.91,-181450,26.54,-46.2200000000303,No Change
Apr 2099,State,GFDL,High,Low,632.64,88.1,246.14,97.08,291.32,144.36,319.46,70.74,16.99,0,-78.41,0,527.52,168.63,320.47,86.45,1103.09,3149.98,-181515.5,-9.93000000000029,-65.5,No Change
May 2099,State,GFDL,High,Low,735.88,96.58,223.43,92.95,341.25,213.53,393.29,89.9,12.6,0,-63.1,0,626.71,162.45,418.25,156.81,1364.2,3225.2,-181912.11,75.2200000000003,-396.609999999957,No Change
Jun 2099,State,GFDL,High,Low,2837.15,48.65,113.32,130.52,336.82,344.9,417.25,96.39,32.06,0,-45.36,0,2756.42,84.9,465.42,192.52,3499.28,3238.05,-182422.79,12.8500000000004,-510.679999999993,No Change
Jul 2099,State,GFDL,High,Low,14301.16,210.21,47.26,214.77,292.37,271.66,361.79,82.46,236.54,0,-50.84,0,13854.42,72.83,411.99,177.97,14517.23,3085.39,-182949.48,-152.66,-526.690000000031,No Change
Aug 2099,State,GFDL,High,Low,13106.08,182.95,36.98,185.51,257.19,244.34,333.99,74.94,211.87,0,-41.35,0,12711.25,62.91,367.75,153.2,13295.12,2973.43,-183221.07,-111.96,-271.590000000026,No Change
Sep 2099,State,GFDL,High,Low,5104.01,61.14,31.15,74.29,225.4,221.07,315.5,69.38,91.84,0,-23.32,0,4951.03,36.99,341.98,124.42,5454.42,2877.6,-183462.8,-95.8299999999995,-241.729999999952,No Change
Oct 2099,State,GFDL,High,Low,210.11,1.94,0,40.56,114.16,170.17,314.96,65.37,2.21,0,3.2,0,205.95,14.2,288.86,81.95,591,2786.06,-183764.83,-91.5400000000004,-302.030000000028,No Change
Nov 2099,State,GFDL,High,Low,186.1,1.71,0,14.77,31.61,47.85,103.65,8.77,4.83,0,-6.39,0,179.57,9.57,94.09,4.79,287.99,2690.78,-184090.99,-95.2800000000002,-326.159999999974,No Change
Dec 2099,State,GFDL,High,Low,2056.77,29.16,0,24.33,60.21,43.78,77.57,1.96,53.75,0,-27.57,0,1973.84,15.99,72.92,0,2062.75,2675.34,-184192.22,-15.4399999999996,-101.23000000004,No Change
