Date,WPR,Climate_Model,Population_Growth_Rate,Efficiency,Precipitation,Runoff,SW_In,SW_Out,SW_Diversions,SW_Returns,GW_Diversions,GW_Returns,Recharge,GW_In,SW_to_GW,GW_Out,ET_Land_Surface,ET_SW,ET_Human_Use,ET_GW,ET_Total,Cumulative_Storage_Change_Human_Use,Cumulative_Storage_Change_GW,Monthly_Storage_Change_Human_Use,Monthly_Storage_Change_GW,Ag_Land
Jan 2016,San_Juan,NCAR,High,High,30.97,0.06,32.63,133.41,5.55,109.12,0.53,0.09,0.72,0,0.07,0,30.2,2.78,4.8,0,37.77,1396.75,6358.59,0,0,No Change
Feb 2016,San_Juan,NCAR,High,High,393.85,2.22,34.22,61.99,5.55,29.03,0.54,0.09,9.13,0,-3.12,0,382.49,1.05,4.8,0,388.35,1288.82,6358.94,-107.93,0.349999999999454,No Change
Mar 2016,San_Juan,NCAR,High,High,236.56,1.32,44.26,43.54,5.55,3.84,0.54,0.09,5.49,0,-1.56,0,229.75,1.9,4.8,0,236.45,1260.98,6364.51,-27.8399999999999,5.57000000000062,No Change
Apr 2016,San_Juan,NCAR,High,High,330.49,0.86,79.87,40.16,39.48,1.28,0.54,0.09,7.66,0,-1.73,0,321.97,4.09,4.92,1.49,332.47,1258.34,6367.99,-2.6400000000001,3.47999999999956,No Change
May 2016,San_Juan,NCAR,High,High,80.3,0.08,118.59,21.47,99.07,12.5,0.54,0.09,1.86,0,1.52,0,78.36,9.11,19.66,13.33,120.46,1292.07,6371.99,33.73,4,No Change
Jun 2016,San_Juan,NCAR,High,High,209.46,0.16,48.39,21.88,51.06,26.15,0.55,0.09,4.86,0,-2.3,0,204.44,4.06,30.57,17.67,256.74,1359.42,6361.6,67.3500000000001,-10.3899999999994,No Change
Jul 2016,San_Juan,NCAR,High,High,756.09,7.72,35.82,32.97,54.67,43.08,0.54,0.09,17.53,0,-4.19,0,730.83,3.17,32.68,17.23,783.92,1354.21,6346.04,-5.21000000000004,-15.5600000000004,No Change
Aug 2016,San_Juan,NCAR,High,High,753.4,7.84,33.5,29.45,44.56,30.99,0.54,0.09,17.47,0,-4.23,0,728.08,2.55,26.95,14.46,772.04,1333.56,6341.71,-20.6500000000001,-4.32999999999993,No Change
Sep 2016,San_Juan,NCAR,High,High,1293.11,20.45,28.41,33.91,26.47,8.55,0.54,0.09,29.99,0,-4.28,0,1242.68,1.31,14.46,11.07,1269.52,1320.63,6340.04,-12.9299999999998,-1.67000000000007,No Change
Oct 2016,San_Juan,NCAR,High,High,490.66,7.45,29.08,13.44,26.95,1.63,0.54,0.09,11.38,0,-4.2,0,471.83,1.97,5.38,3,482.18,1324.54,6354.24,3.90999999999985,14.1999999999998,No Change
Nov 2016,San_Juan,NCAR,High,High,127.68,0.07,30.25,16.69,14.05,1.2,0.54,0.09,2.96,0,-2.13,0,124.65,2.9,4.81,0,132.36,1344.92,6357.97,20.3800000000001,3.73000000000047,No Change
Dec 2016,San_Juan,NCAR,High,High,359.97,2.72,29.21,90.37,5.56,61.26,0.54,0.09,8.35,0,-4.24,0,348.9,1.49,4.81,0,355.2,1353.41,6358.36,8.49000000000001,0.389999999999418,No Change
Jan 2017,San_Juan,NCAR,High,High,409.55,1.41,28.95,34.18,5.57,5.72,0.54,0.09,9.5,0,-4.27,0,398.64,0.61,4.81,0,404.06,1293.35,6362.02,-60.0600000000002,3.66000000000076,No Change
Feb 2017,San_Juan,NCAR,High,High,154.19,0.87,30.74,53.84,5.57,29.04,0.54,0.09,3.58,0,-0.81,0,149.74,2.06,4.81,0,156.61,1288.82,6366.8,-4.52999999999997,4.77999999999975,No Change
Mar 2017,San_Juan,NCAR,High,High,255.84,1.43,33.75,33.79,5.57,3.84,0.54,0.09,5.93,0,-1.86,0,248.48,1.53,4.81,0,254.82,1260.98,6369.12,-27.8399999999999,2.31999999999971,No Change
Apr 2017,San_Juan,NCAR,High,High,90.34,0.23,71.54,27.59,40.25,1.61,0.54,0.09,2.1,0,0.68,0,88.01,4.87,5.36,2.21,100.45,1258.34,6372.75,-2.6400000000001,3.63000000000011,No Change
May 2017,San_Juan,NCAR,High,High,28.14,0.03,133.54,31.9,102.99,14.22,0.54,0.09,0.65,0,2.55,0,27.46,10.34,21.87,14.68,74.35,1292.07,6372.86,33.73,0.109999999999673,No Change
Jun 2017,San_Juan,NCAR,High,High,109.35,0.08,75.52,20.63,67.74,18.52,0.55,0.09,2.54,0,-0.66,0,106.73,6.43,27.09,17.2,157.46,1359.42,6360.93,67.3500000000001,-11.9299999999994,No Change
Jul 2017,San_Juan,NCAR,High,High,755.1,10.63,38.4,34.57,52.72,37.66,0.55,0.09,17.51,0,-3.99,0,726.96,3.4,31.56,17.17,779.09,1382,6345.14,22.5799999999999,-15.79,No Change
Aug 2017,San_Juan,NCAR,High,High,1061.58,16.35,34.6,35.56,39.58,22.79,0.55,0.09,24.62,0,-4.04,0,1020.62,2.63,24.12,14.48,1061.84,1365.95,6341.04,-16.05,-4.10000000000036,No Change
Sep 2017,San_Juan,NCAR,High,High,65.65,0.1,27.36,16.12,38.5,28.46,0.55,0.09,1.52,0,-1.28,0,64.02,2.6,23.53,11.88,102.02,1359.08,6346.68,-6.87000000000012,5.64000000000033,No Change
Oct 2017,San_Juan,NCAR,High,High,870.58,12.11,35.39,28.34,22.08,1.22,0.54,0.09,20.19,0,-4.1,0,838.28,2.4,4.83,2.36,847.88,1346.04,6334.59,-13.04,-12.0900000000001,No Change
Nov 2017,San_Juan,NCAR,High,High,160.79,0.09,37.73,42.05,5.58,10.31,0.54,0.09,3.73,0,-2.61,0,156.98,3.11,4.82,0,164.91,1362.51,6347.87,16.47,13.2799999999997,No Change
Dec 2017,San_Juan,NCAR,High,High,222.46,0.13,34.97,91.18,5.58,61.27,0.54,0.09,5.16,0,-2.78,0,217.17,2.39,4.82,0,224.38,1353.41,6348.54,-9.09999999999991,0.670000000000073,No Change
Jan 2018,San_Juan,NCAR,High,High,792.98,8.82,33.67,46,5.58,5.73,0.54,0.09,18.39,0,-4.06,0,765.77,0.71,4.82,0,771.3,1293.35,6350.47,-60.0600000000002,1.93000000000029,No Change
Feb 2018,San_Juan,NCAR,High,High,925.81,12.31,36.13,75.52,5.58,29.05,0.54,0.09,21.47,0,-4.11,0,892.03,0.5,4.82,0,897.35,1288.82,6364.35,-4.52999999999997,13.8800000000001,No Change
Mar 2018,San_Juan,NCAR,High,High,776.43,8.01,49.42,59.06,5.58,3.85,0.54,0.09,18.01,0,-4.01,0,750.42,0.65,4.83,0,755.89,1260.98,6381.26,-27.8399999999999,16.9099999999999,No Change
Apr 2018,San_Juan,NCAR,High,High,681.91,3.48,88.63,54.51,39.31,1.21,0.54,0.09,15.81,0,-3.71,0,662.62,3.2,4.83,1.17,671.82,1258.34,6394.8,-2.6400000000001,13.54,No Change
May 2018,San_Juan,NCAR,High,High,549.47,0.54,109.96,20.98,99.21,12.55,0.55,0.09,12.74,0,-3.27,0,536.19,6.13,19.76,14.68,576.77,1292.07,6405.29,33.73,10.4899999999998,No Change
Jun 2018,San_Juan,NCAR,High,High,169.1,0.13,88.87,21.35,80.03,18.68,0.55,0.09,3.92,0,-0.81,0,165.05,7.11,27.25,17.57,216.98,1359.42,6399.62,67.3500000000001,-5.67000000000007,No Change
Jul 2018,San_Juan,NCAR,High,High,646.41,8.41,37.97,34.14,58.06,45.67,0.55,0.09,14.99,0,-3.51,0,623.01,3.36,34.59,17.91,678.87,1393.99,6384.7,34.5699999999999,-14.9200000000001,No Change
Aug 2018,San_Juan,NCAR,High,High,808.42,9.74,35.22,30.49,44.33,28.99,0.55,0.09,18.75,0,-3.55,0,779.92,2.68,26.83,14.58,824.01,1372.25,6377.82,-21.74,-6.88000000000011,No Change
Sep 2018,San_Juan,NCAR,High,High,69.84,0.11,35.02,16.38,39.53,23.1,0.55,0.09,1.62,0,-0.67,0,68.11,3,24.01,12.24,107.36,1361.22,6377.98,-11.03,0.159999999999854,No Change
Oct 2018,San_Juan,NCAR,High,High,305.43,1.99,29.52,17.59,18.81,3.28,0.55,0.09,7.08,0,-3.6,0,296.35,2,7.57,4.82,310.74,1354.1,6366.22,-7.12000000000012,-11.7599999999993,No Change
Nov 2018,San_Juan,NCAR,High,High,880.08,14.21,30.56,51.19,5.6,10.32,0.55,0.09,20.41,0,-3.62,0,845.46,1.93,4.83,0,852.23,1362.51,6364.43,8.41000000000008,-1.78999999999996,No Change
Dec 2018,San_Juan,NCAR,High,High,79.71,0.05,29.21,83.67,5.6,61.28,0.55,0.09,1.85,0,-1.32,0,77.81,2.59,4.83,0,85.23,1353.41,6380.76,-9.09999999999991,16.3299999999999,No Change
Jan 2019,San_Juan,NCAR,High,High,618.02,5.55,29.4,38.08,5.6,5.74,0.55,0.09,14.33,0,-3.61,0,598.13,0.62,4.84,0,603.58,1293.35,6380.84,-60.0600000000002,0.0799999999999272,No Change
Feb 2019,San_Juan,NCAR,High,High,152.11,0.86,30.07,53.36,5.6,29.06,0.55,0.09,3.53,0,-0.73,0,147.73,1.75,4.84,0,154.32,1288.82,6391.11,-4.52999999999997,10.2699999999995,No Change
Mar 2019,San_Juan,NCAR,High,High,608.15,5.87,34.42,41.57,5.6,3.86,0.55,0.09,14.1,0,-3.46,0,588.18,0.45,4.84,0,593.47,1260.98,6393.46,-27.8399999999999,2.35000000000036,No Change
Apr 2019,San_Juan,NCAR,High,High,419.63,1.4,67.99,32.28,39.33,1.22,0.55,0.09,9.73,0,-3.47,0,408.5,2.46,4.84,1.14,416.94,1258.34,6403.64,-2.6400000000001,10.1800000000003,No Change
May 2019,San_Juan,NCAR,High,High,622.92,2.35,148.67,64.52,90.56,8.81,0.55,0.09,14.45,0,-3.25,0,606.13,8,14.86,12.19,641.17,1292.07,6408.31,33.73,4.67000000000007,No Change
Jun 2019,San_Juan,NCAR,High,High,238.64,0.18,116.15,22.03,104.64,18.15,0.56,0.09,5.53,0,-0.82,0,232.92,8.63,26.62,17.26,285.43,1359.42,6406.87,67.3500000000001,-1.44000000000051,No Change
Jul 2019,San_Juan,NCAR,High,High,874.48,11.76,48.2,34.7,53.45,29.2,0.55,0.09,20.28,0,-3.27,0,842.44,4.27,32,17.42,896.13,1419.75,6393.86,60.3299999999999,-13.0100000000002,No Change
Aug 2019,San_Juan,NCAR,High,High,721.06,8.48,46.6,41.84,46.86,33.84,0.55,0.09,16.72,0,-3.32,0,695.86,3.54,28.25,14.94,742.6,1412.47,6392.99,-7.27999999999997,-0.869999999999891,No Change
Sep 2019,San_Juan,NCAR,High,High,443.87,2.07,75.27,79.87,34.74,37.38,0.56,0.09,10.29,0,-3.36,0,431.51,3.47,21.34,11.85,468.17,1397.7,6390.99,-14.77,-2,No Change
Oct 2019,San_Juan,NCAR,High,High,631.29,8.68,57.27,72.4,6.19,13.14,0.55,0.09,14.64,0,-3.38,0,607.97,3.88,5.17,2.71,619.74,1374.18,6385.61,-23.52,-5.38000000000011,No Change
Nov 2019,San_Juan,NCAR,High,High,467.86,4.35,39.69,49.67,5.61,10.33,0.55,0.09,10.85,0,-3.43,0,452.66,2.51,4.85,0,460.01,1362.51,6393.7,-11.6700000000001,8.09000000000015,No Change
Dec 2019,San_Juan,NCAR,High,High,904.04,14.15,37.23,108.58,5.61,61.28,0.55,0.09,20.97,0,-3.44,0,868.93,1.9,4.85,0,875.68,1353.41,6400.67,-9.09999999999991,6.97000000000025,No Change
Jan 2020,San_Juan,NCAR,High,High,1148.99,18.84,35.27,57,5.61,5.75,0.55,0.09,26.65,0,-3.49,0,1103.5,0.74,4.85,0,1109.09,1293.35,6417.74,-60.0600000000002,17.0699999999997,No Change
Feb 2020,San_Juan,NCAR,High,High,453.94,2.56,38.83,67.5,5.61,29.07,0.55,0.09,10.53,0,-3.31,0,440.85,0.64,4.85,0,446.34,1288.82,6440.44,-4.52999999999997,22.6999999999998,No Change
Mar 2020,San_Juan,NCAR,High,High,165.22,0.92,72.58,66.69,5.61,3.87,0.55,0.09,3.83,0,1.7,0,160.46,3.37,4.85,0,168.68,1260.98,6447.2,-27.8399999999999,6.76000000000022,No Change
Apr 2020,San_Juan,NCAR,High,High,338.81,0.88,100.76,58.83,39.34,1.22,0.55,0.09,7.86,0,-0.3,0,330.07,4.99,4.85,0.71,340.62,1258.34,6452.27,-2.6400000000001,5.07000000000062,No Change
May 2020,San_Juan,NCAR,High,High,156.46,0.15,189.18,85.51,99.88,12.85,0.55,0.09,3.63,0,3.48,0,152.68,13.3,20.15,13.64,199.77,1292.07,6458.66,33.73,6.38999999999942,No Change
Jun 2020,San_Juan,NCAR,High,High,276.22,0.21,276.22,164.83,108.17,19.54,0.56,0.09,6.41,0,2.52,0,269.6,20.46,28.76,16.97,335.8,1359.42,6451.67,67.3500000000001,-6.98999999999978,No Change
Jul 2020,San_Juan,NCAR,High,High,1147.75,18.29,80.54,58.93,55.64,19.71,0.56,0.09,26.62,0,-3.15,0,1102.84,7.13,29.09,17.3,1156.36,1419.75,6443.15,60.3299999999999,-8.52000000000044,No Change
Aug 2020,San_Juan,NCAR,High,High,1137.64,18.03,44.16,67.46,40.12,45.5,0.56,0.09,26.38,0,-3.23,0,1093.22,3.36,24.43,14.75,1135.76,1427.05,6448.86,7.29999999999995,5.71000000000004,No Change
Sep 2020,San_Juan,NCAR,High,High,798.6,11.85,28.53,49.56,26.67,33.86,0.56,0.09,18.52,0,-3.31,0,768.23,1.32,16.79,10.74,797.08,1397.7,6456.8,-29.3499999999999,7.94000000000051,No Change
Oct 2020,San_Juan,NCAR,High,High,853.35,13.99,28.11,50.84,5.61,12.9,0.55,0.09,19.79,0,-3.36,0,819.57,1.91,4.85,2.4,828.73,1374.18,6460.81,-23.52,4.01000000000022,No Change
Nov 2020,San_Juan,NCAR,High,High,776.84,11.94,29.45,47.68,5.61,10.33,0.55,0.09,18.02,0,-3.43,0,746.88,1.86,4.85,0,753.59,1362.51,6474.37,-11.6700000000001,13.5599999999995,No Change
Dec 2020,San_Juan,NCAR,High,High,857.34,13.75,28.47,99.92,5.61,61.28,0.55,0.09,19.88,0,-3.47,0,823.7,1.46,4.85,0,830.01,1353.41,6488.5,-9.09999999999991,14.1300000000001,No Change
Jan 2021,San_Juan,NCAR,High,High,413.97,2.62,28.16,33.84,5.61,5.75,0.55,0.09,9.6,0,-3.52,0,401.74,0.59,4.85,0,407.18,1293.35,6504.45,-60.0600000000002,15.9499999999998,No Change
Feb 2021,San_Juan,NCAR,High,High,197.16,1.11,29.4,53.41,5.61,29.07,0.55,0.09,4.57,0,-1.03,0,191.48,1.58,4.85,0,197.91,1288.82,6510.08,-4.52999999999997,5.63000000000011,No Change
Mar 2021,San_Juan,NCAR,High,High,301.71,1.68,31.29,32.87,5.61,3.87,0.55,0.09,7,0,-2.5,0,293.02,0.87,4.85,0,298.74,1260.98,6513.16,-27.8399999999999,3.07999999999993,No Change
Apr 2021,San_Juan,NCAR,High,High,400.16,1.04,72.1,34.97,39.34,1.22,0.55,0.09,9.28,0,-2.83,0,389.84,2.88,4.85,0.94,398.51,1258.34,6517.19,-2.6400000000001,4.02999999999975,No Change
May 2021,San_Juan,NCAR,High,High,84.41,0.08,160.63,59.68,97.83,11.96,0.56,0.09,1.96,0,3.33,0,82.37,11.82,18.98,12.83,126.01,1292.07,6522.25,33.73,5.0600000000004,No Change
Jun 2021,San_Juan,NCAR,High,High,172.21,0.13,401.46,274.99,107.61,19.29,0.56,0.09,3.99,0,7.35,0,168.09,30.93,28.46,16.43,243.9,1359.42,6514.24,67.3500000000001,-8.01000000000022,No Change
Jul 2021,San_Juan,NCAR,High,High,394.92,1.28,186.24,131.87,67.39,24.81,0.56,0.09,9.16,0,-3.42,0,384.48,16.49,35.74,17.59,454.31,1419.75,6508.69,60.3299999999999,-5.55000000000018,No Change
Aug 2021,San_Juan,NCAR,High,High,966.08,12.97,81.59,93.29,46.99,48.49,0.56,0.09,22.4,0,-3.44,0,930.71,6.21,28.32,15.7,980.94,1427.05,6496.36,7.29999999999995,-12.3299999999999,No Change
Sep 2021,San_Juan,NCAR,High,High,51.37,0.08,65.65,59.39,40.78,40.01,0.56,0.09,1.19,0,0.61,0,50.1,4.96,24.76,12.28,92.09,1397.7,6499.16,-29.3499999999999,2.80000000000018,No Change
Oct 2021,San_Juan,NCAR,High,High,316.23,0.73,52.18,58.07,9.16,14.42,0.55,0.09,7.33,0,-3.44,0,308.17,3.54,6.87,3.99,322.57,1374.18,6488.21,-23.52,-10.9499999999998,No Change
Nov 2021,San_Juan,NCAR,High,High,967.58,17.9,39.57,63.15,5.61,10.33,0.55,0.09,22.44,0,-3.46,0,927.24,2.5,4.85,0,934.6,1362.51,6487.65,-11.6700000000001,-0.5600000000004,No Change
Dec 2021,San_Juan,NCAR,High,High,636.71,8.2,35.09,100.7,5.61,61.28,0.55,0.09,14.77,0,-3.54,0,613.75,1.79,4.85,0,620.39,1353.41,6506.17,-9.09999999999991,18.5200000000004,No Change
Jan 2022,San_Juan,NCAR,High,High,931.24,13.67,33.67,50.34,5.61,5.75,0.56,0.09,21.6,0,-3.57,0,895.97,0.71,4.85,0,901.52,1293.35,6516.93,-60.0600000000002,10.7600000000002,No Change
Feb 2022,San_Juan,NCAR,High,High,409.12,2.31,35.39,63.29,5.61,29.07,0.56,0.09,9.49,0,-2.94,0,397.33,0.8,4.85,0,402.98,1288.82,6534.5,-4.52999999999997,17.5699999999997,No Change
Mar 2022,San_Juan,NCAR,High,High,288.68,1.61,47.28,47,5.61,3.87,0.56,0.09,6.69,0,-1.46,0,280.37,1.6,4.85,0,286.82,1260.98,6540.58,-27.8399999999999,6.07999999999993,No Change
Apr 2022,San_Juan,NCAR,High,High,171.29,0.45,121.17,73.87,39.36,1.23,0.56,0.09,3.97,0,2.45,0,166.87,7.17,4.86,0.41,179.32,1258.34,6545.35,-2.6400000000001,4.77000000000044,No Change
May 2022,San_Juan,NCAR,High,High,461.02,0.46,363.34,248.91,97.72,11.91,0.56,0.09,10.69,0,5.37,0,449.88,23.71,18.92,14,506.51,1292.07,6550.9,33.73,5.54999999999927,No Change
Jun 2022,San_Juan,NCAR,High,High,300.16,0.23,334.73,219.61,107.15,19.11,0.57,0.09,6.96,0,2.8,0,292.97,24.52,28.18,16.98,362.65,1359.42,6552.49,67.3500000000001,1.59000000000015,No Change
Jul 2022,San_Juan,NCAR,High,High,531.42,5.44,88.87,46.87,68.25,25.19,0.56,0.09,12.32,0,-3.49,0,513.65,7.87,36.23,18.17,575.92,1419.75,6544.8,60.3299999999999,-7.6899999999996,No Change
Aug 2022,San_Juan,NCAR,High,High,468.04,3.87,69.58,69.24,53.96,51.52,0.56,0.09,10.85,0,-3.52,0,453.32,5.29,32.26,15.88,506.75,1427.05,6535,7.29999999999995,-9.80000000000018,No Change
Sep 2022,San_Juan,NCAR,High,High,600.47,3.81,85.86,93.18,32.43,36.36,0.56,0.09,13.93,0,-3.55,0,582.74,3.96,20.06,11.64,618.4,1397.7,6525.98,-29.3499999999999,-9.02000000000044,No Change
Oct 2022,San_Juan,NCAR,High,High,1022.64,15.4,117.49,135.78,5.61,12.9,0.56,0.09,23.72,0,-3.57,0,983.52,7.97,4.85,2.52,998.86,1374.18,6524.26,-23.52,-1.71999999999935,No Change
Nov 2022,San_Juan,NCAR,High,High,242.07,0.13,71.6,74.87,5.61,10.33,0.56,0.09,5.61,0,-3.17,0,236.33,4.74,4.85,0,245.93,1362.51,6541.42,-11.6700000000001,17.1599999999999,No Change
Dec 2022,San_Juan,NCAR,High,High,757.7,11.02,47.57,115.46,5.61,61.28,0.56,0.09,17.57,0,-3.63,0,729.11,2.43,4.85,0,736.4,1353.41,6543.4,-9.09999999999991,1.97999999999956,No Change
Jan 2023,San_Juan,NCAR,High,High,823.35,10.99,41.88,55.8,5.61,5.75,0.56,0.09,19.09,0,-3.68,0,793.27,0.88,4.85,0,799,1293.35,6556.87,-60.0600000000002,13.4700000000003,No Change
Feb 2023,San_Juan,NCAR,High,High,428.37,2.42,49.3,77.14,5.61,29.07,0.56,0.09,9.93,0,-2.99,0,416.02,1.01,4.85,0,421.88,1288.82,6571.83,-4.52999999999997,14.96,No Change
Mar 2023,San_Juan,NCAR,High,High,134.83,0.75,87.04,78.86,5.61,3.87,0.56,0.09,3.13,0,2.93,0,130.95,4.25,4.85,0,140.05,1260.98,6578.31,-27.8399999999999,6.48000000000047,No Change
Apr 2023,San_Juan,NCAR,High,High,54.7,0.14,144.62,89.73,45.13,3.72,0.56,0.09,1.27,0,4.54,0,53.29,9.09,8.15,6.41,76.93,1258.34,6583.9,-2.6400000000001,5.58999999999924,No Change
May 2023,San_Juan,NCAR,High,High,181.68,0.18,288.98,175.32,100.78,13.3,0.56,0.09,4.21,0,6.18,0,177.28,20.18,20.59,14.59,232.64,1292.07,6582.83,33.73,-1.06999999999971,No Change
Jun 2023,San_Juan,NCAR,High,High,196.21,0.15,153.09,51.66,109.83,20.26,0.57,0.09,4.55,0,0.3,0,191.51,11.72,29.71,17.16,250.1,1359.42,6578.17,67.3500000000001,-4.65999999999985,No Change
Jul 2023,San_Juan,NCAR,High,High,747.88,9.64,41.21,35.92,59.32,44.37,0.57,0.09,17.34,0,-3.66,0,720.9,3.65,35.33,18.39,778.27,1419.75,6565.38,60.3299999999999,-12.79,No Change
Aug 2023,San_Juan,NCAR,High,High,355.35,2.25,35.27,26.64,53.08,41.17,0.57,0.09,8.24,0,-3.71,0,344.85,2.68,31.76,15.4,394.69,1399.84,6560.21,-19.9100000000001,-5.17000000000007,No Change
Sep 2023,San_Juan,NCAR,High,High,71.32,0.11,28.36,17.7,41.93,32,0.57,0.09,1.65,0,-1.46,0,69.56,2.3,25.41,12.54,109.8,1380.47,6548.87,-19.3699999999999,-11.3400000000001,No Change
Oct 2023,San_Juan,NCAR,High,High,804.32,14.25,28.16,42.46,5.61,4.17,0.56,0.09,18.65,0,-3.4,0,771.42,1.91,4.85,0.55,778.73,1365.46,6536.05,-15.01,-12.8199999999997,No Change
Nov 2023,San_Juan,NCAR,High,High,747.89,12.37,30,48.66,5.61,10.33,0.56,0.09,17.34,0,-3.47,0,718.18,1.9,4.85,0,724.93,1362.51,6550.29,-2.95000000000005,14.2399999999998,No Change
Dec 2023,San_Juan,NCAR,High,High,498.57,6.15,29.21,93.02,5.61,61.28,0.56,0.09,11.56,0,-3.49,0,480.85,1.49,4.86,0,487.2,1353.41,6563.7,-9.09999999999991,13.4099999999999,No Change
Jan 2024,San_Juan,NCAR,High,High,584.95,7.03,29.83,39.86,5.61,5.75,0.56,0.09,13.57,0,-3.5,0,564.36,0.63,4.86,0,569.84,1293.35,6571.31,-60.0600000000002,7.61000000000058,No Change
Feb 2024,San_Juan,NCAR,High,High,216.26,1.22,30.67,54.98,5.61,29.07,0.56,0.09,5.02,0,-1.17,0,210.03,1.53,4.86,0,216.41,1288.82,6580.91,-4.52999999999997,9.59999999999945,No Change
Mar 2024,San_Juan,NCAR,High,High,139.89,0.78,34.72,32,5.61,3.87,0.56,0.09,3.24,0,-0.21,0,135.86,1.97,4.86,0,142.68,1260.98,6584.29,-27.8399999999999,3.38000000000011,No Change
Apr 2024,San_Juan,NCAR,High,High,275.33,0.72,74.55,35.29,39.35,1.23,0.56,0.09,6.39,0,-1.65,0,268.23,3.5,4.86,0.76,277.35,1258.34,6586.86,-2.6400000000001,2.56999999999971,No Change
May 2024,San_Juan,NCAR,High,High,10.15,0.01,256.63,142.64,102.02,13.81,0.56,0.09,0.24,0,7.07,0,9.9,18.72,21.33,14.45,64.4,1292.07,6590.36,33.73,3.5,No Change
Jun 2024,San_Juan,NCAR,High,High,74.07,0.06,229.24,117.99,109.73,20.23,0.57,0.09,1.72,0,3.7,0,72.3,18.09,29.65,16.9,136.94,1359.42,6582.75,67.3500000000001,-7.60999999999967,No Change
Jul 2024,San_Juan,NCAR,High,High,477.53,3.85,86.06,41.66,69.88,25.88,0.57,0.09,11.07,0,-3.37,0,462.6,7.62,37.17,18.26,525.65,1419.75,6570.79,60.3299999999999,-11.96,No Change
Aug 2024,San_Juan,NCAR,High,High,618.91,6.71,69.76,74.23,50.2,49.88,0.57,0.09,14.35,0,-3.4,0,597.85,5.31,30.15,15.48,648.78,1427.05,6559.77,7.29999999999995,-11.0199999999995,No Change
Sep 2024,San_Juan,NCAR,High,High,429.74,2.37,62.05,68.03,34.03,37.07,0.57,0.09,9.97,0,-3.43,0,417.4,2.86,20.95,11.62,452.84,1397.7,6554.77,-29.3499999999999,-5,No Change
Oct 2024,San_Juan,NCAR,High,High,270.32,1.5,35.14,43.39,8.24,14.03,0.56,0.09,6.27,0,-3.35,0,262.56,2.38,6.35,3.4,274.69,1374.18,6549.21,-23.52,-5.5600000000004,No Change
Nov 2024,San_Juan,NCAR,High,High,207.47,0.11,37.9,43.17,5.61,10.33,0.56,0.09,4.81,0,-3,0,202.55,2.57,4.86,0,209.98,1362.51,6548.27,-11.6700000000001,-0.9399999999996,No Change
Dec 2024,San_Juan,NCAR,High,High,374.27,2.33,33.07,92.74,5.61,61.29,0.56,0.09,8.68,0,-3.36,0,363.27,1.69,4.86,0,369.82,1353.41,6549.61,-9.09999999999991,1.33999999999924,No Change
Jan 2025,San_Juan,NCAR,High,High,121.31,0.23,32.7,31.83,5.61,5.75,0.56,0.09,2.81,0,-0.69,0,118.27,1.93,4.86,0,125.06,1293.35,6554.47,-60.0600000000002,4.86000000000058,No Change
Feb 2025,San_Juan,NCAR,High,High,76.15,0.43,34.72,56.18,5.62,29.07,0.56,0.09,1.77,0,0.27,0,73.96,2.15,4.86,0,80.97,1288.82,6556.12,-4.52999999999997,1.64999999999964,No Change
Mar 2025,San_Juan,NCAR,High,High,589.62,6.63,44.4,51.85,5.62,3.87,0.56,0.09,13.67,0,-3.15,0,569.32,0.58,4.86,0,574.76,1260.98,6557.69,-27.8399999999999,1.56999999999971,No Change
Apr 2025,San_Juan,NCAR,High,High,244.23,0.63,96.29,53.02,39.92,1.47,0.56,0.09,5.66,0,0.34,0,237.93,5.12,5.19,2.03,250.27,1258.34,6567.74,-2.6400000000001,10.0500000000002,No Change
May 2025,San_Juan,NCAR,High,High,61.44,0.06,352.08,227.95,104.03,14.69,0.57,0.09,1.42,0,9.81,0,59.96,25.04,22.46,15.16,122.62,1292.07,6571.25,33.73,3.51000000000022,No Change
Jun 2025,San_Juan,NCAR,High,High,314.73,0.24,310.41,196.53,108.82,19.82,0.57,0.09,7.3,0,2.55,0,307.19,22.58,29.14,17.35,376.27,1359.42,6566.85,67.3500000000001,-4.39999999999964,No Change
Jul 2025,San_Juan,NCAR,High,High,930.88,15.1,94.94,65.85,60.62,21.88,0.57,0.09,21.59,0,-2.95,0,894.19,8.41,31.91,17.9,952.4,1419.75,6558.87,60.3299999999999,-7.98000000000047,No Change
Aug 2025,San_Juan,NCAR,High,High,1673.93,26.73,93.72,125.24,33.88,42.79,0.57,0.09,38.82,0,-3.01,0,1608.38,7.13,20.91,14.72,1651.13,1427.05,6559.13,7.29999999999995,0.260000000000218,No Change
Sep 2025,San_Juan,NCAR,High,High,336.72,0.53,139.84,134.11,38.11,38.85,0.57,0.09,7.81,0,-0.58,0,328.37,7.59,23.26,12.4,371.63,1397.7,6579.75,-29.3499999999999,20.6199999999999,No Change
Oct 2025,San_Juan,NCAR,High,High,1241.71,21.56,80.05,106.41,5.62,12.9,0.56,0.09,28.8,0,-2.95,0,1191.35,5.43,4.87,1.17,1202.82,1374.18,6574.09,-23.52,-5.65999999999985,No Change
Nov 2025,San_Juan,NCAR,High,High,239.65,0.68,53.29,58.31,5.63,10.34,0.56,0.09,5.56,0,-3,0,233.41,3.37,4.87,0,241.64,1362.51,6598.29,-11.6700000000001,24.1999999999998,No Change
Dec 2025,San_Juan,NCAR,High,High,106.75,0.06,41.76,95.47,5.63,61.29,0.56,0.09,2.48,0,-1.04,0,104.21,3.06,4.87,0,112.14,1353.41,6600.38,-9.09999999999991,2.09000000000015,No Change
Jan 2026,San_Juan,NCAR,High,High,279.56,0.53,39.12,40.56,5.63,5.75,0.57,0.09,6.48,0,-2.04,0,272.55,1.26,4.87,0,278.68,1293.35,6601.34,-60.0600000000002,0.960000000000036,No Change
Feb 2026,San_Juan,NCAR,High,High,213.89,1.21,40.79,63.94,5.63,29.07,0.57,0.09,4.96,0,-0.32,0,207.73,1.82,4.87,0,214.41,1288.82,6605.31,-4.52999999999997,3.97000000000025,No Change
Mar 2026,San_Juan,NCAR,High,High,459.96,2.57,76.31,76.52,5.63,3.88,0.57,0.09,10.67,0,-1.22,0,446.72,1.83,4.87,0,453.42,1260.98,6609.48,-27.8399999999999,4.16999999999916,No Change
Apr 2026,San_Juan,NCAR,High,High,419.75,1.09,151.93,107.24,39.36,1.23,0.57,0.09,9.73,0,0.51,0,408.93,7.14,4.87,1.11,422.04,1258.34,6618.45,-2.6400000000001,8.97000000000025,No Change
May 2026,San_Juan,NCAR,High,High,27.77,0.03,427.17,296.85,100.94,13.34,0.57,0.09,0.64,0,12.49,0,27.09,30.26,20.72,14.05,92.12,1292.07,6627.12,33.73,8.67000000000007,No Change
Jun 2026,San_Juan,NCAR,High,High,78.38,0.06,343.01,216.89,115.5,22.72,0.58,0.09,1.82,0,6.73,0,76.5,26.66,32.93,18.3,154.4,1359.42,6625.73,67.3500000000001,-1.39000000000033,No Change
Jul 2026,San_Juan,NCAR,High,High,773.02,11.13,92.68,57.53,64.66,23.63,0.57,0.09,17.93,0,-2.97,0,743.96,8.21,34.21,18.18,804.56,1419.75,6615.5,60.3299999999999,-10.2299999999996,No Change
Aug 2026,San_Juan,NCAR,High,High,926.55,12.79,73.51,85.24,46.87,48.43,0.57,0.09,21.49,0,-2.98,0,892.27,5.59,28.27,15.57,941.7,1427.05,6611.8,7.29999999999995,-3.69999999999982,No Change
Sep 2026,San_Juan,NCAR,High,High,529.02,4.67,69.34,75.95,35.62,37.77,0.57,0.09,12.27,0,-2.99,0,512.09,3.2,21.85,12.32,549.46,1397.7,6614.26,-29.3499999999999,2.46000000000004,No Change
Oct 2026,San_Juan,NCAR,High,High,151.38,0.06,54.38,57.16,8.97,14.35,0.57,0.09,3.51,0,-1.64,0,147.81,4.3,6.77,3.51,162.39,1374.18,6610.74,-23.52,-3.52000000000044,No Change
Nov 2026,San_Juan,NCAR,High,High,254.76,0.89,52.43,57.6,5.64,10.35,0.57,0.09,5.91,0,-2.89,0,247.96,3.31,4.88,0,256.15,1362.51,6608.62,-11.6700000000001,-2.11999999999989,No Change
Dec 2026,San_Juan,NCAR,High,High,429.5,4.64,43.05,104.04,5.64,61.3,0.57,0.09,9.96,0,-2.9,0,414.9,2.2,4.88,0,421.98,1353.41,6611.16,-9.09999999999991,2.53999999999996,No Change
Jan 2027,San_Juan,NCAR,High,High,1022.33,15.3,39.32,56.81,5.64,5.76,0.57,0.09,23.71,0,-2.9,0,983.33,0.82,4.88,0,989.03,1293.35,6617.75,-60.0600000000002,6.59000000000015,No Change
Feb 2027,San_Juan,NCAR,High,High,484.34,3.18,40.73,69.73,5.64,29.08,0.57,0.09,11.23,0,-2.94,0,469.93,0.56,4.88,0,475.37,1288.82,6638.08,-4.52999999999997,20.3299999999999,No Change
Mar 2027,San_Juan,NCAR,High,High,158.77,0.89,66.02,60.35,5.64,3.88,0.57,0.09,3.68,0,1.72,0,154.2,3.07,4.88,0,162.15,1260.98,6645.9,-27.8399999999999,7.81999999999971,No Change
Apr 2027,San_Juan,NCAR,High,High,192.45,0.5,149.17,100.08,39.45,1.27,0.57,0.09,4.46,0,3.15,0,187.48,8.26,4.92,0.82,201.49,1258.34,6650.82,-2.6400000000001,4.92000000000007,No Change
May 2027,San_Juan,NCAR,High,High,448.59,0.44,355.13,243.24,95.36,10.9,0.57,0.09,10.4,0,5.01,0,437.74,22.85,17.59,13.28,491.46,1292.07,6657.14,33.73,6.32000000000062,No Change
Jun 2027,San_Juan,NCAR,High,High,39.86,0.03,307.28,186.63,111.15,20.85,0.58,0.09,0.92,0,6.25,0,38.9,24.13,30.46,17.23,110.71,1359.42,6658.8,67.3500000000001,1.65999999999985,No Change
Jul 2027,San_Juan,NCAR,High,High,682.67,10.06,87.79,50.95,66.53,24.44,0.58,0.09,15.83,0,-2.95,0,656.77,7.77,35.27,18.39,718.21,1419.75,6648.27,60.3299999999999,-10.5299999999997,No Change
Aug 2027,San_Juan,NCAR,High,High,571.11,7.92,83.6,88.43,49.13,49.44,0.58,0.09,13.24,0,-2.95,0,549.94,6.36,29.52,15.39,601.21,1427.05,6642.27,7.29999999999995,-6,No Change
Sep 2027,San_Juan,NCAR,High,High,1113.37,14.53,83.43,104.04,26.97,33.99,0.57,0.09,25.82,0,-2.91,0,1073.01,3.85,16.98,11.66,1105.5,1397.7,6636.69,-29.3499999999999,-5.58000000000084,No Change
Oct 2027,San_Juan,NCAR,High,High,1069.1,15.88,102.48,121.65,5.65,12.92,0.57,0.09,24.79,0,-2.97,0,1028.42,6.95,4.89,0.84,1041.1,1374.18,6647.46,-23.52,10.7700000000004,No Change
Nov 2027,San_Juan,NCAR,High,High,1299.95,24.51,56.16,84.8,5.65,10.35,0.57,0.09,30.15,0,-2.98,0,1245.3,3.55,4.89,0,1253.73,1362.51,6667.96,-11.6700000000001,20.5,No Change
Dec 2027,San_Juan,NCAR,High,High,967.86,15.59,43.68,115.76,5.66,61.31,0.57,0.09,22.45,0,-3.08,0,929.83,2.23,4.89,0,936.95,1353.41,6694.65,-9.09999999999991,26.6899999999996,No Change
Jan 2028,San_Juan,NCAR,High,High,1200.43,21.93,39.57,63.92,5.66,5.77,0.57,0.09,27.84,0,-3.14,0,1150.66,0.83,4.89,0,1156.38,1293.35,6713.53,-60.0600000000002,18.8800000000001,No Change
Feb 2028,San_Juan,NCAR,High,High,197.44,1.11,41.58,64.19,5.66,29.09,0.57,0.09,4.58,0,-0.1,0,191.75,2.03,4.89,0,198.67,1288.82,6737.75,-4.52999999999997,24.2200000000003,No Change
Mar 2028,San_Juan,NCAR,High,High,228.43,1.28,75.7,71.59,5.66,3.89,0.57,0.09,5.3,0,0.77,0,221.85,2.84,4.89,0,229.58,1260.98,6741.75,-27.8399999999999,4,No Change
Apr 2028,San_Juan,NCAR,High,High,151.53,0.39,128.34,80.23,39.39,1.25,0.57,0.09,3.51,0,2.89,0,147.62,7.47,4.89,0.26,160.24,1258.34,6747.35,-2.6400000000001,5.60000000000036,No Change
May 2028,San_Juan,NCAR,High,High,246.71,0.24,269.91,162.4,96.39,11.34,0.58,0.09,5.72,0,4.57,0,240.75,18.13,18.18,12.89,289.95,1292.07,6753.01,33.73,5.65999999999985,No Change
Jun 2028,San_Juan,NCAR,High,High,127.27,0.1,452.61,319.5,109.4,20.08,0.58,0.09,2.95,0,9.03,0,124.22,34.85,29.48,16.8,205.36,1359.42,6749.93,67.3500000000001,-3.07999999999993,No Change
Jul 2028,San_Juan,NCAR,High,High,872.87,10.49,164.11,123.29,62.54,22.69,0.58,0.09,20.24,0,-3.08,0,842.14,14.53,33.04,17.8,907.51,1419.75,6744.62,60.3299999999999,-5.3100000000004,No Change
Aug 2028,San_Juan,NCAR,High,High,1090.52,14.98,69.76,85.82,43.77,47.07,0.58,0.09,25.29,0,-3.09,0,1050.25,5.31,26.54,15.19,1097.28,1427.05,6743.5,7.29999999999995,-1.11999999999989,No Change
Sep 2028,San_Juan,NCAR,High,High,1073.92,17.65,44.52,70.95,25.75,33.48,0.58,0.09,24.91,0,-3.1,0,1031.36,2.06,16.27,11.52,1061.21,1397.7,6750.03,-29.3499999999999,6.52999999999975,No Change
Oct 2028,San_Juan,NCAR,High,High,773.35,12.91,41.28,61.82,5.67,12.92,0.58,0.09,17.93,0,-3.18,0,742.51,2.8,4.9,2.33,752.53,1374.18,6759.82,-23.52,9.78999999999996,No Change
Nov 2028,San_Juan,NCAR,High,High,481.16,5,58.31,67.53,5.67,10.36,0.58,0.09,11.16,0,-3.22,0,465,3.68,4.9,0,473.58,1362.51,6771.77,-11.6700000000001,11.9500000000007,No Change
Dec 2028,San_Juan,NCAR,High,High,274.58,1.07,45.57,103.13,5.67,61.31,0.58,0.09,6.37,0,-3.18,0,267.15,2.33,4.9,0,274.38,1353.41,6779.23,-9.09999999999991,7.45999999999913,No Change
Jan 2029,San_Juan,NCAR,High,High,189.83,0.36,38.77,39.25,5.67,5.78,0.58,0.09,4.4,0,-1.59,0,185.07,1.57,4.9,0,191.54,1293.35,6781.94,-60.0600000000002,2.71000000000004,No Change
Feb 2029,San_Juan,NCAR,High,High,142.1,0.8,39.92,61.81,5.67,29.1,0.58,0.09,3.3,0,0.2,0,138,2.14,4.9,0,145.04,1288.82,6784.27,-4.52999999999997,2.33000000000084,No Change
Mar 2029,San_Juan,NCAR,High,High,672.5,5.66,67.99,74.14,5.67,3.9,0.58,0.09,15.6,0,-3.17,0,651.25,0.89,4.9,0,657.05,1260.98,6787.28,-27.8399999999999,3.00999999999931,No Change
Apr 2029,San_Juan,NCAR,High,High,394.57,1.03,170.98,123.16,40.07,1.54,0.58,0.09,9.15,0,1.8,0,384.39,8.52,5.28,2.61,400.8,1258.34,6799.23,-2.6400000000001,11.9499999999998,No Change
May 2029,San_Juan,NCAR,High,High,115.37,0.11,488.63,355.81,97.99,12.04,0.58,0.09,2.68,0,13.06,0,112.58,33.92,19.09,13.06,178.64,1292.07,6807.08,33.73,7.85000000000036,No Change
Jun 2029,San_Juan,NCAR,High,High,195.49,0.15,347.29,226.65,108.36,19.62,0.59,0.09,4.53,0,5.58,0,190.81,26.47,28.89,16.72,262.89,1359.42,6809.28,67.3500000000001,2.19999999999982,No Change
Jul 2029,San_Juan,NCAR,High,High,883.05,11.84,76.62,45.84,61,22.03,0.58,0.09,20.48,0,-3.13,0,850.74,6.78,32.16,17.51,907.19,1419.75,6802.19,60.3299999999999,-7.09000000000015,No Change
Aug 2029,San_Juan,NCAR,High,High,671.12,7.74,42.75,51.43,47.73,48.8,0.58,0.09,15.56,0,-3.13,0,647.82,3.25,28.77,14.98,694.82,1427.05,6801.54,7.29999999999995,-0.649999999999636,No Change
Sep 2029,San_Juan,NCAR,High,High,352.11,2.74,33.75,37.75,39.95,39.64,0.59,0.09,8.17,0,-3.13,0,341.2,1.56,24.32,12.83,379.91,1397.7,6798.51,-29.3499999999999,-3.02999999999975,No Change
Oct 2029,San_Juan,NCAR,High,High,277.42,2.28,28.6,38.83,6.53,13.3,0.58,0.09,6.43,0,-3.13,0,268.71,1.94,5.39,2,278.04,1374.18,6790.23,-23.52,-8.28000000000065,No Change
Nov 2029,San_Juan,NCAR,High,High,164.45,0.09,31.11,36.18,5.68,10.37,0.58,0.09,3.81,0,-2.53,0,160.55,2.23,4.91,0,167.69,1362.51,6791.05,-11.6700000000001,0.820000000000618,No Change
Dec 2029,San_Juan,NCAR,High,High,31.85,0.02,29.02,82.27,5.68,61.32,0.58,0.09,0.74,0,-0.36,0,31.09,2.77,4.91,0,38.77,1353.41,6791.84,-9.09999999999991,0.789999999999964,No Change
Jan 2030,San_Juan,NCAR,High,High,385.94,2.46,29.27,34.23,5.68,5.78,0.58,0.09,8.95,0,-3.02,0,374.53,0.61,4.91,0,380.05,1293.35,6791.74,-60.0600000000002,-0.100000000000364,No Change
Feb 2030,San_Juan,NCAR,High,High,119.73,0.68,31.36,54.01,5.69,29.1,0.58,0.09,2.78,0,-0.26,0,116.28,1.7,4.91,0,122.89,1288.82,6797.18,-4.52999999999997,5.44000000000051,No Change
Mar 2030,San_Juan,NCAR,High,High,91.49,0.51,54.14,48.62,5.69,3.91,0.58,0.09,2.12,0,1.46,0,88.86,2.79,4.91,0.01,96.57,1260.98,6799.21,-27.8399999999999,2.02999999999975,No Change
Apr 2030,San_Juan,NCAR,High,High,73.34,0.19,181.19,119.3,51.48,6.46,0.58,0.09,1.7,0,6.2,0,71.45,10.86,11.78,10.32,104.4,1258.34,6802.3,-2.6400000000001,3.09000000000015,No Change
May 2030,San_Juan,NCAR,High,High,147.72,0.15,437.55,308.41,99.69,12.77,0.58,0.09,3.43,0,11.86,0,144.15,30.51,20.06,13.5,208.21,1292.07,6799.39,33.73,-2.90999999999985,No Change
Jun 2030,San_Juan,NCAR,High,High,8.5,0.01,407.21,274.88,113.12,21.71,0.59,0.09,0.2,0,9.05,0,8.29,31.88,31.58,17.71,89.46,1359.42,6800.68,67.3500000000001,1.28999999999996,No Change
Jul 2030,San_Juan,NCAR,High,High,422.23,2.45,198.73,141.84,71.12,26.43,0.59,0.09,9.79,0,-2.95,0,409.98,17.6,37.88,18.44,483.9,1419.75,6791.72,60.3299999999999,-8.96000000000004,No Change
Aug 2030,San_Juan,NCAR,High,High,852.16,8.55,106.46,111.43,46.7,48.34,0.59,0.09,19.76,0,-2.89,0,823.85,8.1,28.2,15.06,875.21,1427.05,6779.63,7.29999999999995,-12.0900000000001,No Change
Sep 2030,San_Juan,NCAR,High,High,33.74,0.05,71.17,62.71,43.16,41.05,0.59,0.09,0.78,0,1.21,0,32.91,5.2,26.13,12.8,77.03,1397.7,6780.95,-29.3499999999999,1.31999999999971,No Change
Oct 2030,San_Juan,NCAR,High,High,332.53,0.78,80.12,85.25,6.15,13.13,0.58,0.09,7.71,0,-2.8,0,324.04,5.43,5.18,1.53,336.18,1374.18,6769.65,-23.52,-11.3000000000002,No Change
Nov 2030,San_Juan,NCAR,High,High,202.97,0.11,59.95,62.85,5.7,10.37,0.58,0.09,4.71,0,-2.17,0,198.16,4.06,4.92,0,207.13,1362.51,6772.54,-11.6700000000001,2.89000000000033,No Change
Dec 2030,San_Juan,NCAR,High,High,172.72,0.1,43.84,99.15,5.7,61.33,0.58,0.09,4.01,0,-2.1,0,168.62,2.52,4.92,0,176.06,1353.41,6774.59,-9.09999999999991,2.05000000000018,No Change
Jan 2031,San_Juan,NCAR,High,High,736.6,9.37,38.95,50.23,5.7,5.79,0.58,0.09,17.08,0,-2.64,0,710.15,0.82,4.92,0,715.88,1293.35,6776,-60.0600000000002,1.40999999999985,No Change
Feb 2031,San_Juan,NCAR,High,High,422.45,2.38,40.37,68.02,5.7,29.11,0.58,0.09,9.8,0,-2.49,0,410.27,0.64,4.92,0,415.82,1288.82,6789.96,-4.52999999999997,13.96,No Change
Mar 2031,San_Juan,NCAR,High,High,377.63,2.11,85.39,82.52,5.7,3.91,0.58,0.09,8.76,0,0.55,0,366.77,2.64,4.92,0,374.32,1260.98,6796.77,-27.8399999999999,6.8100000000004,No Change
Apr 2031,San_Juan,NCAR,High,High,184.08,0.48,169.88,118.54,39.45,1.28,0.58,0.09,4.27,0,4.25,0,179.33,9.4,4.93,0.5,194.16,1258.34,6805.59,-2.6400000000001,8.81999999999971,No Change
May 2031,San_Juan,NCAR,High,High,535.71,0.53,238,142.56,91.35,9.16,0.59,0.09,12.42,0,-0.19,0,522.76,13.96,15.33,12.14,564.19,1292.07,6813.12,33.73,7.52999999999975,No Change
Jun 2031,San_Juan,NCAR,High,High,112.97,0.09,110.55,19.09,97.68,15.48,0.59,0.09,2.62,0,0.67,0,110.26,8.68,22.81,16.42,158.17,1359.42,6812.73,67.3500000000001,-0.390000000000327,No Change
Jul 2031,San_Juan,NCAR,High,High,504.15,6,43.24,31.29,59.83,43.05,0.59,0.09,11.69,0,-2.65,0,486.45,3.83,35.63,17.81,543.72,1419.32,6799.09,59.8999999999999,-13.6399999999994,No Change
Aug 2031,San_Juan,NCAR,High,High,558.96,5.43,39.99,28.16,51.89,35.01,0.59,0.09,12.96,0,-2.66,0,540.57,3.04,31.13,15.47,590.21,1400.97,6789.82,-18.3499999999999,-9.27000000000044,No Change
Sep 2031,San_Juan,NCAR,High,High,396.89,3.18,44.71,39.98,35.86,27.38,0.59,0.09,9.2,0,-2.63,0,384.5,2.06,22.01,11.93,420.51,1387.22,6784.15,-13.75,-5.67000000000007,No Change
Oct 2031,San_Juan,NCAR,High,High,174.84,0.07,34.35,39.63,9.75,14.69,0.59,0.09,4.05,0,-2.62,0,170.71,2.35,7.23,4.04,184.33,1374.18,6778.3,-13.04,-5.84999999999945,No Change
Nov 2031,San_Juan,NCAR,High,High,460.3,5.38,38.83,49.07,5.71,10.38,0.59,0.09,10.67,0,-2.65,0,444.25,2.45,4.93,0,451.64,1362.51,6775.21,-11.6700000000001,-3.09000000000015,No Change
Dec 2031,San_Juan,NCAR,High,High,383.36,3.66,32.63,92.84,5.71,61.33,0.59,0.09,8.89,0,-2.6,0,370.81,1.67,4.93,0,377.41,1353.41,6782.74,-9.09999999999991,7.52999999999975,No Change
Jan 2032,San_Juan,NCAR,High,High,1080.13,17.84,32.26,52.08,5.71,5.8,0.59,0.09,25.05,0,-2.58,0,1037.24,0.68,4.93,0,1042.85,1293.35,6788.54,-60.0600000000002,5.80000000000018,No Change
Feb 2032,San_Juan,NCAR,High,High,338.45,1.91,33.13,59.22,5.71,29.12,0.59,0.09,7.85,0,-1.67,0,328.7,0.89,4.93,0,334.52,1288.82,6810.52,-4.52999999999997,21.9800000000005,No Change
Mar 2032,San_Juan,NCAR,High,High,566.07,6.05,50.21,56.39,5.71,3.92,0.59,0.09,13.13,0,-2.58,0,546.9,0.66,4.93,0,552.49,1260.98,6816.21,-27.8399999999999,5.6899999999996,No Change
Apr 2032,San_Juan,NCAR,High,High,65.16,0.17,185.37,129.01,40.12,1.57,0.59,0.09,1.51,0,6.83,0,63.48,11.14,5.32,1.81,81.75,1258.34,6826.26,-2.6400000000001,10.0500000000002,No Change
May 2032,San_Juan,NCAR,High,High,291.02,0.29,279.96,173.47,95.19,10.83,0.59,0.09,6.75,0,4.17,0,283.99,18.24,17.51,12.69,332.43,1292.07,6832.29,33.73,6.02999999999975,No Change
Jun 2032,San_Juan,NCAR,High,High,424.67,0.33,166.7,69.24,106.82,18.95,0.6,0.09,9.85,0,-1.39,0,414.49,11.31,28.04,16.95,470.79,1359.42,6830.02,67.3500000000001,-2.26999999999953,No Change
Jul 2032,San_Juan,NCAR,High,High,1057.41,17.38,66.9,43.87,57.7,20.61,0.59,0.09,24.52,0,-2.6,0,1015.5,5.92,30.29,17.49,1069.2,1419.75,6821.03,60.3299999999999,-8.99000000000069,No Change
Aug 2032,San_Juan,NCAR,High,High,2201.7,43.46,58.73,116.1,21.91,37.64,0.59,0.09,51.06,0,-2.64,0,2107.18,4.47,14.12,14.06,2139.83,1427.05,6824.96,7.29999999999995,3.93000000000029,No Change
Sep 2032,San_Juan,NCAR,High,High,506.2,4.99,48.94,57.63,33.82,36.98,0.59,0.09,11.74,0,-2.79,0,489.47,2.26,20.85,11.72,524.31,1397.7,6858.82,-29.3499999999999,33.8599999999997,No Change
Oct 2032,San_Juan,NCAR,High,High,853.61,15.11,45.81,67.83,5.72,12.95,0.59,0.09,19.8,0,-2.79,0,818.7,3.11,4.94,1.79,828.53,1374.18,6855.54,-23.52,-3.27999999999975,No Change
Nov 2032,San_Juan,NCAR,High,High,452.64,4.68,47.52,56.66,5.72,10.39,0.59,0.09,10.5,0,-2.79,0,437.46,3,4.94,0,445.4,1362.51,6870.27,-11.6700000000001,14.7300000000005,No Change
Dec 2032,San_Juan,NCAR,High,High,309.67,2.36,41.33,100,5.72,61.34,0.59,0.09,7.18,0,-2.8,0,300.13,2.11,4.94,0,307.18,1353.41,6877.48,-9.09999999999991,7.20999999999913,No Change
Jan 2033,San_Juan,NCAR,High,High,105.65,0.2,37.4,35.82,5.72,5.8,0.59,0.09,2.45,0,-0.15,0,103,2.01,4.94,0,109.96,1293.35,6881.36,-60.0600000000002,3.88000000000011,No Change
Feb 2033,San_Juan,NCAR,High,High,222.4,1.25,38.64,62.16,5.73,29.12,0.59,0.09,5.16,0,-0.46,0,215.99,1.6,4.94,0,222.52,1288.82,6883.16,-4.52999999999997,1.80000000000018,No Change
Mar 2033,San_Juan,NCAR,High,High,573.66,4.89,52.25,57.36,5.73,3.93,0.59,0.09,13.3,0,-2.71,0,555.46,0.69,4.94,0,561.09,1260.98,6887.36,-27.8399999999999,4.19999999999982,No Change
Apr 2033,San_Juan,NCAR,High,High,537.99,2.26,103.81,66.87,39.46,1.28,0.59,0.09,12.48,0,-2.72,0,523.25,3.75,4.94,0.01,531.96,1258.34,6897.46,-2.6400000000001,10.1000000000004,No Change
May 2033,San_Juan,NCAR,High,High,413.81,0.41,292.89,187.64,93.59,10.12,0.59,0.09,9.6,0,3.5,0,403.8,18.69,16.61,12.37,451.47,1292.07,6906.7,33.73,9.23999999999978,No Change
Jun 2033,San_Juan,NCAR,High,High,196.27,0.15,201.61,97.48,105.73,18.5,0.6,0.09,4.55,0,1.88,0,191.57,15.16,27.41,16.07,250.21,1359.42,6906.93,67.3500000000001,0.230000000000473,No Change
Jul 2033,San_Juan,NCAR,High,High,264.97,1.51,51.93,27.08,61.84,37.34,0.6,0.09,6.14,0,-2.74,0,257.31,4.6,36.76,17.61,316.28,1419.75,6896.79,60.3299999999999,-10.1400000000003,No Change
Aug 2033,San_Juan,NCAR,High,High,842.2,10.62,43.47,36.66,45.69,28.86,0.6,0.09,19.53,0,-2.7,0,812.04,3.31,27.64,14.88,857.86,1408,6882.07,-11.75,-14.7200000000003,No Change
Sep 2033,San_Juan,NCAR,High,High,22.93,0.04,41.53,36.86,41.52,40.34,0.6,0.09,0.53,0,0.22,0,22.36,3.31,25.2,12.42,63.29,1397.7,6883.52,-10.3,1.45000000000073,No Change
Oct 2033,San_Juan,NCAR,High,High,386.69,4.67,33.92,45.68,6.73,13.38,0.59,0.09,8.97,0,-2.73,0,373.05,2.3,5.51,2.41,383.28,1374.18,6871.35,-23.52,-12.1700000000001,No Change
Nov 2033,San_Juan,NCAR,High,High,510.17,6.91,39.06,50.85,5.74,10.39,0.59,0.09,11.83,0,-2.69,0,491.43,2.47,4.95,0,498.85,1362.51,6874.68,-11.6700000000001,3.32999999999993,No Change
Dec 2033,San_Juan,NCAR,High,High,457.22,6.21,32.21,95.05,5.74,61.35,0.59,0.09,10.6,0,-2.67,0,440.4,1.65,4.95,0,447,1353.41,6883.32,-9.09999999999991,8.63999999999942,No Change
Jan 2034,San_Juan,NCAR,High,High,202.72,0.38,31.78,32.61,5.74,5.81,0.59,0.09,4.7,0,-1.56,0,197.64,1.19,4.95,0,203.77,1293.35,6890.75,-60.0600000000002,7.43000000000029,No Change
Feb 2034,San_Juan,NCAR,High,High,565.2,6.46,33.67,65.69,5.74,29.13,0.59,0.09,13.11,0,-2.63,0,545.64,0.47,4.95,0,551.06,1288.82,6893.39,-4.52999999999997,2.64000000000033,No Change
Mar 2034,San_Juan,NCAR,High,High,13.9,0.08,47.7,41.34,5.74,3.93,0.59,0.09,0.32,0,1.87,0,13.5,2.76,4.95,0.02,21.23,1260.98,6903.37,-27.8399999999999,9.97999999999956,No Change
Apr 2034,San_Juan,NCAR,High,High,212.37,0.55,106.65,55.48,50.13,5.88,0.59,0.09,4.93,0,1.61,0,206.89,5.86,11.02,9.94,233.72,1258.34,6905.03,-2.6400000000001,1.65999999999985,No Change
May 2034,San_Juan,NCAR,High,High,378.63,0.37,243.21,137.43,101.37,13.53,0.6,0.09,8.78,0,2.7,0,369.47,15.6,21,15.09,421.16,1292.07,6901.12,33.73,-3.90999999999985,No Change
Jun 2034,San_Juan,NCAR,High,High,309.48,0.24,264.96,156.12,107.25,19.16,0.6,0.09,7.18,0,1.81,0,302.07,19.17,28.27,16.85,366.37,1359.42,6897.01,67.3500000000001,-4.10999999999967,No Change
Jul 2034,San_Juan,NCAR,High,High,670.63,9.93,55.98,34.69,60.78,31.87,0.6,0.09,15.55,0,-2.65,0,645.15,4.96,36.16,18.55,704.82,1419.75,6888.64,60.3299999999999,-8.36999999999989,No Change
Aug 2034,San_Juan,NCAR,High,High,919.02,15.37,52.49,54.9,45.43,33.79,0.6,0.09,21.31,0,-2.67,0,882.34,3.99,27.46,15.46,929.25,1413.01,6882.48,-6.74000000000001,-6.16000000000076,No Change
Sep 2034,San_Juan,NCAR,High,High,35.35,0.06,69.03,63.41,38.56,39.06,0.6,0.09,0.82,0,1.16,0,34.47,5,23.53,11.71,74.72,1397.7,6885.15,-15.3099999999999,2.67000000000007,No Change
Oct 2034,San_Juan,NCAR,High,High,0.17,0,73.98,70.4,11.44,15.42,0.6,0.09,0,0,0.87,0,0.16,6.69,8.2,4.72,19.77,1374.18,6874.91,-23.52,-10.2399999999998,No Change
Nov 2034,San_Juan,NCAR,High,High,744.75,10.01,59.11,72.7,5.75,10.4,0.6,0.09,17.27,0,-2.66,0,717.46,3.74,4.96,0,726.15,1362.51,6870.56,-11.6700000000001,-4.34999999999945,No Change
Dec 2034,San_Juan,NCAR,High,High,111.5,0.07,42.93,96.53,5.75,61.35,0.6,0.09,2.59,0,-0.96,0,108.85,3.02,4.96,0,116.83,1353.41,6884.66,-9.09999999999991,14.0999999999995,No Change
Jan 2035,San_Juan,NCAR,High,High,223.2,0.42,39.2,39.56,5.75,5.82,0.6,0.09,5.18,0,-1.33,0,217.61,1.46,4.96,0,224.03,1293.35,6885.79,-60.0600000000002,1.13000000000011,No Change
Feb 2035,San_Juan,NCAR,High,High,491.46,3.66,40.73,69.89,5.75,29.14,0.6,0.09,11.4,0,-2.68,0,476.4,0.56,4.96,0,481.93,1288.82,6889.13,-4.52999999999997,3.34000000000015,No Change
Mar 2035,San_Juan,NCAR,High,High,310.78,1.74,67.56,64.9,5.75,3.94,0.6,0.09,7.21,0,0.29,0,301.83,2.29,4.96,0,309.09,1260.98,6897.34,-27.8399999999999,8.21000000000004,No Change
Apr 2035,San_Juan,NCAR,High,High,136.59,0.35,147.58,96.26,40.78,1.85,0.6,0.09,3.17,0,4.19,0,133.07,8.56,5.7,2.71,150.04,1258.34,6904.33,-2.6400000000001,6.98999999999978,No Change
May 2035,San_Juan,NCAR,High,High,457.76,0.45,234.88,136.15,94.56,10.56,0.6,0.09,10.62,0,0.88,0,446.69,14.3,17.15,12.99,491.13,1292.07,6908.47,33.73,4.14000000000033,No Change
Jun 2035,San_Juan,NCAR,High,High,210.5,0.16,88.51,21.67,81.55,19.04,0.61,0.09,4.88,0,-1.67,0,205.46,6.17,27.84,17.58,257.06,1359.42,6906.47,67.3500000000001,-2,No Change
Jul 2035,San_Juan,NCAR,High,High,918.52,14.64,44.64,37.57,54.33,33.91,0.61,0.09,21.3,0,-2.67,0,882.58,3.95,32.53,17.88,936.94,1394.6,6891.58,35.1799999999998,-14.8900000000003,No Change
Aug 2035,San_Juan,NCAR,High,High,500.05,6.12,34.85,29.78,53.53,42.32,0.61,0.09,11.6,0,-2.67,0,482.34,2.65,32.06,15.84,532.89,1383.01,6891.81,-11.5899999999999,0.230000000000473,No Change
Sep 2035,San_Juan,NCAR,High,High,329.71,2.41,33.63,18.52,33.38,14.82,0.6,0.09,7.65,0,-2.6,0,319.65,1.55,20.62,11.12,352.94,1362.67,6884.39,-20.3399999999999,-7.42000000000007,No Change
Oct 2035,San_Juan,NCAR,High,High,277.42,2.07,36.38,29.42,12.98,3.81,0.6,0.09,6.43,0,-2.61,0,268.92,2.47,8.29,5.29,284.96,1361.12,6877.81,-1.55000000000018,-6.57999999999993,No Change
Nov 2035,San_Juan,NCAR,High,High,432.83,4.69,38.89,48.3,5.76,10.41,0.6,0.09,10.04,0,-2.54,0,418.11,2.46,4.97,0,425.54,1362.51,6875.84,1.3900000000001,-1.97000000000025,No Change
Dec 2035,San_Juan,NCAR,High,High,92.8,0.05,34.89,89.02,5.76,61.36,0.6,0.09,2.15,0,-0.99,0,90.59,2.52,4.97,0,98.08,1353.41,6882.83,-9.09999999999991,6.98999999999978,No Change
Jan 2036,San_Juan,NCAR,High,High,469.12,5.97,33.8,41.67,5.76,5.82,0.6,0.09,10.88,0,-2.55,0,452.27,0.71,4.97,0,457.95,1293.35,6883.48,-60.0600000000002,0.649999999999636,No Change
Feb 2036,San_Juan,NCAR,High,High,415.9,2.88,36.61,64.94,5.76,29.14,0.6,0.09,9.65,0,-2.57,0,403.37,0.51,4.97,0,408.85,1288.82,6891.3,-4.52999999999997,7.82000000000062,No Change
Mar 2036,San_Juan,NCAR,High,High,87.65,0.49,73.8,66.22,5.77,3.94,0.6,0.09,2.03,0,2.76,0,85.13,3.49,4.97,0.02,93.61,1260.98,6897.87,-27.8399999999999,6.56999999999971,No Change
Apr 2036,San_Juan,NCAR,High,High,78.83,0.2,172.69,112.31,50.67,6.12,0.6,0.09,1.83,0,5.83,0,76.8,10.2,11.34,9.86,108.21,1258.34,6902.14,-2.6400000000001,4.27000000000044,No Change
May 2036,San_Juan,NCAR,High,High,190.25,0.19,437.59,310.01,98.89,12.43,0.6,0.09,4.41,0,11.26,0,185.65,30.06,19.61,13.46,248.78,1292.07,6899.42,33.73,-2.72000000000025,No Change
Jun 2036,San_Juan,NCAR,High,High,133.77,0.1,402.73,273.15,111.84,21.13,0.61,0.09,3.1,0,8.04,0,130.56,30.94,30.89,17.37,209.77,1359.42,6901.12,67.3500000000001,1.69999999999982,No Change
Jul 2036,San_Juan,NCAR,High,High,2909.84,56.56,129.68,156.32,29.38,8.37,0.6,0.09,67.48,0,-2.59,0,2785.79,11.48,14.22,17.03,2828.53,1419.75,6894.37,60.3299999999999,-6.75,No Change
Aug 2036,San_Juan,NCAR,High,High,1382.72,23.51,55,84.3,36.89,44.11,0.61,0.09,32.07,0,-2.75,0,1327.15,4.18,22.64,14.73,1368.7,1427.05,6941.73,7.29999999999995,47.3599999999997,No Change
Sep 2036,San_Juan,NCAR,High,High,315.82,2.64,34.97,40.39,36.62,38.21,0.61,0.09,7.32,0,-2.79,0,305.85,1.61,22.44,11.98,341.89,1397.7,6955.8,-29.3499999999999,14.0700000000006,No Change
Oct 2036,San_Juan,NCAR,High,High,145.53,0.06,29.27,35.79,7.14,13.57,0.6,0.09,3.38,0,-2.26,0,142.1,2.23,5.76,2.12,152.21,1374.18,6947.84,-23.52,-7.96000000000004,No Change
Nov 2036,San_Juan,NCAR,High,High,638.5,10.78,33.07,49.19,5.77,10.41,0.6,0.09,14.81,0,-2.79,0,612.92,2.09,4.98,0,619.98,1362.51,6946.32,-11.6700000000001,-1.52000000000044,No Change
Dec 2036,San_Juan,NCAR,High,High,659.49,10.52,30.79,98.15,5.77,61.37,0.6,0.09,15.29,0,-2.82,0,633.68,1.57,4.98,0,640.23,1353.41,6957.83,-9.09999999999991,11.5100000000002,No Change
Jan 2037,San_Juan,NCAR,High,High,144.25,0.27,30.67,30.49,5.78,5.83,0.6,0.09,3.35,0,-1.01,0,140.63,1.51,4.98,0,147.12,1293.35,6969.79,-60.0600000000002,11.96,No Change
Feb 2037,San_Juan,NCAR,High,High,254.99,1.44,31.41,56.35,5.78,29.15,0.6,0.09,5.91,0,-1.27,0,247.64,1.15,4.98,0,253.76,1288.82,6971.62,-4.52999999999997,1.82999999999993,No Change
Mar 2037,San_Juan,NCAR,High,High,621.18,8.39,33.92,42.81,5.78,3.95,0.6,0.09,14.41,0,-2.77,0,598.39,0.45,4.98,0,603.82,1260.98,6975.75,-27.8399999999999,4.13000000000011,No Change
Apr 2037,San_Juan,NCAR,High,High,228.15,0.59,73.69,32.95,39.51,1.31,0.6,0.09,5.29,0,-0.58,0,222.26,3.71,4.98,0.44,231.4,1258.34,6986.87,-2.6400000000001,11.1199999999999,No Change
May 2037,San_Juan,NCAR,High,High,880.43,0.87,359.97,259.73,88.31,7.85,0.61,0.09,20.42,0,-0.02,0,859.14,20.67,13.62,12.08,905.52,1292.07,6990.63,33.73,3.76000000000022,No Change
Jun 2037,San_Juan,NCAR,High,High,103.53,0.08,200.74,94.03,108.07,19.52,0.61,0.09,2.4,0,2.72,0,101.05,15.53,28.74,16.46,161.77,1359.42,6998.43,67.3500000000001,7.80000000000018,No Change
Jul 2037,San_Juan,NCAR,High,High,743.98,10.27,69.28,35.03,64.91,23.73,0.61,0.09,17.25,0,-2.8,0,716.45,6.13,34.4,18.01,775,1419.75,6986.57,60.3299999999999,-11.8600000000006,No Change
Aug 2037,San_Juan,NCAR,High,High,769.07,9.82,56.28,65.16,48.68,49.22,0.61,0.09,17.84,0,-2.8,0,741.42,4.28,29.33,15.43,790.45,1427.05,6982.5,7.29999999999995,-4.06999999999971,No Change
Sep 2037,San_Juan,NCAR,High,High,708.37,10.54,58.31,73.03,32.27,36.33,0.61,0.09,16.43,0,-2.81,0,681.4,2.69,19.98,12.19,716.26,1397.7,6981.59,-29.3499999999999,-0.909999999999854,No Change
Oct 2037,San_Juan,NCAR,High,High,566.05,7.37,52.3,65.92,6.13,13.13,0.61,0.09,13.13,0,-2.79,0,545.56,3.55,5.18,2.1,556.38,1374.18,6982.5,-23.52,0.909999999999854,No Change
Nov 2037,San_Juan,NCAR,High,High,112.94,0.06,46.68,48.59,5.78,10.42,0.61,0.09,2.62,0,-1,0,110.26,3.78,4.99,0,119.03,1362.51,6990.22,-11.6700000000001,7.72000000000025,No Change
Dec 2037,San_Juan,NCAR,High,High,802.07,11.63,40.49,108.29,5.79,61.37,0.61,0.09,18.6,0,-2.66,0,771.84,2.07,4.99,0,778.9,1353.41,6991.33,-9.09999999999991,1.10999999999967,No Change
Jan 2038,San_Juan,NCAR,High,High,418.35,1.92,37.73,41.55,5.79,5.83,0.61,0.09,9.7,0,-2.64,0,406.73,0.79,4.99,0,412.51,1293.35,7006.76,-60.0600000000002,15.4300000000003,No Change
Feb 2038,San_Juan,NCAR,High,High,344.57,1.94,38.83,65.28,5.79,29.15,0.61,0.09,7.99,0,-1.96,0,334.63,0.82,4.99,0,340.44,1288.82,7013.3,-4.52999999999997,6.53999999999996,No Change
Mar 2038,San_Juan,NCAR,High,High,434.74,2.43,47.77,49.48,5.79,3.96,0.61,0.09,10.08,0,-2.01,0,422.23,0.9,4.99,0,428.12,1260.98,7018.82,-27.8399999999999,5.51999999999953,No Change
Apr 2038,San_Juan,NCAR,High,High,66.37,0.17,205.16,147.23,40,1.52,0.61,0.09,1.54,0,7.47,0,64.66,12.15,5.26,1.5,83.57,1258.34,7026.38,-2.6400000000001,7.5600000000004,No Change
May 2038,San_Juan,NCAR,High,High,166.06,0.16,345.15,227.06,97.45,11.81,0.61,0.09,3.85,0,8.72,0,162.05,23.89,18.81,12.8,217.54,1292.07,7033.38,33.73,7,No Change
Jun 2038,San_Juan,NCAR,High,High,73.81,0.06,167.12,62.65,108.97,19.91,0.62,0.09,1.71,0,2.37,0,72.04,13.1,29.25,16.66,131.05,1359.42,7032.64,67.3500000000001,-0.739999999999782,No Change
Jul 2038,San_Juan,NCAR,High,High,894.58,12.63,76.69,46.58,60.23,21.7,0.61,0.09,20.75,0,-2.58,0,861.2,6.79,31.75,17.34,917.08,1419.75,7019.55,60.3299999999999,-13.0900000000001,No Change
Aug 2038,San_Juan,NCAR,High,High,553.23,5.42,55.61,59.54,49.37,49.52,0.61,0.09,12.83,0,-2.59,0,534.98,4.23,29.72,14.97,583.91,1427.05,7019.85,7.29999999999995,0.300000000000182,No Change
Sep 2038,San_Juan,NCAR,High,High,714.78,9.16,42.45,56.46,31.87,36.13,0.61,0.09,16.58,0,-2.55,0,689.04,1.96,19.78,11.71,722.5,1397.7,7014.6,-29.3499999999999,-5.25,No Change
Oct 2038,San_Juan,NCAR,High,High,241.42,2.22,30.25,39.35,7.17,13.58,0.61,0.09,5.6,0,-2.52,0,233.6,2.05,5.78,2.42,243.85,1374.18,7016.39,-23.52,1.78999999999996,No Change
Nov 2038,San_Juan,NCAR,High,High,444.15,5.35,32.51,42.92,5.8,10.42,0.61,0.09,10.3,0,-2.48,0,428.49,2.05,5,0,435.54,1362.51,7016.54,-11.6700000000001,0.149999999999636,No Change
Dec 2038,San_Juan,NCAR,High,High,886.13,14.07,30.67,101.23,5.8,61.38,0.61,0.09,20.55,0,-2.48,0,851.51,1.57,5,0,858.07,1353.41,7023.85,-9.09999999999991,7.3100000000004,No Change
Jan 2039,San_Juan,NCAR,High,High,650.96,9.04,30.67,41.63,5.8,5.84,0.61,0.09,15.1,0,-2.52,0,626.82,0.64,5,0,632.46,1293.35,7041.41,-60.0600000000002,17.5599999999995,No Change
Feb 2039,San_Juan,NCAR,High,High,521.81,4.89,31.47,61.84,5.8,29.16,0.61,0.09,12.1,0,-2.56,0,504.82,0.44,5,0,510.25,1288.82,7053.47,-4.52999999999997,12.0600000000004,No Change
Mar 2039,San_Juan,NCAR,High,High,34.58,0.19,47.83,41.74,5.8,3.96,0.61,0.09,0.8,0,1.77,0,33.58,2.67,5,0,41.26,1260.98,7062.49,-27.8399999999999,9.01999999999953,No Change
Apr 2039,San_Juan,NCAR,High,High,83.63,0.22,108.84,61.08,40.02,1.53,0.61,0.09,1.94,0,2.96,0,81.47,6.53,5.28,1.51,94.8,1258.34,7064.55,-2.6400000000001,2.0600000000004,No Change
May 2039,San_Juan,NCAR,High,High,32.85,0.03,310.23,193.16,98.75,12.38,0.61,0.09,0.76,0,8.73,0,32.06,22,19.54,13.1,86.69,1292.07,7067.41,33.73,2.85999999999967,No Change
Jun 2039,San_Juan,NCAR,High,High,300.73,0.23,232.61,122.75,112.46,21.4,0.62,0.09,6.97,0,1.94,0,293.53,17.1,31.26,17.92,359.8,1359.42,7063.29,67.3500000000001,-4.11999999999989,No Change
Jul 2039,San_Juan,NCAR,High,High,1000.86,15.6,49.79,38.31,54.78,29.56,0.62,0.09,23.21,0,-2.56,0,962.04,4.41,32.8,18.1,1017.35,1419.75,7053.75,60.3299999999999,-9.53999999999996,No Change
Aug 2039,San_Juan,NCAR,High,High,1145.57,19.06,38.7,45.4,45.45,33.46,0.62,0.09,26.57,0,-2.57,0,1099.94,2.94,27.51,15.92,1146.31,1412.7,7055.78,-7.04999999999995,2.02999999999975,No Change
Sep 2039,San_Juan,NCAR,High,High,437.46,5.44,34.1,44.15,33.12,36.7,0.62,0.09,10.15,0,-2.61,0,421.87,1.57,20.47,11.47,455.38,1397.7,7063.34,-15,7.5600000000004,No Change
Oct 2039,San_Juan,NCAR,High,High,643.71,10.81,29.02,47.49,6.11,13.13,0.61,0.09,14.93,0,-2.62,0,617.97,1.97,5.18,2.38,627.49,1374.18,7058.89,-23.52,-4.44999999999982,No Change
Nov 2039,San_Juan,NCAR,High,High,1129.42,20.78,30.56,56.68,5.81,10.43,0.61,0.09,26.19,0,-2.65,0,1082.45,1.93,5,0,1089.39,1362.51,7068.3,-11.6700000000001,9.40999999999985,No Change
Dec 2039,San_Juan,NCAR,High,High,611.17,8.73,29.52,95.04,5.81,61.38,0.61,0.09,14.17,0,-2.72,0,588.26,1.51,5.01,0,594.78,1353.41,7091.33,-9.09999999999991,23.0299999999997,No Change
Jan 2040,San_Juan,NCAR,High,High,103.6,0.19,29.45,28.83,5.81,5.85,0.61,0.09,2.4,0,-0.73,0,101,1.58,5.01,0,107.59,1293.35,7102.26,-60.0600000000002,10.9300000000003,No Change
Feb 2040,San_Juan,NCAR,High,High,115.03,0.65,30.92,53.32,5.81,29.17,0.61,0.09,2.67,0,-0.08,0,111.72,1.68,5.01,0,118.41,1288.82,7103.42,-4.52999999999997,1.15999999999985,No Change
Mar 2040,San_Juan,NCAR,High,High,216.95,1.21,42.87,41.13,5.81,3.97,0.61,0.09,5.03,0,-0.51,0,210.71,1.62,5.01,0,217.34,1260.98,7105.48,-27.8399999999999,2.05999999999949,No Change
Apr 2040,San_Juan,NCAR,High,High,397.06,1.03,156.7,106.44,47.03,4.55,0.61,0.09,9.21,0,1.27,0,386.82,7.56,9.27,8.97,412.62,1258.34,7109.48,-2.6400000000001,4,No Change
May 2040,San_Juan,NCAR,High,High,65.67,0.06,447.29,315.84,99.83,12.85,0.62,0.09,1.52,0,13.03,0,64.08,31.49,20.16,13.5,129.23,1292.07,7110.46,33.73,0.980000000000473,No Change
Jun 2040,San_Juan,NCAR,High,High,18.47,0.01,374.56,247.22,110.26,20.48,0.62,0.09,0.43,0,8.26,0,18.03,29.31,29.98,16.98,94.3,1359.42,7110.99,67.3500000000001,0.529999999999745,No Change
Jul 2040,San_Juan,NCAR,High,High,925.21,12.3,173.49,135.16,59.33,21.32,0.62,0.09,21.46,0,-2.75,0,891.44,15.36,31.24,17.3,955.35,1419.75,7102.17,60.3299999999999,-8.81999999999971,No Change
Aug 2040,San_Juan,NCAR,High,High,531.49,3.8,67.24,68.11,50.7,50.09,0.62,0.09,12.33,0,-2.78,0,515.37,5.11,30.48,15.1,566.06,1427.05,7103.06,7.29999999999995,0.890000000000327,No Change
Sep 2040,San_Juan,NCAR,High,High,319.73,0.51,42.87,46.11,35.13,37.54,0.62,0.09,7.41,0,-2.45,0,311.81,2.13,21.63,11.28,346.85,1397.7,7096.97,-29.3499999999999,-6.09000000000015,No Change
Oct 2040,San_Juan,NCAR,High,High,120.89,0.05,56.16,58.67,7.69,13.81,0.62,0.09,2.8,0,-0.99,0,118.03,4.65,6.08,2.42,131.18,1374.18,7090.13,-23.52,-6.84000000000015,No Change
Nov 2040,San_Juan,NCAR,High,High,88.31,0.05,55.43,56.26,5.82,10.44,0.62,0.09,2.05,0,-0.66,0,86.22,4.49,5.01,0,95.72,1362.51,7089,-11.6700000000001,-1.13000000000011,No Change
Dec 2040,San_Juan,NCAR,High,High,95.68,0.06,41.95,95.28,5.82,61.39,0.62,0.09,2.22,0,-0.78,0,93.41,3.07,5.01,0,101.5,1353.41,7089.86,-9.09999999999991,0.859999999999673,No Change
Jan 2041,San_Juan,NCAR,High,High,136.69,0.26,37.66,36.6,5.82,5.85,0.62,0.09,3.17,0,-0.5,0,133.26,1.85,5.02,0,140.13,1293.35,7090.77,-60.0600000000002,0.910000000000764,No Change
Feb 2041,San_Juan,NCAR,High,High,85.55,0.48,39.02,60.13,5.82,29.17,0.62,0.09,1.98,0,0.61,0,83.08,2.1,5.02,0,90.2,1288.82,7092.92,-4.52999999999997,2.14999999999964,No Change
Mar 2041,San_Juan,NCAR,High,High,180.23,1.01,57.69,53.42,5.83,3.97,0.62,0.09,4.18,0,0.95,0,175.04,2.48,5.02,0,182.53,1260.98,7094.99,-27.8399999999999,2.06999999999971,No Change
Apr 2041,San_Juan,NCAR,High,High,87.85,0.23,117.55,68.12,41.43,2.14,0.62,0.09,2.04,0,3.3,0,85.58,7.07,6.08,3.24,101.98,1258.34,7099.6,-2.6400000000001,4.61000000000058,No Change
May 2041,San_Juan,NCAR,High,High,302.69,0.3,301.65,192.59,96.02,11.19,0.62,0.09,7.02,0,4.79,0,295.37,19.75,18,12.94,346.07,1292.07,7101.16,33.73,1.55999999999949,No Change
Jun 2041,San_Juan,NCAR,High,High,12.14,0.01,366.11,238.13,112.79,21.57,0.63,0.09,0.28,0,8.1,0,11.85,28.67,31.42,17.6,89.54,1359.42,7099.5,67.3500000000001,-1.65999999999985,No Change
Jul 2041,San_Juan,NCAR,High,High,755.45,9.13,91.71,53.16,66.8,24.54,0.62,0.09,17.52,0,-2.7,0,728.8,8.12,35.49,18.25,790.66,1419.75,7089.75,60.3299999999999,-9.75,No Change
Aug 2041,San_Juan,NCAR,High,High,1127.87,16.76,63.39,82.16,42.35,46.47,0.62,0.09,26.16,0,-2.71,0,1084.95,4.82,25.76,15.03,1130.55,1427.05,7085.78,7.29999999999995,-3.97000000000025,No Change
Sep 2041,San_Juan,NCAR,High,High,1829.73,31.89,74.73,119.24,15.87,29.19,0.62,0.09,42.43,0,-2.75,0,1755.4,3.45,10.73,11.03,1780.61,1397.7,7093.67,-29.3499999999999,7.89000000000033,No Change
Oct 2041,San_Juan,NCAR,High,High,702.96,10.46,54.88,71.64,5.83,13.01,0.62,0.09,16.3,0,-2.85,0,676.21,3.72,5.02,1.75,686.71,1374.18,7121.8,-23.52,28.1300000000001,No Change
Nov 2041,San_Juan,NCAR,High,High,500.46,6.14,35.64,47.03,5.83,10.44,0.62,0.09,11.61,0,-2.89,0,482.71,2.25,5.02,0,489.99,1362.51,7132.97,-11.6700000000001,11.1700000000001,No Change
Dec 2041,San_Juan,NCAR,High,High,416.86,4.03,33.38,94.16,5.84,61.4,0.62,0.09,9.67,0,-2.9,0,403.16,1.71,5.03,0,409.9,1353.41,7141.16,-9.09999999999991,8.1899999999996,No Change
Jan 2042,San_Juan,NCAR,High,High,483.49,3.76,32.33,38.33,5.84,5.86,0.62,0.09,11.21,0,-2.9,0,468.52,0.68,5.03,0,474.23,1293.35,7147.4,-60.0600000000002,6.23999999999978,No Change
Feb 2042,San_Juan,NCAR,High,High,210.99,1.19,33.63,57.62,5.84,29.18,0.62,0.09,4.89,0,-0.86,0,204.91,1.4,5.03,0,211.34,1288.82,7155.19,-4.52999999999997,7.78999999999996,No Change
Mar 2042,San_Juan,NCAR,High,High,84.23,0.47,45.81,40.81,5.84,3.98,0.62,0.09,1.95,0,1.13,0,81.81,2.47,5.03,0.1,89.41,1260.98,7158.69,-27.8399999999999,3.5,No Change
Apr 2042,San_Juan,NCAR,High,High,405.59,1.05,130.43,83.08,47.18,4.62,0.62,0.09,9.41,0,-0.14,0,395.13,5.98,9.36,9.11,419.58,1258.34,7161.14,-2.6400000000001,2.45000000000073,No Change
May 2042,San_Juan,NCAR,High,High,356.63,0.35,135.32,46.18,92.59,9.7,0.62,0.09,8.27,0,-1.37,0,348.01,7.97,16.06,11.89,383.93,1292.07,7160.77,33.73,-0.369999999999891,No Change
Jun 2042,San_Juan,NCAR,High,High,306.84,0.24,96.23,20.46,88.39,17.37,0.63,0.09,7.12,0,-1.73,0,299.49,6.72,25.69,16.8,348.7,1359.42,7155.25,67.3500000000001,-5.52000000000044,No Change
Jul 2042,San_Juan,NCAR,High,High,764.51,10.92,49.79,34.85,57.09,32.81,0.63,0.09,17.73,0,-2.83,0,735.86,4.41,34.11,17.93,792.31,1405.29,7143.3,45.8699999999999,-11.9499999999998,No Change
Aug 2042,San_Juan,NCAR,High,High,656.23,8.35,42.01,30.47,50.37,30.87,0.63,0.09,15.22,0,-2.81,0,632.66,3.19,30.3,15.52,681.68,1396,7139.74,-9.28999999999996,-3.5600000000004,No Change
Sep 2042,San_Juan,NCAR,High,High,1284.05,23.32,35.82,57.89,22.29,20.01,0.63,0.09,29.78,0,-2.68,0,1230.96,1.65,14.35,11.2,1258.17,1385.73,7136.09,-10.27,-3.64999999999964,No Change
Oct 2042,San_Juan,NCAR,High,High,861.9,13.26,31.23,52.28,5.85,13.01,0.62,0.09,19.99,0,-2.74,0,828.65,2.12,5.04,1.52,837.33,1374.18,7151.46,-11.55,15.3699999999999,No Change
Nov 2042,San_Juan,NCAR,High,High,820.04,14.09,36.38,55.51,5.85,10.45,0.62,0.09,19.02,0,-2.74,0,786.93,2.3,5.04,0,794.26,1362.51,7166.65,-11.6700000000001,15.1899999999996,No Change
Dec 2042,San_Juan,NCAR,High,High,390.92,5.17,31.91,93.77,5.85,61.4,0.62,0.09,9.07,0,-2.77,0,376.69,1.63,5.04,0,383.35,1353.41,7182.4,-9.09999999999991,15.75,No Change
Jan 2043,San_Juan,NCAR,High,High,156.16,0.29,31.29,31.81,5.85,5.87,0.62,0.09,3.62,0,-1.48,0,152.24,1.27,5.04,0,158.55,1293.35,7188.17,-60.0600000000002,5.77000000000044,No Change
Feb 2043,San_Juan,NCAR,High,High,67.21,0.38,32.09,53.56,5.85,29.19,0.62,0.09,1.56,0,0.33,0,65.27,1.91,5.04,0,72.22,1288.82,7189.78,-4.52999999999997,1.60999999999967,No Change
Mar 2043,San_Juan,NCAR,High,High,130.78,0.73,38.95,35.43,5.86,3.99,0.62,0.09,3.03,0,0.38,0,127.02,2,5.04,0.11,134.17,1260.98,7191.14,-27.8399999999999,1.36000000000058,No Change
Apr 2043,San_Juan,NCAR,High,High,375.82,0.98,97.53,51.11,49.98,5.82,0.63,0.09,8.72,0,-1.08,0,366.13,4.32,10.96,10.46,391.87,1258.34,7193.91,-2.6400000000001,2.76999999999953,No Change
May 2043,San_Juan,NCAR,High,High,255.29,0.25,425.28,301.33,98.38,12.22,0.63,0.09,5.92,0,9.43,0,249.12,28.61,19.34,13.61,310.68,1292.07,7190.56,33.73,-3.34999999999945,No Change
Jun 2043,San_Juan,NCAR,High,High,70.5,0.05,363.1,233.65,117.18,23.46,0.64,0.09,1.64,0,7.54,0,68.81,28.24,33.94,18.64,149.63,1359.42,7191.76,67.3500000000001,1.19999999999982,No Change
Jul 2043,San_Juan,NCAR,High,High,725.28,9.5,102.84,65.04,64.55,23.59,0.63,0.09,16.82,0,-2.76,0,698.96,9.11,34.2,17.86,760.12,1419.75,7181.75,60.3299999999999,-10.0100000000002,No Change
Aug 2043,San_Juan,NCAR,High,High,842.72,12.31,60.63,72.59,47.05,48.53,0.63,0.09,19.54,0,-2.78,0,810.87,4.61,28.41,15.43,859.32,1427.05,7177.41,7.29999999999995,-4.34000000000015,No Change
Sep 2043,San_Juan,NCAR,High,High,455.47,4.97,48.74,56.53,35.44,37.7,0.63,0.09,10.56,0,-2.79,0,439.93,2.25,21.79,12.1,476.07,1397.7,7178.2,-29.3499999999999,0.789999999999964,No Change
Oct 2043,San_Juan,NCAR,High,High,476.04,5.76,56.35,64.35,12.74,15.98,0.63,0.09,11.04,0,-2.82,0,459.24,3.82,8.96,6.45,478.48,1374.18,7173.34,-23.52,-4.85999999999967,No Change
Nov 2043,San_Juan,NCAR,High,High,157.72,0.08,54.88,57.32,5.86,10.46,0.63,0.09,3.66,0,-1.74,0,153.98,3.98,5.05,0,163.01,1362.51,7174.57,-11.6700000000001,1.22999999999956,No Change
Dec 2043,San_Juan,NCAR,High,High,194.48,0.11,41.33,97.17,5.87,61.41,0.63,0.09,4.51,0,-2.45,0,189.86,2.27,5.05,0,197.18,1353.41,7175.96,-9.09999999999991,1.39000000000033,No Change
Jan 2044,San_Juan,NCAR,High,High,52.86,0.1,37.53,34.7,5.87,5.87,0.63,0.09,1.23,0,0.57,0,51.53,2.36,5.05,0,58.94,1293.35,7177.48,-60.0600000000002,1.51999999999953,No Change
Feb 2044,San_Juan,NCAR,High,High,452.16,3.24,38.27,67.07,5.87,29.19,0.63,0.09,10.49,0,-2.76,0,438.44,0.53,5.05,0,444.02,1288.82,7178.75,-4.52999999999997,1.27000000000044,No Change
Mar 2044,San_Juan,NCAR,High,High,186.69,1.04,57.52,53.07,5.87,4,0.63,0.09,4.33,0,1.07,0,181.32,2.56,5.05,0,188.93,1260.98,7185.94,-27.8399999999999,7.1899999999996,No Change
Apr 2044,San_Juan,NCAR,High,High,182.11,0.47,160.55,108.06,41.76,2.29,0.63,0.09,4.22,0,4.35,0,177.41,9.15,6.29,3.72,196.56,1258.34,7190.8,-2.6400000000001,4.86000000000058,No Change
May 2044,San_Juan,NCAR,High,High,1079.83,8.27,237.44,154.72,89.22,8.25,0.63,0.09,25.04,0,-2.75,0,1046.52,12.77,14.15,13.48,1086.93,1292.07,7195.12,33.73,4.31999999999971,No Change
Jun 2044,San_Juan,NCAR,High,High,297.46,0.23,192.98,89.36,109.77,20.25,0.64,0.09,6.9,0,0.4,0,290.34,13.93,29.74,17.36,351.37,1359.42,7203.39,67.3500000000001,8.27000000000044,No Change
Jul 2044,San_Juan,NCAR,High,High,1206.29,18.86,65.47,44.67,56.91,20.26,0.63,0.09,27.98,0,-2.79,0,1159.46,5.8,29.89,17.53,1212.68,1419.75,7192.77,60.3299999999999,-10.6199999999999,No Change
Aug 2044,San_Juan,NCAR,High,High,621.18,5.61,41.41,46.55,49.87,49.73,0.64,0.09,14.41,0,-2.83,0,601.16,3.15,30.04,15.07,649.42,1427.05,7199.89,7.29999999999995,7.11999999999989,No Change
Sep 2044,San_Juan,NCAR,High,High,398.56,4.22,34.42,42.78,34.27,37.2,0.64,0.09,9.24,0,-2.79,0,385.09,1.59,21.13,11.6,419.41,1397.7,7195.85,-29.3499999999999,-4.03999999999996,No Change
Oct 2044,San_Juan,NCAR,High,High,937.43,16.91,33.31,57.93,5.88,13.03,0.63,0.09,21.74,0,-2.81,0,898.78,2.26,5.06,2.11,908.21,1374.18,7190.16,-23.52,-5.69000000000051,No Change
Nov 2044,San_Juan,NCAR,High,High,18.78,0.01,42.13,42.72,5.88,10.47,0.63,0.09,0.44,0,-0.01,0,18.34,4.02,5.06,0,27.41,1362.51,7206.44,-11.6700000000001,16.2799999999997,No Change
Dec 2044,San_Juan,NCAR,High,High,666.65,10.28,39.02,105.68,5.88,61.42,0.63,0.09,15.46,0,-2.84,0,640.91,2,5.06,0,647.96,1353.41,7206.33,-9.09999999999991,-0.109999999999673,No Change
Jan 2045,San_Juan,NCAR,High,High,712.79,8.54,35.58,46.26,5.88,5.88,0.63,0.09,16.53,0,-2.89,0,687.72,0.75,5.06,0,693.53,1293.35,7218.41,-60.0600000000002,12.0799999999999,No Change
Feb 2045,San_Juan,NCAR,High,High,443.94,2.5,36.8,64.88,5.88,29.2,0.63,0.09,10.3,0,-2.81,0,431.14,0.56,5.06,0,436.77,1288.82,7231.51,-4.52999999999997,13.1000000000004,No Change
Mar 2045,San_Juan,NCAR,High,High,713.6,7.15,49.07,56.61,5.88,4,0.63,0.09,16.55,0,-2.92,0,689.91,0.65,5.06,0,695.62,1260.98,7238.46,-27.8399999999999,6.94999999999982,No Change
Apr 2045,San_Juan,NCAR,High,High,116.44,0.3,175.15,116.87,47.59,4.8,0.63,0.09,2.7,0,5.49,0,113.44,10.3,9.61,7.9,141.25,1258.34,7251.54,-2.6400000000001,13.0799999999999,No Change
May 2045,San_Juan,NCAR,High,High,312.14,0.31,264.46,154.54,103.81,14.64,0.64,0.09,7.24,0,3.7,0,304.59,17.36,22.37,15.98,360.29,1292.07,7251.29,33.73,-0.25,No Change
Jun 2045,San_Juan,NCAR,High,High,11.38,0.01,138.8,30.81,118.44,24.02,0.64,0.09,0.26,0,2.21,0,11.11,11.37,34.64,18.95,76.06,1359.42,7245.7,67.3500000000001,-5.59000000000015,No Change
Jul 2045,San_Juan,NCAR,High,High,659.45,8.98,39.81,35.7,61.97,49.46,0.64,0.09,15.29,0,-2.94,0,635.18,3.53,36.88,18.65,694.23,1419.75,7228.68,60.3299999999999,-17.0199999999995,No Change
Aug 2045,San_Juan,NCAR,High,High,995.89,16.85,34.47,36.96,44.49,29.83,0.64,0.09,23.1,0,-2.92,0,955.95,2.62,26.96,15.4,1000.93,1395.94,7221.84,-23.8099999999999,-6.84000000000015,No Change
Sep 2045,San_Juan,NCAR,High,High,242.01,1.18,27.36,19.29,37.01,26.06,0.64,0.09,5.61,0,-2.96,0,235.22,1.26,22.69,11.79,270.95,1384.19,7226.06,-11.75,4.22000000000025,No Change
Oct 2045,San_Juan,NCAR,High,High,143.87,0.06,30.37,30.55,15.3,15.91,0.64,0.09,3.34,0,-2.02,0,140.47,2.5,10.43,6.59,159.99,1373.01,7216.38,-11.1800000000001,-9.68000000000029,No Change
Nov 2045,San_Juan,NCAR,High,High,703.22,12,32.26,49.75,5.89,10.47,0.64,0.09,16.31,0,-2.95,0,674.91,2.04,5.07,0,682.02,1362.51,7210.56,-10.5,-5.81999999999971,No Change
Dec 2045,San_Juan,NCAR,High,High,155.9,0.09,32.33,87.86,5.89,61.43,0.64,0.09,3.62,0,-2.01,0,152.19,2.11,5.07,0,159.37,1353.41,7223.38,-9.09999999999991,12.8199999999997,No Change
Jan 2046,San_Juan,NCAR,High,High,490.85,4.2,31.47,37.98,5.9,5.89,0.64,0.09,11.38,0,-2.98,0,475.27,0.66,5.07,0,481,1293.35,7224.44,-60.0600000000002,1.05999999999949,No Change
Feb 2046,San_Juan,NCAR,High,High,835.45,12.02,32.45,70.31,5.9,29.21,0.64,0.09,19.38,0,-2.98,0,804.06,0.45,5.07,0,809.58,1288.82,7232.3,-4.52999999999997,7.86000000000058,No Change
Mar 2046,San_Juan,NCAR,High,High,454.68,3.87,41.16,45.6,5.9,4.01,0.64,0.09,10.54,0,-3,0,440.27,0.54,5.07,0,445.89,1260.98,7248.16,-27.8399999999999,15.8599999999997,No Change
Apr 2046,San_Juan,NCAR,High,High,373.68,0.97,99.05,57.46,40.33,1.67,0.64,0.09,8.67,0,-0.75,0,364.04,4.65,5.48,2.54,376.71,1258.34,7255.15,-2.6400000000001,6.98999999999978,No Change
May 2046,San_Juan,NCAR,High,High,645.72,3.49,141.39,60.15,87.77,7.62,0.64,0.09,14.97,0,-3.02,0,627.25,7.61,13.34,11.16,659.36,1292.07,7259.99,33.73,4.84000000000015,No Change
Jun 2046,San_Juan,NCAR,High,High,108.52,0.08,70.12,20.38,63.04,18.54,0.65,0.09,2.52,0,-0.43,0,105.92,5.75,27.18,16.97,155.82,1359.42,7260.23,67.3500000000001,0.239999999999782,No Change
Jul 2046,San_Juan,NCAR,High,High,368.93,3.24,37.3,30.93,63.64,54.29,0.65,0.09,8.56,0,-3.04,0,357.14,3.3,37.83,18.18,416.45,1377.3,7244.79,17.8799999999999,-15.4399999999996,No Change
Aug 2046,San_Juan,NCAR,High,High,1213.24,22.36,32.45,41.05,40.86,26.72,0.64,0.09,28.14,0,-2.85,0,1162.75,2.47,24.91,15.37,1205.5,1349.38,7231.56,-27.9199999999998,-13.2299999999996,No Change
Sep 2046,San_Juan,NCAR,High,High,1204.51,19.35,27.01,33.97,28.64,14.65,0.64,0.09,27.93,0,-2.85,0,1157.23,1.25,17.97,12.27,1188.72,1339.16,7240.93,-10.22,9.36999999999989,No Change
Oct 2046,San_Juan,NCAR,High,High,1104.47,20.42,27.99,24.91,25.88,1.37,0.64,0.09,25.61,0,-2.9,0,1058.43,1.9,5.08,2.98,1068.39,1335.72,7253.2,-3.44000000000005,12.2699999999995,No Change
Nov 2046,San_Juan,NCAR,High,High,187.64,0.1,30.56,29.26,5.91,3.66,0.64,0.09,4.35,0,-2.84,0,183.19,2,5.08,0,190.27,1355.69,7272.38,19.97,19.1800000000003,No Change
Dec 2046,San_Juan,NCAR,High,High,91.57,0.05,29.4,83.89,5.91,61.43,0.64,0.09,2.12,0,-1.23,0,89.39,2.31,5.08,0,96.78,1353.41,7273.34,-2.27999999999997,0.960000000000036,No Change
Jan 2047,San_Juan,NCAR,High,High,461,4.53,28.85,35.66,5.91,5.9,0.64,0.09,10.69,0,-2.9,0,445.77,0.6,5.08,0,451.46,1293.35,7273.69,-60.0600000000002,0.349999999999454,No Change
Feb 2047,San_Juan,NCAR,High,High,488.39,4.23,30.19,60.23,5.91,29.21,0.64,0.09,11.33,0,-2.92,0,472.83,0.42,5.08,0,478.33,1288.82,7280.94,-4.52999999999997,7.25,No Change
Mar 2047,San_Juan,NCAR,High,High,222.79,1.24,35.58,33.87,5.91,4.02,0.64,0.09,5.17,0,-0.53,0,216.38,1.6,5.08,0,223.06,1260.98,7288.8,-27.8399999999999,7.86000000000058,No Change
Apr 2047,San_Juan,NCAR,High,High,113.82,0.3,145.24,94.25,40.38,1.69,0.64,0.09,2.64,0,4.07,0,110.88,8.53,5.51,1.98,126.9,1258.34,7292.89,-2.6400000000001,4.09000000000015,No Change
May 2047,San_Juan,NCAR,High,High,165.01,0.16,316.85,200.36,100.25,13.03,0.64,0.09,3.83,0,7.5,0,161.02,21.94,20.41,13.79,217.16,1292.07,7297.07,33.73,4.17999999999938,No Change
Jun 2047,San_Juan,NCAR,High,High,55.11,0.04,253.67,136.97,114.25,22.2,0.65,0.09,1.28,0,4.75,0,53.79,19.95,32.27,17.94,123.94,1359.42,7294.06,67.3500000000001,-3.00999999999931,No Change
Jul 2047,San_Juan,NCAR,High,High,355.27,2.05,128.96,77.79,71.19,26.49,0.65,0.09,8.24,0,-2.91,0,344.98,11.42,37.96,18.21,412.57,1419.75,7281.59,60.3299999999999,-12.4700000000003,No Change
Aug 2047,San_Juan,NCAR,High,High,792.23,9.15,69.03,76.63,48.17,49,0.65,0.09,18.37,0,-2.88,0,764.71,5.25,29.07,15.27,814.31,1427.05,7268.15,7.29999999999995,-13.4400000000005,No Change
Sep 2047,San_Juan,NCAR,High,High,341.11,2.6,48.94,54.78,34.83,37.45,0.65,0.09,7.91,0,-2.87,0,330.6,2.26,21.45,11.58,365.89,1397.7,7267.82,-29.3499999999999,-0.329999999999927,No Change
Oct 2047,San_Juan,NCAR,High,High,308.37,2.64,35.94,44.84,8.16,14.02,0.64,0.09,7.15,0,-2.85,0,298.58,2.44,6.37,3.22,310.6,1374.18,7260.73,-23.52,-7.09000000000015,No Change
Nov 2047,San_Juan,NCAR,High,High,826.3,14.27,33.25,52.81,5.92,10.49,0.64,0.09,19.16,0,-2.83,0,792.87,2.1,5.09,0,800.06,1362.51,7261.27,-11.6700000000001,0.540000000000873,No Change
Dec 2047,San_Juan,NCAR,High,High,164.32,0.1,32.38,88.14,5.92,61.44,0.64,0.09,3.81,0,-2.15,0,160.41,2.01,5.09,0,167.51,1353.41,7277.06,-9.09999999999991,15.79,No Change
Jan 2048,San_Juan,NCAR,High,High,202.64,0.38,31.72,32.22,5.92,5.9,0.64,0.09,4.7,0,-1.46,0,197.56,1.32,5.09,0,203.97,1293.35,7278.17,-60.0600000000002,1.10999999999967,No Change
Feb 2048,San_Juan,NCAR,High,High,377.91,2.13,32.63,60.09,5.92,29.22,0.64,0.09,8.76,0,-2.59,0,367.02,0.57,5.09,0,372.67,1288.82,7280.86,-4.52999999999997,2.6899999999996,No Change
Mar 2048,San_Juan,NCAR,High,High,331.39,1.85,41.88,42.62,5.92,4.02,0.64,0.09,7.69,0,-1.81,0,321.85,1.03,5.09,0,327.98,1260.98,7286.49,-27.8399999999999,5.63000000000011,No Change
Apr 2048,San_Juan,NCAR,High,High,937.15,7.15,139.24,103.95,43.1,2.87,0.64,0.09,21.73,0,-2.84,0,908.27,5.04,7.06,8.44,928.8,1258.34,7291.8,-2.6400000000001,5.3100000000004,No Change
May 2048,San_Juan,NCAR,High,High,189.64,0.19,308.64,195.95,96.54,11.42,0.65,0.09,4.4,0,6.67,0,185.06,21.09,18.33,12.6,237.07,1292.07,7301.71,33.73,9.90999999999985,No Change
Jun 2048,San_Juan,NCAR,High,High,85.35,0.07,179.3,70.82,113.85,22.02,0.65,0.09,1.98,0,2.6,0,83.3,14.12,32.05,17.83,147.31,1359.42,7299.63,67.3500000000001,-2.07999999999993,No Change
Jul 2048,San_Juan,NCAR,High,High,643.87,8.67,69.7,33.12,66.29,24.35,0.65,0.09,14.93,0,-2.86,0,620.26,6.17,35.2,18.04,679.68,1419.75,7285.81,60.3299999999999,-13.8199999999997,No Change
Aug 2048,San_Juan,NCAR,High,High,786.76,9.9,49.91,59.2,49.05,49.38,0.65,0.09,18.25,0,-2.85,0,758.61,3.8,29.57,15.49,807.47,1427.05,7279.28,7.29999999999995,-6.53000000000065,No Change
Sep 2048,San_Juan,NCAR,High,High,679.99,7.82,54.88,66.4,33.46,36.83,0.65,0.09,15.77,0,-2.87,0,656.4,2.53,20.71,12.04,691.68,1397.7,7278.62,-29.3499999999999,-0.659999999999854,No Change
Oct 2048,San_Juan,NCAR,High,High,1531.32,28.44,65.05,99.07,5.93,13.06,0.65,0.09,35.51,0,-2.86,0,1467.37,4.41,5.1,2.65,1479.53,1374.18,7278.93,-23.52,0.3100000000004,No Change
Nov 2048,San_Juan,NCAR,High,High,942.28,13.92,40.53,59.42,5.93,10.49,0.65,0.09,21.85,0,-2.96,0,906.5,2.56,5.1,0,914.16,1362.51,7308.38,-11.6700000000001,29.4499999999998,No Change
Dec 2048,San_Juan,NCAR,High,High,184.3,0.11,36.86,92.32,5.93,61.45,0.65,0.09,4.27,0,-2.13,0,179.91,2.29,5.1,0,187.31,1353.41,7326.71,-9.09999999999991,18.3299999999999,No Change
Jan 2049,San_Juan,NCAR,High,High,470.81,4.55,35.14,41.87,5.93,5.91,0.65,0.09,10.92,0,-2.94,0,455.34,0.74,5.1,0,461.18,1293.35,7328.3,-60.0600000000002,1.59000000000015,No Change
Feb 2049,San_Juan,NCAR,High,High,356.22,2.01,36.98,64.2,5.94,29.23,0.65,0.09,8.26,0,-2.59,0,345.95,0.67,5.1,0,351.72,1288.82,7335.72,-4.52999999999997,7.42000000000007,No Change
Mar 2049,San_Juan,NCAR,High,High,200,1.12,47.28,43.96,5.94,4.03,0.65,0.09,4.64,0,0.36,0,194.24,2.17,5.1,0,201.51,1260.98,7340.84,-27.8399999999999,5.11999999999989,No Change
Apr 2049,San_Juan,NCAR,High,High,441.38,1.15,94.02,55.29,39.85,1.47,0.65,0.09,10.24,0,-2.23,0,430,3.72,5.21,1.77,440.7,1258.34,7345.28,-2.6400000000001,4.4399999999996,No Change
May 2049,San_Juan,NCAR,High,High,252.6,0.25,293.25,182.03,97.02,11.62,0.65,0.09,5.86,0,6.07,0,246.49,20.01,18.6,12.79,297.9,1292.07,7350.96,33.73,5.68000000000029,No Change
Jun 2049,San_Juan,NCAR,High,High,411.22,0.32,194.87,94.5,107.39,19.21,0.66,0.09,9.54,0,-0.97,0,401.37,13.47,28.41,17.08,460.34,1359.42,7349.54,67.3500000000001,-1.42000000000007,No Change
Jul 2049,San_Juan,NCAR,High,High,858.57,14.7,52,38.16,56.28,29.41,0.66,0.09,19.91,0,-2.93,0,823.96,4.6,33.65,18.32,880.54,1419.75,7340.46,60.3299999999999,-9.07999999999993,No Change
Aug 2049,San_Juan,NCAR,High,High,880.27,11.24,52.92,50.19,48.5,35.63,0.65,0.09,20.41,0,-2.93,0,848.62,4.02,29.26,15.57,897.47,1413.53,7338.56,-6.22000000000003,-1.89999999999964,No Change
Sep 2049,San_Juan,NCAR,High,High,1342.06,20.67,47.23,76.91,24.76,33.06,0.65,0.09,31.12,0,-2.9,0,1290.26,2.18,15.79,11.6,1319.83,1397.7,7339.91,-15.8299999999999,1.34999999999945,No Change
Oct 2049,San_Juan,NCAR,High,High,432.67,6.28,31.91,41.35,14.28,16.65,0.65,0.09,10.03,0,-2.95,0,416.35,2.16,9.86,7.14,435.52,1374.18,7355.98,-23.52,16.0699999999997,No Change
Nov 2049,San_Juan,NCAR,High,High,224.87,0.4,33.13,38.93,5.95,10.5,0.65,0.09,5.22,0,-2.94,0,219.26,2.09,5.11,0,226.46,1362.51,7355.37,-11.6700000000001,-0.609999999999673,No Change
Dec 2049,San_Juan,NCAR,High,High,95.55,0.06,31.04,85.52,5.95,61.45,0.65,0.09,2.22,0,-1.26,0,93.28,2.34,5.11,0,100.73,1353.41,7357.09,-9.09999999999991,1.72000000000025,No Change
Jan 2050,San_Juan,NCAR,High,High,435.22,4.12,31.29,37.55,5.95,5.92,0.65,0.09,10.09,0,-2.82,0,421,0.66,5.11,0,426.77,1293.35,7357.49,-60.0600000000002,0.399999999999636,No Change
Feb 2050,San_Juan,NCAR,High,High,309.37,1.74,32.38,58.51,5.95,29.23,0.65,0.09,7.17,0,-1.96,0,300.45,0.87,5.11,0,306.43,1288.82,7364.2,-4.52999999999997,6.71000000000004,No Change
Mar 2050,San_Juan,NCAR,High,High,310.08,1.73,37.4,37.06,5.95,4.04,0.65,0.09,7.19,0,-1.14,0,301.15,1.3,5.11,0,307.57,1260.98,7368.86,-27.8399999999999,4.65999999999985,No Change
Apr 2050,San_Juan,NCAR,High,High,465.49,1.21,113.02,72.8,39.68,1.39,0.65,0.09,10.8,0,-1.55,0,453.48,4.7,5.11,0.72,464.01,1258.34,7374.36,-2.6400000000001,5.5,No Change
May 2050,San_Juan,NCAR,High,High,592.21,0.58,365.49,254.1,97.11,11.67,0.65,0.09,13.73,0,3.76,0,577.89,22.77,18.65,14.19,633.51,1292.07,7382.32,33.73,7.96000000000004,No Change
Jun 2050,San_Juan,NCAR,High,High,78.23,0.06,228.99,113.72,117,23.4,0.66,0.09,1.81,0,3.83,0,76.35,17.9,33.84,18.59,146.68,1359.42,7385.06,67.3500000000001,2.74000000000069,No Change
Jul 2050,San_Juan,NCAR,High,High,2023.85,36.65,76.02,79.38,44.21,14.79,0.66,0.09,46.94,0,-2.86,0,1940.26,6.73,22.68,17.37,1987.05,1419.75,7371.55,60.3299999999999,-13.5100000000002,No Change
Aug 2050,San_Juan,NCAR,High,High,635.98,6.82,47.47,51.94,52.62,50.94,0.66,0.09,14.75,0,-2.95,0,614.41,3.61,31.6,15.81,665.43,1427.05,7397.7,7.29999999999995,26.1499999999996,No Change
Sep 2050,San_Juan,NCAR,High,High,51.14,0.08,38.22,33.33,43.11,41.04,0.66,0.09,1.19,0,-0.17,0,49.87,3.07,26.16,12.73,91.84,1397.7,7393.13,-29.3499999999999,-4.56999999999971,No Change
Oct 2050,San_Juan,NCAR,High,High,260.72,0.95,31.04,34.67,15.25,17.08,0.65,0.09,6.05,0,-2.95,0,253.72,2.11,10.4,6.88,273.11,1374.18,7380.84,-23.52,-12.29,No Change
Nov 2050,San_Juan,NCAR,High,High,163.05,0.09,32.26,36.89,5.96,10.51,0.65,0.09,3.78,0,-2.33,0,159.19,2.34,5.12,0,166.64,1362.51,7376.5,-11.6700000000001,-4.34000000000015,No Change
Dec 2050,San_Juan,NCAR,High,High,394.32,3.72,30.79,91.41,5.96,61.46,0.65,0.09,9.14,0,-2.97,0,381.45,1.57,5.12,0,388.14,1353.41,7377.39,-9.09999999999991,0.890000000000327,No Change
Jan 2051,San_Juan,NCAR,High,High,814.78,12.33,30.79,45.43,5.96,5.92,0.65,0.09,18.9,0,-3,0,783.56,0.65,5.12,0,789.32,1293.35,7383,-60.0600000000002,5.60999999999967,No Change
Feb 2051,San_Juan,NCAR,High,High,312.71,1.76,31.47,58.13,5.96,29.24,0.65,0.09,7.25,0,-2.37,0,303.69,0.76,5.12,0,309.57,1288.82,7398.34,-4.52999999999997,15.3400000000001,No Change
Mar 2051,San_Juan,NCAR,High,High,172.95,0.97,34.1,32.11,5.96,4.04,0.65,0.09,4.01,0,-0.58,0,167.97,1.62,5.12,0,174.71,1260.98,7402.66,-27.8399999999999,4.31999999999971,No Change
Apr 2051,San_Juan,NCAR,High,High,208.1,0.54,86.74,43.19,39.86,1.47,0.66,0.09,4.83,0,0.77,0,202.73,4.94,5.22,1.04,213.93,1258.34,7405.53,-2.6400000000001,2.86999999999989,No Change
May 2051,San_Juan,NCAR,High,High,327.57,0.32,477.92,352.81,93.27,10,0.66,0.09,7.6,0,10.21,0,319.65,31.95,16.47,11.96,380.04,1292.07,7409.51,33.73,3.98000000000047,No Change
Jun 2051,San_Juan,NCAR,High,High,92.6,0.07,333.01,206.4,118.7,24.13,0.67,0.09,2.15,0,6.28,0,90.39,25.84,34.81,18.97,170.02,1359.42,7414.8,67.3500000000001,5.28999999999996,No Change
Jul 2051,San_Juan,NCAR,High,High,757.09,10.09,78.95,44.07,64.71,23.67,0.66,0.09,17.56,0,-3.06,0,729.44,6.99,34.31,17.95,788.69,1419.75,7403.67,60.3299999999999,-11.1300000000001,No Change
Aug 2051,San_Juan,NCAR,High,High,799.72,9.51,60.08,68.48,48.95,49.35,0.66,0.09,18.55,0,-3.06,0,771.67,4.57,29.52,15.46,821.22,1427.05,7399.65,7.29999999999995,-4.02000000000044,No Change
Sep 2051,San_Juan,NCAR,High,High,652.22,5.96,65.78,74.23,35.02,37.52,0.66,0.09,15.13,0,-3.04,0,631.13,3.04,21.59,12.28,668.04,1397.7,7399.1,-29.3499999999999,-0.549999999999272,No Change
Oct 2051,San_Juan,NCAR,High,High,331.4,3.75,42.75,53.55,6.14,13.15,0.66,0.09,7.69,0,-2.95,0,319.96,2.9,5.22,1.31,329.4,1374.18,7398.34,-23.52,-0.760000000000218,No Change
Nov 2051,San_Juan,NCAR,High,High,617.33,7.2,35.64,48.04,5.97,10.51,0.66,0.09,14.32,0,-2.92,0,595.81,2.25,5.13,0,603.2,1362.51,7401.21,-11.6700000000001,2.86999999999989,No Change
Dec 2051,San_Juan,NCAR,High,High,363.68,3.62,33.8,94.1,5.97,61.47,0.66,0.09,8.43,0,-2.92,0,351.63,1.73,5.13,0,358.49,1353.41,7412.04,-9.09999999999991,10.8299999999999,No Change
Jan 2052,San_Juan,NCAR,High,High,143.33,0.27,32.95,32.47,5.97,5.93,0.66,0.09,3.32,0,-0.92,0,139.73,1.63,5.13,0,146.5,1293.35,7416.99,-60.0600000000002,4.94999999999982,No Change
Feb 2052,San_Juan,NCAR,High,High,108.55,0.61,34.89,56.68,5.97,29.25,0.66,0.09,2.52,0,0.17,0,105.42,1.93,5.13,0,112.48,1288.82,7418.82,-4.52999999999997,1.82999999999993,No Change
Mar 2052,San_Juan,NCAR,High,High,399.41,2.64,47.28,50.27,5.98,4.05,0.66,0.09,9.26,0,-2.9,0,387.51,0.62,5.13,0,393.27,1260.98,7420.95,-27.8399999999999,2.13000000000011,No Change
Apr 2052,San_Juan,NCAR,High,High,501.67,1.3,101.55,63.21,39.71,1.41,0.66,0.09,11.63,0,-2.51,0,488.74,3.86,5.13,0.88,498.61,1258.34,7426.75,-2.6400000000001,5.80000000000018,No Change
May 2052,San_Juan,NCAR,High,High,359.01,0.35,356.54,243.24,94.61,10.58,0.66,0.09,8.33,0,6.17,0,350.33,23.46,17.24,12.44,403.47,1292.07,7434.42,33.73,7.67000000000007,No Change
Jun 2052,San_Juan,NCAR,High,High,22.79,0.02,288.18,165.83,117.22,23.5,0.67,0.09,0.53,0,5.92,0,22.25,22.72,33.97,18.62,97.56,1359.42,7435.91,67.3500000000001,1.48999999999978,No Change
Jul 2052,San_Juan,NCAR,High,High,1667.55,32.54,94.69,90.95,46.72,15.9,0.67,0.09,38.67,0,-2.92,0,1596.33,8.38,24.09,17.33,1646.13,1419.75,7423.16,60.3299999999999,-12.75,No Change
Aug 2052,San_Juan,NCAR,High,High,1103.91,16.21,76.2,93.33,43.07,46.8,0.66,0.09,25.6,0,-3,0,1062.1,5.79,26.2,15.17,1109.26,1427.05,7441.02,7.29999999999995,17.8600000000006,No Change
Sep 2052,San_Juan,NCAR,High,High,110.74,0.18,77.86,71.77,41.96,40.55,0.67,0.09,2.57,0,-0.11,0,108,4.96,25.5,12.6,151.07,1397.7,7447.89,-29.3499999999999,6.86999999999989,No Change
Oct 2052,San_Juan,NCAR,High,High,631.05,9.5,53.09,68.67,6.6,13.35,0.66,0.09,14.63,0,-2.93,0,606.92,3.6,5.49,2.79,618.8,1374.18,7437.17,-23.52,-10.7200000000003,No Change
Nov 2052,San_Juan,NCAR,High,High,158.48,0.08,39.32,43.07,5.98,10.52,0.66,0.09,3.68,0,-2.03,0,154.72,2.9,5.14,0,162.76,1362.51,7445.51,-11.6700000000001,8.34000000000015,No Change
Dec 2052,San_Juan,NCAR,High,High,249.4,1.57,37.06,95.08,5.99,61.47,0.66,0.09,5.78,0,-2.86,0,242.05,1.9,5.14,0,249.09,1353.41,7446.59,-9.09999999999991,1.07999999999993,No Change
Jan 2053,San_Juan,NCAR,High,High,650.95,7.34,37.9,47.25,5.99,5.94,0.66,0.09,15.1,0,-2.85,0,628.51,0.79,5.14,0,634.45,1293.35,7448.94,-60.0600000000002,2.34999999999945,No Change
Feb 2053,San_Juan,NCAR,High,High,310.04,1.75,40.91,66.23,5.99,29.25,0.66,0.09,7.19,0,-1.52,0,301.1,1.21,5.14,0,307.45,1288.82,7460.62,-4.52999999999997,11.6800000000003,No Change
Mar 2053,San_Juan,NCAR,High,High,170.83,0.95,61.62,56.4,5.99,4.06,0.66,0.09,3.96,0,1.41,0,165.92,2.83,5.14,0.01,173.91,1260.98,7465.72,-27.8399999999999,5.10000000000036,No Change
Apr 2053,San_Juan,NCAR,High,High,152.71,0.4,109.46,55.65,52.55,6.94,0.66,0.09,3.54,0,2.23,0,148.77,6.36,12.45,10.89,178.48,1258.34,7470.52,-2.6400000000001,4.80000000000018,No Change
May 2053,San_Juan,NCAR,High,High,480.34,0.47,229.56,131.64,94.57,10.63,0.67,0.09,11.14,0,0.51,0,468.72,13.95,17.16,13.48,513.3,1292.07,7464.82,33.73,-5.70000000000073,No Change
Jun 2053,San_Juan,NCAR,High,High,341.07,0.26,127.92,33.96,105.86,18.56,0.67,0.09,7.91,0,-1.82,0,332.9,8.74,27.54,16.47,385.66,1359.42,7462.42,67.3500000000001,-2.39999999999964,No Change
Jul 2053,San_Juan,NCAR,High,High,545.08,5.62,40.49,31.61,60.31,46.51,0.67,0.09,12.64,0,-2.89,0,526.82,3.58,35.97,17.83,584.2,1419.75,7451.47,60.3299999999999,-10.9499999999998,No Change
Aug 2053,San_Juan,NCAR,High,High,523.81,4.63,36.31,28.26,52.99,40.2,0.67,0.09,12.15,0,-2.87,0,507.03,2.76,31.81,15.54,557.15,1398.16,7442.81,-21.5899999999999,-8.65999999999985,No Change
Sep 2053,San_Juan,NCAR,High,High,276.18,0.84,34.42,19.51,37.71,20.69,0.67,0.09,6.4,0,-2.85,0,268.93,1.59,23.12,11.91,305.55,1379.71,7435.97,-18.45,-6.84000000000015,No Change
Oct 2053,San_Juan,NCAR,High,High,1015,18.31,32.88,58.88,6,13.09,0.66,0.09,23.54,0,-2.83,0,973.15,2.23,5.15,0.74,981.27,1374.18,7427.04,-5.52999999999997,-8.93000000000029,No Change
Nov 2053,San_Juan,NCAR,High,High,206.1,0.11,40.91,45.6,6,10.53,0.66,0.09,4.78,0,-2.71,0,201.21,2.66,5.15,0,209.02,1362.51,7446.43,-11.6700000000001,19.3900000000003,No Change
Dec 2053,San_Juan,NCAR,High,High,183.61,0.11,40.37,95.39,6,61.48,0.67,0.09,4.26,0,-1.94,0,179.24,2.51,5.15,0,186.9,1353.41,7447.92,-9.09999999999991,1.48999999999978,No Change
Jan 2054,San_Juan,NCAR,High,High,957.15,15.6,37.06,54.71,6,5.94,0.67,0.09,22.2,0,-2.88,0,919.35,0.78,5.15,0,925.28,1293.35,7449.67,-60.0600000000002,1.75,No Change
Feb 2054,San_Juan,NCAR,High,High,217.22,1.23,39.57,63.35,6,29.26,0.67,0.09,5.04,0,-0.83,0,210.95,1.54,5.15,0,217.65,1288.82,7468.41,-4.52999999999997,18.7399999999998,No Change
Mar 2054,San_Juan,NCAR,High,High,180.17,1.01,79.38,72.77,6,4.06,0.67,0.09,4.18,0,2.21,0,174.99,3.47,5.15,0,183.61,1260.98,7472.04,-27.8399999999999,3.63000000000011,No Change
Apr 2054,San_Juan,NCAR,High,High,847.16,7.05,98.67,66.78,39.73,1.42,0.67,0.09,19.65,0,-2.93,0,820.46,3.57,5.16,0.58,829.77,1258.34,7477.86,-2.6400000000001,5.81999999999971,No Change
May 2054,San_Juan,NCAR,High,High,570.07,0.56,372.42,261.92,94.06,10.35,0.67,0.09,13.22,0,4.03,0,556.28,23.32,16.93,13,609.54,1292.07,7493.42,33.73,15.5600000000004,No Change
Jun 2054,San_Juan,NCAR,High,High,162.62,0.12,281.79,167.73,108.79,19.85,0.68,0.09,3.77,0,3.88,0,158.72,21.36,29.2,16.76,226.03,1359.42,7497.09,67.3500000000001,3.67000000000007,No Change
Jul 2054,San_Juan,NCAR,High,High,717.26,10.33,68.41,36.68,60.99,22.06,0.67,0.09,16.63,0,-2.92,0,690.3,6.06,32.21,17.16,745.73,1419.75,7487.4,60.3299999999999,-9.69000000000051,No Change
Aug 2054,San_Juan,NCAR,High,High,490.4,4.7,62.84,64.76,51.26,50.37,0.67,0.09,11.37,0,-2.89,0,474.33,4.78,30.82,15.26,525.19,1427.05,7483.37,7.29999999999995,-4.02999999999975,No Change
Sep 2054,San_Juan,NCAR,High,High,1177.69,16.77,68.74,92.66,26.25,33.69,0.67,0.09,27.31,0,-2.89,0,1133.61,3.17,16.65,11.55,1164.99,1397.7,7476,-29.3499999999999,-7.36999999999989,No Change
Oct 2054,San_Juan,NCAR,High,High,88.43,0.04,76.99,75.62,9.78,14.72,0.67,0.09,2.05,0,-0.18,0,86.35,6.52,7.31,3.66,103.83,1374.18,7488.3,-23.52,12.3000000000002,No Change
Nov 2054,San_Juan,NCAR,High,High,506.42,4.78,56.9,65.46,6.01,10.53,0.67,0.09,11.74,0,-2.86,0,489.89,3.6,5.16,0,498.65,1362.51,7485.94,-11.6700000000001,-2.36000000000058,No Change
Dec 2054,San_Juan,NCAR,High,High,511.81,6.64,43.3,106.09,6.01,61.49,0.67,0.09,11.87,0,-2.89,0,493.3,2.21,5.16,0,500.67,1353.41,7494.25,-9.09999999999991,8.3100000000004,No Change
Jan 2055,San_Juan,NCAR,High,High,1305.23,23.75,38.33,64.08,6.01,5.95,0.67,0.09,30.27,0,-2.87,0,1251.22,0.8,5.16,0,1257.18,1293.35,7502.66,-60.0600000000002,8.40999999999985,No Change
Feb 2055,San_Juan,NCAR,High,High,177.09,1,39.81,62.35,6.01,29.27,0.67,0.09,4.11,0,-0.15,0,171.98,1.86,5.16,0,179.01,1288.82,7529.48,-4.52999999999997,26.8199999999997,No Change
Mar 2055,San_Juan,NCAR,High,High,685.92,3.91,73.98,77.89,6.02,4.07,0.67,0.09,15.91,0,-2.92,0,666.1,0.97,5.17,0,672.24,1260.98,7532.86,-27.8399999999999,3.38000000000011,No Change
Apr 2055,San_Juan,NCAR,High,High,161.75,0.42,124.11,76.07,39.92,1.51,0.67,0.09,3.75,0,2.85,0,157.58,7.19,5.27,1,171.04,1258.34,7545.27,-2.6400000000001,12.4100000000008,No Change
May 2055,San_Juan,NCAR,High,High,462.72,0.46,523.07,395.3,93.99,10.32,0.67,0.09,10.73,0,10.23,0,451.54,34.32,16.9,12.62,515.37,1292.07,7550.29,33.73,5.01999999999953,No Change
Jun 2055,San_Juan,NCAR,High,High,313.04,0.24,322.73,207.79,105.78,18.52,0.68,0.09,7.26,0,3.92,0,305.54,24,27.52,16.26,373.33,1359.42,7558.06,67.3500000000001,7.77000000000044,No Change
Jul 2055,San_Juan,NCAR,High,High,759.21,10.55,57.82,32.92,55.67,22.44,0.68,0.09,17.61,0,-2.91,0,731.05,5.12,32.71,17.35,786.22,1419.75,7552.39,60.3299999999999,-5.67000000000007,No Change
Aug 2055,San_Juan,NCAR,High,High,215.41,0.18,44.59,34.3,56.35,46.4,0.68,0.09,5,0,-2.88,0,210.24,3.41,33.7,15.64,262.98,1420.87,7549.15,1.11999999999989,-3.24000000000069,No Change
Sep 2055,San_Juan,NCAR,High,High,406.66,3.13,53.89,59.08,36.45,38.15,0.68,0.09,9.43,0,-2.85,0,394.1,2.49,22.41,12.07,431.05,1397.7,7535.04,-23.1699999999998,-14.1099999999997,No Change
Oct 2055,San_Juan,NCAR,High,High,501.78,7.66,38.95,53.65,6.48,13.3,0.67,0.09,11.64,0,-2.86,0,482.47,2.64,5.43,2.25,492.8,1374.18,7528.97,-23.52,-6.06999999999971,No Change
Nov 2055,San_Juan,NCAR,High,High,334,3.45,32.09,40.92,6.03,10.54,0.67,0.09,7.75,0,-2.89,0,322.81,2.03,5.17,0,330.01,1362.51,7534.92,-11.6700000000001,5.94999999999982,No Change
Dec 2055,San_Juan,NCAR,High,High,120.02,0.07,33,87.61,6.03,61.49,0.67,0.09,2.78,0,-1.43,0,117.16,2.36,5.17,0,124.7,1353.41,7539.19,-9.09999999999991,4.26999999999953,No Change
Jan 2056,San_Juan,NCAR,High,High,1045.38,16.3,32.45,50.86,6.03,5.96,0.67,0.09,24.24,0,-2.85,0,1004.84,0.68,5.17,0,1010.7,1293.35,7539.97,-60.0600000000002,0.780000000000655,No Change
Feb 2056,San_Juan,NCAR,High,High,412.53,2.92,33.87,62.47,6.03,29.27,0.67,0.09,9.57,0,-2.9,0,400.04,0.47,5.17,0,405.68,1288.82,7560.78,-4.52999999999997,20.8099999999995,No Change
Mar 2056,San_Juan,NCAR,High,High,482.25,5.5,40.96,46.84,6.03,4.08,0.67,0.09,11.18,0,-2.87,0,465.57,0.54,5.18,0,471.28,1260.98,7566.87,-27.8399999999999,6.09000000000015,No Change
Apr 2056,San_Juan,NCAR,High,High,383.68,1,81.96,43,39.76,1.44,0.67,0.09,8.9,0,-1.83,0,373.78,3.46,5.18,0.39,382.81,1258.34,7574.6,-2.6400000000001,7.73000000000047,No Change
May 2056,San_Juan,NCAR,High,High,381.51,0.38,223.36,125.02,93.58,10.14,0.68,0.09,8.85,0,1.3,0,372.29,13.98,16.67,12.21,415.15,1292.07,7580.7,33.73,6.09999999999945,No Change
Jun 2056,San_Juan,NCAR,High,High,209.71,0.16,132.32,33.59,111.19,20.89,0.68,0.09,4.86,0,-0.87,0,204.68,9.46,30.56,17.59,262.29,1359.42,7578.06,67.3500000000001,-2.63999999999942,No Change
Jul 2056,San_Juan,NCAR,High,High,796.29,11.87,39.69,35.61,54.93,39.63,0.68,0.09,18.47,0,-2.86,0,765.95,3.51,32.92,17.58,819.97,1419.75,7563.87,60.3299999999999,-14.1900000000005,No Change
Aug 2056,San_Juan,NCAR,High,High,969.58,15.59,33.67,35.71,44.28,30.4,0.68,0.09,22.49,0,-2.89,0,931.51,2.56,26.88,15.16,976.11,1402.72,7561.31,-17.03,-2.55999999999949,No Change
Sep 2056,San_Juan,NCAR,High,High,775.38,13.04,27.86,41.71,27.73,26.96,0.68,0.09,17.98,0,-2.86,0,744.35,1.29,17.47,11.05,774.16,1390.3,7565.16,-12.4200000000001,3.84999999999945,No Change
Oct 2056,San_Juan,NCAR,High,High,79.53,0.03,119.26,114.08,8.48,14.16,0.68,0.09,1.84,0,1,0,77.66,9.9,6.57,2.81,96.94,1374.18,7568.64,-16.1199999999999,3.48000000000047,No Change
Nov 2056,San_Juan,NCAR,High,High,312.9,1.59,61.3,66.28,6.04,10.55,0.68,0.09,7.26,0,-2.75,0,304.06,3.87,5.18,0,313.12,1362.51,7568.1,-11.6700000000001,-0.539999999999964,No Change
Dec 2056,San_Juan,NCAR,High,High,399.88,3.07,45.51,104.47,6.04,61.5,0.68,0.09,9.27,0,-2.76,0,387.54,2.33,5.18,0,395.05,1353.41,7572.02,-9.09999999999991,3.92000000000007,No Change
Jan 2057,San_Juan,NCAR,High,High,147.56,0.28,40.37,39.08,6.04,5.96,0.68,0.09,3.42,0,-0.45,0,143.86,1.94,5.18,0,150.99,1293.35,7577.95,-60.0600000000002,5.92999999999938,No Change
Feb 2057,San_Juan,NCAR,High,High,77.11,0.43,42.56,62.95,6.04,29.28,0.68,0.09,1.79,0,0.95,0,74.89,2.33,5.19,0,82.41,1288.82,7580.33,-4.52999999999997,2.38000000000011,No Change
Mar 2057,San_Juan,NCAR,High,High,623.4,3.84,85.99,89.48,6.04,4.09,0.68,0.09,14.46,0,-2.74,0,605.1,1.13,5.19,0,611.42,1260.98,7582.48,-27.8399999999999,2.14999999999964,No Change
Apr 2057,San_Juan,NCAR,High,High,182.41,0.47,158.17,107.38,40.64,1.81,0.68,0.09,4.23,0,3.69,0,177.71,8.75,5.68,2.35,194.49,1258.34,7593.62,-2.6400000000001,11.1400000000003,No Change
May 2057,San_Juan,NCAR,High,High,45.49,0.04,283.83,165.78,105.98,15.58,0.69,0.09,1.05,0,7.57,0,44.39,20.13,23.64,15.68,103.83,1292.07,7598.6,33.73,4.98000000000047,No Change
Jun 2057,San_Juan,NCAR,High,High,172.93,0.13,163.99,57.34,116.63,23.24,0.69,0.09,4.01,0,1.04,0,168.79,12.35,33.66,18.65,233.44,1359.42,7590.96,67.3500000000001,-7.64000000000033,No Change
Jul 2057,San_Juan,NCAR,High,High,445.61,5.51,42.13,32.05,62.41,47.8,0.69,0.09,10.33,0,-2.75,0,429.77,3.73,37.15,18.19,488.84,1419.75,7576.77,60.3299999999999,-14.1899999999996,No Change
Aug 2057,San_Juan,NCAR,High,High,798.31,12.57,36.73,35.3,51.37,37.4,0.69,0.09,18.51,0,-2.76,0,767.22,2.79,30.89,16.23,817.13,1397.8,7565.57,-21.95,-11.2000000000007,No Change
Sep 2057,San_Juan,NCAR,High,High,333.82,2.64,28.11,21.19,38.44,27.41,0.69,0.09,7.74,0,-2.77,0,323.44,1.3,23.54,12.29,360.57,1381.48,7564.51,-16.3199999999999,-1.05999999999949,No Change
Oct 2057,San_Juan,NCAR,High,High,636.2,11.4,27.68,42.33,6.21,8.56,0.68,0.09,14.75,0,-2.77,0,610.04,1.88,5.28,2.23,619.44,1369.56,7556.59,-11.9200000000001,-7.92000000000007,No Change
Nov 2057,San_Juan,NCAR,High,High,315.61,2.76,28.6,36.86,6.05,10.55,0.68,0.09,7.32,0,-2.81,0,305.53,1.81,5.19,0,312.53,1362.51,7565.75,-7.04999999999995,9.15999999999985,No Change
Dec 2057,San_Juan,NCAR,High,High,268.77,1.52,27.99,86.29,6.05,61.51,0.68,0.09,6.23,0,-2.76,0,261.02,1.43,5.19,0,267.64,1353.41,7569.67,-9.09999999999991,3.92000000000007,No Change
Jan 2058,San_Juan,NCAR,High,High,137.97,0.26,28.16,27.99,6.05,5.97,0.68,0.09,3.2,0,-1.06,0,134.52,1.4,5.2,0,141.11,1293.35,7572.56,-60.0600000000002,2.89000000000033,No Change
Feb 2058,San_Juan,NCAR,High,High,264.12,1.49,29.15,54.91,6.06,29.29,0.68,0.09,6.13,0,-1.87,0,256.5,0.83,5.2,0,262.53,1288.82,7574.11,-4.52999999999997,1.54999999999927,No Change
Mar 2058,San_Juan,NCAR,High,High,337.22,1.88,35.69,37.85,6.06,4.09,0.68,0.09,7.82,0,-2.73,0,327.51,0.49,5.2,0,333.2,1260.98,7577.78,-27.8399999999999,3.67000000000007,No Change
Apr 2058,San_Juan,NCAR,High,High,229.86,0.6,102.59,58.02,40.11,1.59,0.68,0.09,5.33,0,1.11,0,223.93,5.54,5.38,1.5,236.35,1258.34,7582.29,-2.6400000000001,4.51000000000022,No Change
May 2058,San_Juan,NCAR,High,High,467.52,0.46,305.63,200.7,93.7,10.2,0.68,0.09,10.84,0,2.83,0,456.22,19.06,16.74,12.6,504.62,1292.07,7586.64,33.73,4.35000000000036,No Change
Jun 2058,San_Juan,NCAR,High,High,107.34,0.08,443.19,309.62,111.5,21.01,0.69,0.09,2.49,0,9.06,0,104.77,34.11,30.75,17.21,186.84,1359.42,7587.13,67.3500000000001,0.489999999999782,No Change
Jul 2058,San_Juan,NCAR,High,High,867.43,10.98,126.24,89.71,61.22,22.14,0.69,0.09,20.12,0,-2.74,0,836.33,11.18,32.37,17.39,897.27,1419.75,7580.87,60.3299999999999,-6.26000000000022,No Change
Aug 2058,San_Juan,NCAR,High,High,518.34,5.91,72.27,75.51,49.57,49.65,0.69,0.09,12.02,0,-2.75,0,500.4,5.5,29.87,15.07,550.84,1427.05,7580.26,7.29999999999995,-0.609999999999673,No Change
Sep 2058,San_Juan,NCAR,High,High,920.68,14.7,59.53,81.47,26.65,33.9,0.69,0.09,21.35,0,-2.74,0,884.63,2.75,16.87,11.25,915.49,1397.7,7573.86,-29.3499999999999,-6.40000000000055,No Change
Oct 2058,San_Juan,NCAR,High,High,8.84,0,64.86,64.23,8.19,14.04,0.68,0.09,0.21,0,0.53,0,8.63,5.95,6.41,2.59,23.58,1374.18,7580.64,-23.52,6.78000000000065,No Change
Nov 2058,San_Juan,NCAR,High,High,755.39,11.05,58.99,73.45,6.07,10.56,0.68,0.09,17.52,0,-2.64,0,726.82,3.73,5.2,0,735.75,1362.51,7578.2,-11.6700000000001,-2.44000000000051,No Change
Dec 2058,San_Juan,NCAR,High,High,244.64,0.14,44.84,100.34,6.07,61.51,0.68,0.09,5.67,0,-2.34,0,238.82,2.43,5.21,0,246.45,1353.41,7592.48,-9.09999999999991,14.2799999999997,No Change
Jan 2059,San_Juan,NCAR,High,High,462.53,4.49,50.21,56.19,6.07,5.98,0.69,0.09,10.73,0,-2.63,0,447.31,1.05,5.21,0,453.57,1293.35,7595.22,-60.0600000000002,2.74000000000069,No Change
Feb 2059,San_Juan,NCAR,High,High,281.37,1.59,57.87,81.34,6.07,29.3,0.69,0.09,6.53,0,-0.47,0,273.26,1.82,5.21,0,280.28,1288.82,7602.73,-4.52999999999997,7.50999999999931,No Change
Mar 2059,San_Juan,NCAR,High,High,144.15,0.8,105.18,95.36,6.07,4.1,0.69,0.09,3.34,0,4.1,0,140,4.55,5.21,0,149.76,1260.98,7608.18,-27.8399999999999,5.45000000000073,No Change
Apr 2059,San_Juan,NCAR,High,High,459,1.19,171.34,124.81,39.95,1.52,0.69,0.09,10.64,0,1.27,0,447.17,8.02,5.3,1.7,462.18,1258.34,7615.04,-2.6400000000001,6.85999999999967,No Change
May 2059,San_Juan,NCAR,High,High,868.71,0.86,281.44,186.4,92.6,9.73,0.69,0.09,20.15,0,-2.28,0,847.71,15.3,16.12,13.53,892.65,1292.07,7624.66,33.73,9.61999999999989,No Change
Jun 2059,San_Juan,NCAR,High,High,523.56,0.4,248.72,146.94,104.37,17.91,0.69,0.09,12.14,0,-1.04,0,511.02,16.77,26.72,16.62,571.13,1359.42,7628.4,67.3500000000001,3.73999999999978,No Change
Jul 2059,San_Juan,NCAR,High,High,719.39,10.27,73.38,37.36,67.15,24.73,0.69,0.09,16.68,0,-2.62,0,692.43,6.5,35.71,18.38,753.02,1419.75,7622.29,60.3299999999999,-6.10999999999967,No Change
Aug 2059,San_Juan,NCAR,High,High,1817.63,29.81,64.26,100.29,34.66,43.16,0.69,0.09,42.15,0,-2.61,0,1745.67,4.89,21.45,15.09,1787.09,1427.05,7617.36,7.29999999999995,-4.93000000000029,No Change
Sep 2059,San_Juan,NCAR,High,High,65.22,0.1,87.11,77.66,42.94,40.98,0.7,0.09,1.51,0,1.57,0,63.61,6.02,26.08,12.67,108.37,1397.7,7641.22,-29.3499999999999,23.8600000000006,No Change
Oct 2059,San_Juan,NCAR,High,High,5.09,0,84.1,78.91,12.74,16.01,0.69,0.09,0.12,0,1.05,0,4.97,7.42,9,5.24,26.63,1374.18,7631.04,-23.52,-10.1800000000003,No Change
Nov 2059,San_Juan,NCAR,High,High,142.48,0.08,45.63,48.59,6.08,10.57,0.69,0.09,3.3,0,-1.69,0,139.1,3.29,5.22,0,147.61,1362.51,7626.37,-11.6700000000001,-4.67000000000007,No Change
Dec 2059,San_Juan,NCAR,High,High,611.12,8.49,37.66,102.22,6.08,61.52,0.69,0.09,14.17,0,-2.55,0,588.45,1.93,5.22,0,595.59,1353.41,7627.39,-9.09999999999991,1.02000000000044,No Change
Jan 2060,San_Juan,NCAR,High,High,438.07,4.57,35.27,41.58,6.08,5.98,0.69,0.09,10.16,0,-2.59,0,423.35,0.74,5.22,0,429.31,1293.35,7638.42,-60.0600000000002,11.0299999999997,No Change
Feb 2060,San_Juan,NCAR,High,High,86.95,0.49,36.68,57.94,6.08,29.3,0.69,0.09,2.02,0,0.49,0,84.44,1.96,5.22,0,91.62,1288.82,7645.4,-4.52999999999997,6.97999999999956,No Change
Mar 2060,San_Juan,NCAR,High,High,686.21,6.44,69.53,75.66,6.08,4.11,0.69,0.09,15.91,0,-2.58,0,663.85,0.91,5.22,0,669.98,1260.98,7647.31,-27.8399999999999,1.91000000000076,No Change
Apr 2060,San_Juan,NCAR,High,High,206.01,0.54,268.76,206.73,41.29,2.1,0.69,0.09,4.78,0,8.45,0,200.7,14.92,6.06,3.16,224.84,1258.34,7660.05,-2.6400000000001,12.7399999999998,No Change
May 2060,San_Juan,NCAR,High,High,129.63,0.13,337.91,218.74,100.76,13.28,0.69,0.09,3.01,0,8.44,0,126.49,23.37,20.74,13.88,184.48,1292.07,7669.52,33.73,9.47000000000025,No Change
Jun 2060,San_Juan,NCAR,High,High,263.35,0.2,207.18,100.42,112.07,21.26,0.7,0.09,6.11,0,1.08,0,257.04,15.08,31.08,17.8,321,1359.42,7666.48,67.3500000000001,-3.04000000000087,No Change
Jul 2060,San_Juan,NCAR,High,High,1839.25,34.97,53.59,54.95,47.83,16.38,0.7,0.09,42.65,0,-2.6,0,1761.63,4.74,24.75,17.82,1808.95,1419.75,7655.26,60.3299999999999,-11.2199999999993,No Change
Aug 2060,San_Juan,NCAR,High,High,1008.37,16.97,40.29,59.36,45.13,47.71,0.7,0.09,23.39,0,-2.59,0,968.01,3.06,27.38,15.51,1013.96,1427.05,7676.9,7.29999999999995,21.6399999999994,No Change
Sep 2060,San_Juan,NCAR,High,High,851.97,12.08,28.11,47.45,28.93,34.87,0.69,0.09,19.76,0,-2.63,0,820.13,1.3,18.18,11.19,850.79,1397.7,7681.58,-29.3499999999999,4.68000000000029,No Change
Oct 2060,San_Juan,NCAR,High,High,325.93,4.52,27.99,38.45,9.4,14.56,0.69,0.09,7.56,0,-2.68,0,313.85,1.9,7.11,4.12,326.98,1374.18,7686.92,-23.52,5.34000000000015,No Change
Nov 2060,San_Juan,NCAR,High,High,211.47,0.32,29.45,35.08,6.09,10.57,0.69,0.09,4.9,0,-2.69,0,206.25,1.86,5.23,0,213.33,1362.51,7687.08,-11.6700000000001,0.159999999999854,No Change
Dec 2060,San_Juan,NCAR,High,High,437.57,5.77,28.65,91.08,6.1,61.53,0.69,0.09,10.15,0,-2.69,0,421.65,1.47,5.23,0,428.34,1353.41,7688.69,-9.09999999999991,1.60999999999967,No Change
Jan 2061,San_Juan,NCAR,High,High,214.31,0.4,28.23,30.36,6.1,5.99,0.69,0.09,4.97,0,-2.51,0,208.94,0.68,5.23,0,214.85,1293.35,7695.55,-60.0600000000002,6.86000000000058,No Change
Feb 2061,San_Juan,NCAR,High,High,220.88,1.25,29.83,54.03,6.1,29.31,0.69,0.09,5.12,0,-0.96,0,214.51,1.21,5.23,0,220.95,1288.82,7697.4,-4.52999999999997,1.84999999999945,No Change
Mar 2061,San_Juan,NCAR,High,High,771.53,10.62,35.76,46.57,6.1,4.11,0.69,0.09,17.89,0,-2.65,0,743.02,0.47,5.23,0,748.72,1260.98,7700.96,-27.8399999999999,3.5600000000004,No Change
Apr 2061,San_Juan,NCAR,High,High,314.86,0.82,98.19,56.05,40.85,1.91,0.69,0.09,7.3,0,-0.54,0,306.74,4.56,5.81,2.92,320.04,1258.34,7715.61,-2.6400000000001,14.6499999999996,No Change
May 2061,San_Juan,NCAR,High,High,276.17,0.27,51.76,15.51,49.45,13.06,0.7,0.09,6.4,0,-2.66,0,269.49,2.8,20.44,14.23,306.96,1292.07,7718.84,33.73,3.23000000000047,No Change
Jun 2061,San_Juan,NCAR,High,High,53.34,0.04,36.43,22.22,53.06,41.32,0.7,0.09,1.24,0,-0.75,0,52.07,3.26,31.79,17.99,105.11,1308.62,7707.75,16.55,-11.0900000000001,No Change
Jul 2061,San_Juan,NCAR,High,High,1243.65,20.43,31.96,42.8,50.67,41.21,0.7,0.09,28.84,0,-2.69,0,1194.38,2.83,30.53,17.86,1245.59,1289.18,7689.64,-19.4399999999998,-18.1099999999997,No Change
Aug 2061,San_Juan,NCAR,High,High,499.43,5.24,48.88,28.92,55.33,31.12,0.7,0.09,11.58,0,-2.73,0,482.61,3.72,33.14,16.07,535.54,1268.72,7697.32,-20.46,7.67999999999938,No Change
Sep 2061,San_Juan,NCAR,High,High,318.01,0.5,59.11,17.13,56.82,15.44,0.7,0.09,7.38,0,-1.98,0,310.13,3.07,23.51,12.08,348.8,1260.39,7689.5,-8.32999999999993,-7.81999999999971,No Change
Oct 2061,San_Juan,NCAR,High,High,893.35,15.09,36.43,19.1,34.16,1.51,0.7,0.09,20.72,0,-2.69,0,857.54,2.47,5.28,2.74,868.03,1278.87,7682.2,18.4799999999998,-7.30000000000018,No Change
Nov 2061,San_Juan,NCAR,High,High,199.49,0.36,32.33,4.72,30.14,1.47,0.7,0.09,4.63,0,-2.73,0,194.5,2.04,5.24,0,201.78,1306.84,7696.89,27.97,14.6900000000005,No Change
Dec 2061,San_Juan,NCAR,High,High,557.17,7.83,32.45,74.22,6.11,39,0.7,0.09,12.92,0,-2.71,0,536.42,1.66,5.24,0,543.32,1330.87,7698.18,24.03,1.28999999999996,No Change
Jan 2062,San_Juan,NCAR,High,High,174.87,0.33,31.84,32.03,6.11,6,0.7,0.09,4.06,0,-1.31,0,170.49,1.33,5.24,0,177.06,1293.35,7707.79,-37.52,9.60999999999967,No Change
Feb 2062,San_Juan,NCAR,High,High,111.07,0.63,33,55.01,6.11,29.32,0.7,0.09,2.58,0,0.06,0,107.86,1.77,5.24,0,114.87,1288.82,7709.94,-4.52999999999997,2.14999999999964,No Change
Mar 2062,San_Juan,NCAR,High,High,128.02,0.71,37.97,34.47,6.11,4.12,0.7,0.09,2.97,0,0.3,0,124.34,1.92,5.24,0,131.5,1260.98,7711.96,-27.8399999999999,2.02000000000044,No Change
Apr 2062,San_Juan,NCAR,High,High,221.32,0.58,104.5,59.6,41.03,1.99,0.7,0.09,5.13,0,0.94,0,215.61,5.5,5.92,2.85,229.88,1258.34,7714.63,-2.6400000000001,2.67000000000007,No Change
May 2062,San_Juan,NCAR,High,High,373.84,0.37,175.45,81.86,93.94,10.31,0.7,0.09,8.67,0,-0.26,0,364.81,10.59,16.89,12.36,404.64,1292.07,7717.25,33.73,2.61999999999989,No Change
Jun 2062,San_Juan,NCAR,High,High,187.96,0.14,84.72,21.67,76.85,19.17,0.71,0.09,4.36,0,-0.83,0,183.46,6.34,28.04,17.55,235.39,1359.42,7712.69,67.3500000000001,-4.5600000000004,No Change
Jul 2062,San_Juan,NCAR,High,High,383.64,3.24,41.46,29.2,60.97,46.44,0.71,0.09,8.9,0,-2.7,0,371.51,3.67,36.36,17.57,429.1,1389.68,7698.05,30.26,-14.6399999999994,No Change
Aug 2062,San_Juan,NCAR,High,High,980.16,13.83,33.98,34.38,45.89,32.46,0.7,0.09,22.73,0,-2.59,0,943.6,2.58,27.83,15.21,989.23,1368.47,7686.06,-21.21,-11.9899999999998,No Change
Sep 2062,San_Juan,NCAR,High,High,61.8,0.1,28.03,18.12,44.27,36.11,0.71,0.09,1.43,0,-0.45,0,60.27,2.3,26.84,13.04,102.45,1354.68,7690.38,-13.79,4.31999999999971,No Change
Oct 2062,San_Juan,NCAR,High,High,1407.18,27.65,29.08,31.88,26.95,1.48,0.7,0.09,32.63,0,-2.58,0,1346.89,1.97,5.25,4.07,1358.18,1336.62,7677.72,-18.0600000000002,-12.6599999999999,No Change
Nov 2062,San_Juan,NCAR,High,High,171.58,0.09,33.92,33.83,6.12,5.52,0.7,0.09,3.98,0,-2.59,0,167.51,2.17,5.25,0,174.93,1357.44,7703.09,20.8200000000002,25.3699999999999,No Change
Dec 2062,San_Juan,NCAR,High,High,227.69,1.46,31.23,89.17,6.12,61.54,0.7,0.09,5.28,0,-2.65,0,220.94,1.6,5.25,0,227.79,1353.41,7703.88,-4.02999999999997,0.789999999999964,No Change
Jan 2063,San_Juan,NCAR,High,High,570.73,5.09,30.74,37.72,6.13,6.01,0.7,0.09,13.24,0,-2.65,0,552.4,0.64,5.25,0,558.3,1293.35,7705.9,-60.0600000000002,2.01999999999953,No Change
Feb 2063,San_Juan,NCAR,High,High,168.9,0.95,31.47,54.59,6.13,29.32,0.7,0.09,3.92,0,-0.44,0,164.03,1.47,5.25,0,170.75,1288.82,7715.87,-4.52999999999997,9.97000000000025,No Change
Mar 2063,San_Juan,NCAR,High,High,422.4,2.36,37.11,39.32,6.13,4.13,0.7,0.09,9.8,0,-2.44,0,410.24,0.58,5.25,0,416.08,1260.98,7718.74,-27.8399999999999,2.86999999999989,No Change
Apr 2063,San_Juan,NCAR,High,High,226.86,0.59,124.65,78.37,40.01,1.55,0.7,0.09,5.26,0,1.81,0,221.01,6.61,5.34,1.16,234.11,1258.34,7725.49,-2.6400000000001,6.75,No Change
May 2063,San_Juan,NCAR,High,High,374.46,0.4,107.87,20.42,95.82,11.13,0.7,0.09,8.68,0,-2.65,0,365.38,5.8,17.95,13.11,402.24,1292.07,7730.79,33.73,5.30000000000018,No Change
Jun 2063,San_Juan,NCAR,High,High,205.77,0.16,64.55,20.28,59.89,18.63,0.71,0.09,4.77,0,-1.52,0,200.84,4.69,27.48,16.6,249.62,1359.42,7723.11,67.3500000000001,-7.68000000000029,No Change
Jul 2063,San_Juan,NCAR,High,High,569.56,5.82,36.31,31.58,59.58,49.58,0.71,0.09,13.21,0,-2.66,0,550.52,3.21,35.58,17.64,606.97,1373.82,7709.14,14.3999999999999,-13.9699999999993,No Change
Aug 2063,San_Juan,NCAR,High,High,529.93,6.07,35.39,30.17,54.51,43.24,0.71,0.09,12.29,0,-2.66,0,511.57,2.69,32.7,15.97,562.93,1348.85,7701.43,-24.97,-7.71000000000004,No Change
Sep 2063,San_Juan,NCAR,High,High,90.73,0.14,35.82,16.69,40.11,22.88,0.71,0.09,2.1,0,-0.59,0,88.49,2.63,24.47,12.16,127.75,1328.03,7694.47,-20.8199999999999,-6.96000000000004,No Change
Oct 2063,San_Juan,NCAR,High,High,239.31,1.93,32.03,7.61,29.84,3.01,0.7,0.09,5.55,0,-2.65,0,231.82,2.17,7.27,3.95,245.21,1321.41,7683.21,-6.61999999999989,-11.2600000000002,No Change
Nov 2063,San_Juan,NCAR,High,High,706.45,10.76,34.35,29.06,17.96,1.49,0.71,0.09,16.38,0,-2.59,0,679.31,2.17,5.26,0,686.74,1341.58,7681.55,20.1699999999998,-1.65999999999985,No Change
Dec 2063,San_Juan,NCAR,High,High,594.49,8.44,34.79,99.49,6.14,61.55,0.71,0.09,13.79,0,-2.63,0,572.26,1.78,5.26,0,579.3,1353.41,7694.73,11.8300000000002,13.1799999999994,No Change
Jan 2064,San_Juan,NCAR,High,High,482.43,5.04,33.63,40.49,6.14,6.01,0.71,0.09,11.19,0,-2.66,0,466.21,0.7,5.26,0,472.17,1293.35,7705.28,-60.0600000000002,10.5500000000002,No Change
Feb 2064,San_Juan,NCAR,High,High,407.86,2.79,34.47,62.6,6.14,29.33,0.71,0.09,9.46,0,-2.62,0,395.61,0.48,5.26,0,401.35,1288.82,7713.2,-4.52999999999997,7.92000000000007,No Change
Mar 2064,San_Juan,NCAR,High,High,202.96,1.13,39.02,37.98,6.14,4.14,0.71,0.09,4.71,0,-1.08,0,197.12,1.24,5.26,0,203.63,1260.98,7719.42,-27.8399999999999,6.22000000000025,No Change
Apr 2064,San_Juan,NCAR,High,High,410.91,1.07,79.93,37.91,47.46,4.76,0.71,0.09,9.53,0,-2.55,0,400.31,2.93,9.58,9.15,421.98,1258.34,7722.43,-2.6400000000001,3.01000000000022,No Change
May 2064,San_Juan,NCAR,High,High,268.5,0.27,285.3,176.44,96.46,11.4,0.71,0.09,6.23,0,5.08,0,262.01,18.97,18.33,12.74,312.05,1292.07,7719.64,33.73,-2.78999999999996,No Change
Jun 2064,San_Juan,NCAR,High,High,465.35,0.36,159.76,64.28,105.41,18.35,0.71,0.09,10.79,0,-1.87,0,454.2,10.64,27.35,16.54,508.73,1359.42,7717.59,67.3500000000001,-2.05000000000018,No Change
Jul 2064,San_Juan,NCAR,High,High,947.93,14.96,44.1,38.47,55.51,36.21,0.71,0.09,21.98,0,-2.62,0,910.99,3.9,33.29,18.08,966.26,1419.75,7709.36,60.3299999999999,-8.23000000000047,No Change
Aug 2064,San_Juan,NCAR,High,High,261.81,1.21,57.07,32.88,55.07,31.37,0.72,0.09,6.07,0,-2.64,0,254.52,4.34,33.01,15.5,307.38,1406.39,7710.02,-13.3599999999999,0.660000000000764,No Change
Sep 2064,San_Juan,NCAR,High,High,673.88,5.81,84.05,90.73,35.69,37.81,0.71,0.09,15.63,0,-2.63,0,652.45,3.88,22.01,12.46,690.8,1397.7,7697.33,-8.69000000000005,-12.6900000000005,No Change
Oct 2064,San_Juan,NCAR,High,High,536.84,7.41,65.3,74.65,11.83,15.62,0.71,0.09,12.45,0,-2.58,0,516.98,4.43,8.5,6.13,536.03,1374.18,7697.25,-23.52,-0.0799999999999272,No Change
Nov 2064,San_Juan,NCAR,High,High,243.77,1.36,48.5,53.87,6.15,10.6,0.71,0.09,5.65,0,-2.62,0,236.75,3.06,5.27,0,245.08,1362.51,7700.37,-11.6700000000001,3.11999999999989,No Change
Dec 2064,San_Juan,NCAR,High,High,194.12,0.11,38.52,93.59,6.15,61.56,0.71,0.09,4.5,0,-1.86,0,189.5,2.32,5.27,0,197.09,1353.41,7702.79,-9.09999999999991,2.42000000000007,No Change
Jan 2065,San_Juan,NCAR,High,High,137.91,0.26,36.31,35.22,6.15,6.02,0.71,0.09,3.2,0,-0.52,0,134.45,1.73,5.27,0,141.46,1293.35,7704.81,-60.0600000000002,2.02000000000044,No Change
Feb 2065,San_Juan,NCAR,High,High,674.68,7.51,38.22,70.87,6.16,29.34,0.71,0.09,15.65,0,-2.49,0,651.53,0.53,5.27,0,657.33,1288.82,7706.87,-4.52999999999997,2.05999999999949,No Change
Mar 2065,San_Juan,NCAR,High,High,627.05,5.41,71.24,76.21,6.16,4.14,0.71,0.09,14.54,0,-2.51,0,607.1,0.94,5.28,0,613.31,1260.98,7719.41,-27.8399999999999,12.54,No Change
Apr 2065,San_Juan,NCAR,High,High,286.32,0.74,173.54,123.58,40.27,1.66,0.71,0.09,6.64,0,3.16,0,278.94,8.95,5.49,1.87,295.25,1258.34,7730.83,-2.6400000000001,11.4200000000001,No Change
May 2065,San_Juan,NCAR,High,High,201.3,0.2,492.99,360.78,97.37,11.79,0.71,0.09,4.67,0,13.01,0,196.44,33.83,18.84,12.77,261.87,1292.07,7738.14,33.73,7.3100000000004,No Change
Jun 2065,San_Juan,NCAR,High,High,294.52,0.23,315.26,197.73,109.84,20.28,0.72,0.09,6.83,0,4.56,0,287.46,23.64,29.85,17.08,358.03,1359.42,7742.42,67.3500000000001,4.27999999999975,No Change
Jul 2065,San_Juan,NCAR,High,High,518.03,5.02,82.56,41.04,65.96,24.22,0.72,0.09,12.01,0,-2.52,0,501,7.31,35.07,17.39,560.76,1419.75,7736.11,60.3299999999999,-6.3100000000004,No Change
Aug 2065,San_Juan,NCAR,High,High,650.09,8.4,50.54,56.45,51.71,50.57,0.72,0.09,15.08,0,-2.49,0,626.61,3.84,31.12,15.74,677.31,1427.05,7727.6,7.29999999999995,-8.50999999999931,No Change
Sep 2065,San_Juan,NCAR,High,High,57.18,0.09,63.59,58.34,40.36,39.87,0.72,0.09,1.33,0,0.5,0,55.76,4.36,24.63,12.07,96.83,1397.7,7723.82,-29.3499999999999,-3.78000000000065,No Change
Oct 2065,San_Juan,NCAR,High,High,183.44,0.53,34.67,40.9,8.71,14.27,0.71,0.09,4.25,0,-2.5,0,178.66,2.35,6.73,3.14,190.88,1374.18,7712.94,-23.52,-10.8800000000001,No Change
Nov 2065,San_Juan,NCAR,High,High,1288.1,22.69,33.42,60.92,6.17,10.61,0.71,0.09,29.87,0,-2.47,0,1235.54,2.11,5.28,0,1242.93,1362.51,7710.94,-11.6700000000001,-2,No Change
Dec 2065,San_Juan,NCAR,High,High,118.83,0.07,30.56,85.31,6.17,61.56,0.71,0.09,2.76,0,-1.38,0,116.01,2.11,5.28,0,123.4,1353.41,7737.72,-9.09999999999991,26.7800000000007,No Change
Jan 2066,San_Juan,NCAR,High,High,101.88,0.19,30.44,29.46,6.17,6.03,0.71,0.09,2.36,0,-0.54,0,99.32,1.58,5.28,0,106.19,1293.35,7738.47,-60.0600000000002,0.75,No Change
Feb 2066,San_Juan,NCAR,High,High,77.5,0.44,31.29,52.4,6.17,29.35,0.71,0.09,1.8,0,0.62,0,75.26,1.89,5.29,0,82.44,1288.82,7739.66,-4.52999999999997,1.1899999999996,No Change
Mar 2066,San_Juan,NCAR,High,High,191.55,1.07,62.6,57.78,6.17,4.15,0.72,0.09,4.44,0,1.28,0,186.04,2.58,5.29,0.02,193.93,1260.98,7741.45,-27.8399999999999,1.78999999999996,No Change
Apr 2066,San_Juan,NCAR,High,High,331.2,0.86,122.69,73.65,48.93,5.39,0.72,0.09,7.68,0,0.53,0,322.65,5.84,10.43,9.62,348.53,1258.34,7746.53,-2.6400000000001,5.07999999999993,No Change
May 2066,San_Juan,NCAR,High,High,161.05,0.16,323.52,204.56,103.02,14.27,0.72,0.09,3.74,0,8.03,0,157.16,22.33,22.03,14.66,216.18,1292.07,7744.51,33.73,-2.01999999999953,No Change
Jun 2066,San_Juan,NCAR,High,High,25.32,0.02,160.19,53.49,112.59,21.51,0.73,0.09,0.59,0,2.83,0,24.71,12.8,31.38,17.45,86.34,1359.42,7740.99,67.3500000000001,-3.52000000000044,No Change
Jul 2066,San_Juan,NCAR,High,High,760.57,10.63,42.2,35.23,58.24,41.93,0.72,0.09,17.64,0,-2.44,0,732.3,3.74,34.84,17.99,788.87,1419.75,7726.33,60.3299999999999,-14.6599999999999,No Change
Aug 2066,San_Juan,NCAR,High,High,1705.76,28.9,43.3,54.23,35.37,18.26,0.72,0.09,39.56,0,-2.43,0,1637.31,3.29,21.88,14.98,1677.46,1401.85,7722.91,-17.9000000000001,-3.42000000000007,No Change
Sep 2066,San_Juan,NCAR,High,High,423.32,6.26,44.26,53.04,35.82,37.91,0.72,0.09,9.82,0,-2.48,0,407.24,2.04,22.06,12.2,443.55,1397.7,7744.43,-4.14999999999986,21.5200000000004,No Change
Oct 2066,San_Juan,NCAR,High,High,110.87,0.05,38.4,40.14,12.62,15.96,0.72,0.09,2.57,0,-1.43,0,108.25,3.08,8.96,5.18,125.47,1374.18,7738.93,-23.52,-5.5,No Change
Nov 2066,San_Juan,NCAR,High,High,21.38,0.01,34.22,35.48,6.18,10.62,0.72,0.09,0.5,0,-0.09,0,20.87,3.28,5.29,0,29.44,1362.51,7734.27,-11.6700000000001,-4.65999999999985,No Change
Dec 2066,San_Juan,NCAR,High,High,116.6,0.07,33.63,87.99,6.18,61.57,0.72,0.09,2.7,0,-1.2,0,113.83,2.3,5.3,0,121.43,1353.41,7734.05,-9.09999999999991,-0.220000000000255,No Change
Jan 2067,San_Juan,NCAR,High,High,113.06,0.21,32.63,31.6,6.18,6.03,0.72,0.09,2.62,0,-0.49,0,110.22,1.59,5.3,0,117.11,1293.35,7734.93,-60.0600000000002,0.880000000000109,No Change
Feb 2067,San_Juan,NCAR,High,High,733.88,8.72,33.92,67.77,6.18,29.35,0.72,0.09,17.02,0,-2.42,0,708.14,0.47,5.3,0,713.9,1288.82,7736.43,-4.52999999999997,1.5,No Change
Mar 2067,San_Juan,NCAR,High,High,420.14,2.82,43.97,46.63,6.19,4.16,0.72,0.09,9.74,0,-2.45,0,407.57,0.58,5.3,0,413.45,1260.98,7750.4,-27.8399999999999,13.9699999999993,No Change
Apr 2067,San_Juan,NCAR,High,High,201.01,0.52,141.14,92.72,39.97,1.54,0.72,0.09,4.66,0,2.89,0,195.82,7.61,5.33,0.76,209.53,1258.34,7757.07,-2.6400000000001,6.67000000000007,No Change
May 2067,San_Juan,NCAR,High,High,35.71,0.04,187.76,81.99,100.98,13.39,0.72,0.09,0.83,0,4.73,0,34.85,13.48,20.87,13.81,83.01,1292.07,7763.23,33.73,6.15999999999985,No Change
Jun 2067,San_Juan,NCAR,High,High,340.57,0.26,131.02,31.41,114.32,22.22,0.73,0.09,7.9,0,-1.23,0,332.41,9.01,32.4,18.43,392.25,1359.42,7754.36,67.3500000000001,-8.86999999999989,No Change
Jul 2067,San_Juan,NCAR,High,High,902.38,14.56,43.17,38.38,56.55,38.56,0.73,0.09,20.93,0,-2.45,0,866.89,3.82,33.88,18.21,922.8,1419.75,7741.95,60.3299999999999,-12.4099999999999,No Change
Aug 2067,San_Juan,NCAR,High,High,400.75,4.55,46.73,29.06,57.61,36.46,0.73,0.09,9.29,0,-2.48,0,386.9,3.55,34.45,16.35,441.26,1404.49,7741.59,-15.26,-0.359999999999673,No Change
Sep 2067,San_Juan,NCAR,High,High,684.57,10.19,39.62,49.02,31.57,30.16,0.73,0.09,15.88,0,-2.45,0,658.51,1.83,19.69,11.67,691.69,1391.82,7731.41,-12.6700000000001,-10.1800000000003,No Change
Oct 2067,San_Juan,NCAR,High,High,174.73,0.07,31.78,37.78,8.08,14,0.72,0.09,4.05,0,-2.27,0,170.61,2.26,6.38,2.56,181.81,1374.18,7732.53,-17.6399999999999,1.11999999999989,No Change
Nov 2067,San_Juan,NCAR,High,High,278.03,1.74,32.33,38.89,6.2,10.63,0.72,0.09,6.45,0,-2.43,0,269.84,2.04,5.31,0,277.19,1362.51,7731.13,-11.6700000000001,-1.39999999999964,No Change
Dec 2067,San_Juan,NCAR,High,High,710.24,10.43,33.25,99.79,6.2,61.58,0.72,0.09,16.47,0,-2.43,0,683.34,1.7,5.31,0,690.35,1353.41,7734.51,-9.09999999999991,3.38000000000011,No Change
Jan 2068,San_Juan,NCAR,High,High,440.2,4.88,32.63,39.13,6.2,6.04,0.72,0.09,10.21,0,-2.46,0,425.11,0.68,5.31,0,431.1,1293.35,7747.93,-60.0600000000002,13.4200000000001,No Change
Feb 2068,San_Juan,NCAR,High,High,175.33,0.99,33.5,56.47,6.2,29.36,0.72,0.09,4.07,0,-0.31,0,170.28,1.49,5.31,0,177.07,1288.82,7755.05,-4.52999999999997,7.11999999999989,No Change
Mar 2068,San_Juan,NCAR,High,High,308.34,1.72,43.12,43.19,6.2,4.16,0.72,0.09,7.15,0,-1.44,0,299.47,1.06,5.31,0,305.84,1260.98,7758.17,-27.8399999999999,3.11999999999989,No Change
Apr 2068,San_Juan,NCAR,High,High,85.81,0.22,134.1,83.67,40.32,1.69,0.72,0.09,1.99,0,4.09,0,83.59,7.93,5.53,1.34,98.4,1258.34,7763.25,-2.6400000000001,5.07999999999993,No Change
May 2068,San_Juan,NCAR,High,High,152.26,0.15,305.38,190.15,99.72,12.83,0.73,0.09,3.53,0,7.41,0,148.58,21.08,20.17,13.47,203.3,1292.07,7767.36,33.73,4.10999999999967,No Change
Jun 2068,San_Juan,NCAR,High,High,258.03,0.2,356.86,233.9,111.55,21.03,0.73,0.09,5.98,0,5.76,0,251.84,26.86,30.84,17.45,326.99,1359.42,7764.2,67.3500000000001,-3.15999999999985,No Change
Jul 2068,San_Juan,NCAR,High,High,711.35,6.37,122.94,77.65,68.57,25.32,0.73,0.09,16.5,0,-2.47,0,688.48,10.89,36.59,18.17,754.13,1419.75,7757.86,60.3299999999999,-6.34000000000015,No Change
Aug 2068,San_Juan,NCAR,High,High,1201.64,18.14,101.31,117.61,43.66,47.07,0.73,0.09,27.87,0,-2.45,0,1155.64,7.7,26.58,15.53,1205.45,1427.05,7753.07,7.29999999999995,-4.78999999999996,No Change
Sep 2068,San_Juan,NCAR,High,High,1011.88,13.08,96.96,114.74,27.66,34.34,0.73,0.09,23.47,0,-2.5,0,975.33,4.48,17.48,11.53,1008.82,1397.7,7762.32,-29.3499999999999,9.25,No Change
Oct 2068,San_Juan,NCAR,High,High,224.24,0.86,61.19,63.75,12.58,15.94,0.73,0.09,5.2,0,-2.49,0,218.18,4.15,8.94,5.5,236.78,1374.18,7771.13,-23.52,8.8100000000004,No Change
Nov 2068,San_Juan,NCAR,High,High,252.08,1.43,47.7,53.04,6.21,10.63,0.73,0.09,5.85,0,-2.5,0,244.8,3.01,5.32,0,253.14,1362.51,7767.7,-11.6700000000001,-3.43000000000029,No Change
Dec 2068,San_Juan,NCAR,High,High,109.94,0.06,41.83,95.3,6.21,61.59,0.73,0.09,2.55,0,-0.9,0,107.32,2.87,5.32,0,115.52,1353.41,7770.41,-9.09999999999991,2.71000000000004,No Change
Jan 2069,San_Juan,NCAR,High,High,708.29,8.12,38.7,48.3,6.21,6.05,0.73,0.09,16.43,0,-2.46,0,683.75,0.81,5.32,0,689.88,1293.35,7771.42,-60.0600000000002,1.01000000000022,No Change
Feb 2069,San_Juan,NCAR,High,High,226.88,1.28,40.37,63.77,6.21,29.37,0.73,0.09,5.26,0,-0.47,0,220.34,1.5,5.32,0,227.16,1288.82,7784.76,-4.52999999999997,13.3400000000001,No Change
Mar 2069,San_Juan,NCAR,High,High,509.15,4.27,64.92,68.76,6.22,4.17,0.73,0.09,11.81,0,-2.47,0,493.07,0.85,5.32,0,499.25,1260.98,7788.91,-27.8399999999999,4.14999999999964,No Change
Apr 2069,San_Juan,NCAR,High,High,278.48,0.72,144.7,97.56,40.16,1.62,0.73,0.09,6.46,0,1.99,0,271.3,7.34,5.45,1.48,285.55,1258.34,7797.62,-2.6400000000001,8.71000000000004,No Change
May 2069,San_Juan,NCAR,High,High,360.59,0.36,283.28,173.61,102.99,14.28,0.73,0.09,8.36,0,3.35,0,351.87,17.98,21.99,15.73,407.58,1292.07,7803.95,33.73,6.32999999999993,No Change
Jun 2069,San_Juan,NCAR,High,High,156.76,0.12,182.12,74.81,114.48,22.33,0.74,0.09,3.64,0,1.62,0,153.01,13.66,32.47,18.11,217.24,1359.42,7799.29,67.3500000000001,-4.65999999999985,No Change
Jul 2069,San_Juan,NCAR,High,High,668.52,8.67,49.36,32.53,57.68,34.09,0.74,0.09,15.5,0,-2.47,0,644.36,4.37,34.53,17.61,700.86,1419.75,7785.79,60.3299999999999,-13.5,No Change
Aug 2069,San_Juan,NCAR,High,High,1261.92,20.15,58.62,64.41,40.47,28.1,0.73,0.09,29.27,0,-2.47,0,1212.5,4.46,24.78,14.94,1256.68,1409.47,7780.57,-10.28,-5.22000000000025,No Change
Sep 2069,San_Juan,NCAR,High,High,685.1,7.11,76.56,86.8,31.99,36.22,0.74,0.09,15.89,0,-2.43,0,662.1,3.53,19.94,11.58,697.15,1397.7,7791.78,-11.77,11.21,No Change
Oct 2069,San_Juan,NCAR,High,High,557.45,8.81,40.29,54.62,8.32,14.1,0.73,0.09,12.93,0,-2.46,0,535.71,2.73,6.52,3.9,548.86,1374.18,7793.02,-23.52,1.24000000000069,No Change
Nov 2069,San_Juan,NCAR,High,High,783.3,12.46,31.36,48.76,6.23,10.64,0.73,0.09,18.17,0,-2.51,0,752.68,1.98,5.33,0,759.99,1362.51,7798.94,-11.6700000000001,5.91999999999916,No Change
Dec 2069,San_Juan,NCAR,High,High,228.09,0.89,31.72,88.91,6.23,61.59,0.73,0.09,5.29,0,-2.56,0,221.92,1.62,5.33,0,228.87,1353.41,7813.96,-9.09999999999991,15.0200000000004,No Change
Jan 2070,San_Juan,NCAR,High,High,174.77,0.33,32.83,32.62,6.23,6.06,0.73,0.09,4.05,0,-1.03,0,170.39,1.4,5.33,0,177.12,1293.35,7816.06,-60.0600000000002,2.10000000000036,No Change
Feb 2070,San_Juan,NCAR,High,High,366.46,2.07,36.19,62.98,6.23,29.38,0.73,0.09,8.5,0,-2.22,0,355.9,0.64,5.33,0,361.87,1288.82,7818.45,-4.52999999999997,2.38999999999942,No Change
Mar 2070,San_Juan,NCAR,High,High,376.46,2.1,54.02,53.84,6.23,4.18,0.73,0.09,8.73,0,-1.14,0,365.63,1.36,5.33,0,372.33,1260.98,7824.09,-27.8399999999999,5.64000000000033,No Change
Apr 2070,San_Juan,NCAR,High,High,184.4,0.48,158.79,108.41,39.98,1.55,0.73,0.09,4.28,0,3.74,0,179.64,8.68,5.35,0.55,194.22,1258.34,7831.04,-2.6400000000001,6.94999999999982,No Change
May 2070,San_Juan,NCAR,High,High,403.16,0.4,474.61,352.15,91.68,9.34,0.73,0.09,9.35,0,9.39,0,393.41,31.12,15.64,11.53,451.7,1292.07,7837.88,33.73,6.84000000000015,No Change
Jun 2070,San_Juan,NCAR,High,High,272.27,0.21,360.22,237.37,111.51,21.01,0.74,0.09,6.31,0,5.56,0,265.74,27,30.82,17.51,341.07,1359.42,7844.44,67.3500000000001,6.55999999999949,No Change
Jul 2070,San_Juan,NCAR,High,High,893.13,13.04,93.65,61.11,62.5,22.72,0.74,0.09,20.71,0,-2.5,0,859.38,8.29,33.13,17.8,918.6,1419.75,7838.16,60.3299999999999,-6.27999999999975,No Change
Aug 2070,San_Juan,NCAR,High,High,1193.18,17.62,72.76,91.3,42.54,46.58,0.74,0.09,27.67,0,-2.41,0,1147.89,5.53,25.96,15.09,1194.47,1427.05,7837.93,7.29999999999995,-0.229999999999563,No Change
Sep 2070,San_Juan,NCAR,High,High,865.2,12.43,52.92,71.82,27.95,34.45,0.74,0.09,20.06,0,-2.42,0,832.7,2.44,17.66,11.11,863.91,1397.7,7847.46,-29.3499999999999,9.52999999999975,No Change
Oct 2070,San_Juan,NCAR,High,High,987.94,16.49,48.14,70.34,6.98,13.53,0.74,0.09,22.91,0,-2.42,0,948.54,3.27,5.76,3.86,961.43,1374.18,7853.36,-23.52,5.89999999999964,No Change
Nov 2070,San_Juan,NCAR,High,High,476.67,5.26,49.18,58.21,6.24,10.65,0.74,0.09,11.05,0,-2.46,0,460.36,3.11,5.34,0,468.81,1362.51,7869.35,-11.6700000000001,15.9900000000007,No Change
Dec 2070,San_Juan,NCAR,High,High,253.73,0.27,42.63,98.56,6.24,61.6,0.74,0.09,5.88,0,-2.48,0,247.58,2.18,5.34,0,255.1,1353.41,7877.3,-9.09999999999991,7.94999999999982,No Change
Jan 2071,San_Juan,NCAR,High,High,417.44,1.58,39.2,42.23,6.24,6.07,0.74,0.09,9.68,0,-2.46,0,406.18,0.82,5.34,0,412.34,1293.35,7880.06,-60.0600000000002,2.76000000000022,No Change
Feb 2071,San_Juan,NCAR,High,High,273.4,1.54,41.63,66.22,6.24,29.38,0.74,0.09,6.34,0,-1.11,0,265.52,1.21,5.34,0,272.07,1288.82,7886.65,-4.52999999999997,6.58999999999924,No Change
Mar 2071,San_Juan,NCAR,High,High,762.07,6.91,80.84,87.09,6.25,4.19,0.74,0.09,17.67,0,-2.46,0,737.48,1.06,5.35,0,743.89,1260.98,7891.23,-27.8399999999999,4.57999999999993,No Change
Apr 2071,San_Juan,NCAR,High,High,306.45,0.8,178.75,128.84,39.98,1.54,0.74,0.09,7.11,0,3.17,0,298.54,9.11,5.35,0.01,313.01,1258.34,7905.8,-2.6400000000001,14.5700000000006,No Change
May 2071,San_Juan,NCAR,High,High,187.78,0.19,246.09,139.1,97.71,11.96,0.74,0.09,4.35,0,4.78,0,183.24,16.64,19.05,12.94,231.87,1292.07,7915.43,33.73,9.63000000000011,No Change
Jun 2071,San_Juan,NCAR,High,High,90.81,0.07,119.08,22.51,104.87,18.61,0.75,0.09,2.11,0,1.06,0,88.63,9.32,26.99,18.36,143.31,1359.42,7910.97,67.3500000000001,-4.46000000000004,No Change
Jul 2071,San_Juan,NCAR,High,High,619.16,8.3,40.11,34.41,61.5,48.61,0.75,0.09,14.36,0,-2.44,0,596.5,3.55,36.7,18.31,655.06,1419.35,7895.12,59.9299999999998,-15.8500000000004,No Change
Aug 2071,San_Juan,NCAR,High,High,630.04,9,32.03,31.01,49.82,39.85,0.75,0.09,14.61,0,-2.39,0,606.42,2.44,30.06,15.3,654.22,1396.18,7888.08,-23.1699999999998,-7.03999999999996,No Change
Sep 2071,San_Juan,NCAR,High,High,666.38,10.96,27.31,27.38,34.16,22.13,0.75,0.09,15.45,0,-2.4,0,639.97,1.26,21.16,12.29,674.68,1376.75,7884.35,-19.4300000000001,-3.72999999999956,No Change
Oct 2071,San_Juan,NCAR,High,High,555.4,8.61,28.65,35.67,11.8,9.7,0.74,0.09,12.88,0,-2.44,0,533.91,1.94,8.51,5.97,550.33,1368.28,7884.45,-8.47000000000003,0.0999999999994543,No Change
Nov 2071,San_Juan,NCAR,High,High,261.99,2.38,34.85,41.84,6.26,10.66,0.74,0.09,6.08,0,-2.42,0,253.53,2.2,5.35,0,261.09,1362.51,7888.27,-5.76999999999998,3.82000000000062,No Change
Dec 2071,San_Juan,NCAR,High,High,559.8,7.72,31.16,95.07,6.26,61.61,0.74,0.09,12.98,0,-2.43,0,539.1,1.59,5.36,0,546.04,1353.41,7891.28,-9.09999999999991,3.00999999999931,No Change
Jan 2072,San_Juan,NCAR,High,High,252.39,0.47,30.92,32.67,6.26,6.07,0.74,0.09,5.85,0,-2.21,0,246.06,0.75,5.36,0,252.16,1293.35,7901.19,-60.0600000000002,9.90999999999985,No Change
Feb 2072,San_Juan,NCAR,High,High,457.55,3.94,32.76,61.81,6.26,29.39,0.74,0.09,10.61,0,-2.43,0,443,0.45,5.36,0,448.81,1288.82,7904.18,-4.52999999999997,2.99000000000069,No Change
Mar 2072,San_Juan,NCAR,High,High,19.42,0.11,55.49,48.15,6.26,4.2,0.74,0.09,0.45,0,2.38,0,18.86,3,5.36,0,27.21,1260.98,7911.72,-27.8399999999999,7.53999999999996,No Change
Apr 2072,San_Juan,NCAR,High,High,175.97,0.46,103.15,56.13,42.52,2.64,0.74,0.09,4.08,0,1.85,0,171.43,5.75,6.8,4.07,188.05,1258.34,7913.89,-2.6400000000001,2.17000000000007,No Change
May 2072,San_Juan,NCAR,High,High,136.25,0.13,437.29,307.74,101.2,13.48,0.75,0.09,3.16,0,11.76,0,132.95,30.21,21.02,13.96,198.14,1292.07,7915.11,33.73,1.21999999999935,No Change
Jun 2072,San_Juan,NCAR,High,High,128.32,0.1,423.02,288.83,116.51,23.19,0.75,0.09,2.98,0,8.54,0,125.24,32.42,33.65,18.38,209.69,1359.42,7915.41,67.3500000000001,0.300000000000182,No Change
Jul 2072,San_Juan,NCAR,High,High,1274.01,17.59,144.32,113.07,60.2,21.7,0.75,0.09,29.55,0,-2.44,0,1226.88,12.78,31.86,18.07,1289.58,1419.75,7907.9,60.3299999999999,-7.51000000000022,No Change
Aug 2072,San_Juan,NCAR,High,High,1153.17,16.1,65.78,83,43.26,46.88,0.75,0.09,26.74,0,-2.5,0,1110.32,5,26.38,15.02,1156.73,1427.05,7916.28,7.29999999999995,8.38000000000011,No Change
Sep 2072,San_Juan,NCAR,High,High,462.89,3.17,47.95,51.79,38.79,39.17,0.75,0.09,10.74,0,-2.5,0,448.99,2.21,23.79,12.5,487.5,1397.7,7924.85,-29.3499999999999,8.57000000000062,No Change
Oct 2072,San_Juan,NCAR,High,High,1.44,0,54.14,52.68,11.32,15.4,0.74,0.09,0.03,0,0.46,0,1.4,5.08,8.24,4.38,19.1,1374.18,7919.93,-23.52,-4.92000000000007,No Change
Nov 2072,San_Juan,NCAR,High,High,549.54,6.36,52.12,61.99,6.27,10.66,0.75,0.09,12.74,0,-2.41,0,530.44,3.29,5.37,0,539.1,1362.51,7915.39,-11.6700000000001,-4.53999999999996,No Change
Dec 2072,San_Juan,NCAR,High,High,254.11,0.89,43.17,99.62,6.27,61.62,0.75,0.09,5.89,0,-2.43,0,247.34,2.21,5.37,0,254.91,1353.41,7925.08,-9.09999999999991,9.6899999999996,No Change
Jan 2073,San_Juan,NCAR,High,High,686.39,8.32,39.37,49.11,6.27,6.08,0.75,0.09,15.92,0,-2.43,0,662.15,0.83,5.37,0,668.34,1293.35,7927.89,-60.0600000000002,2.8100000000004,No Change
Feb 2073,San_Juan,NCAR,High,High,191.87,1.08,41.04,63.5,6.28,29.4,0.75,0.09,4.45,0,0.02,0,186.34,1.73,5.37,0,193.44,1288.82,7940.72,-4.52999999999997,12.8299999999999,No Change
Mar 2073,San_Juan,NCAR,High,High,513.19,4.41,63.64,67.58,6.28,4.2,0.75,0.09,11.9,0,-2.44,0,496.87,0.84,5.37,0,503.08,1260.98,7944.54,-27.8399999999999,3.81999999999971,No Change
Apr 2073,San_Juan,NCAR,High,High,247.53,0.64,158.85,109.35,40.01,1.56,0.75,0.09,5.74,0,3.27,0,241.14,8.43,5.37,0.24,255.19,1258.34,7953.35,-2.6400000000001,8.8100000000004,No Change
May 2073,San_Juan,NCAR,High,High,522.77,0.52,374.56,262.35,95.2,10.87,0.75,0.09,12.12,0,4.82,0,510.13,23.57,17.64,13.21,564.54,1292.07,7961.46,33.73,8.10999999999967,No Change
Jun 2073,San_Juan,NCAR,High,High,218.63,0.17,329.28,208.5,112.42,21.43,0.76,0.09,5.07,0,5.17,0,213.39,24.79,31.33,17.63,287.14,1359.42,7964.54,67.3500000000001,3.07999999999993,No Change
Jul 2073,San_Juan,NCAR,High,High,991.64,14.78,74.48,45.32,62.47,22.7,0.75,0.09,23,0,-2.43,0,953.86,6.59,33.13,17.99,1011.57,1419.75,7956.48,60.3299999999999,-8.0600000000004,No Change
Aug 2073,San_Juan,NCAR,High,High,405.95,2.92,53.77,51.41,56.13,52.48,0.76,0.09,9.41,0,-2.46,0,393.61,4.09,33.66,15.89,447.25,1427.05,7958.4,7.29999999999995,1.92000000000007,No Change
Sep 2073,San_Juan,NCAR,High,High,533.65,5.98,48.2,56.25,36.21,38.06,0.75,0.09,12.38,0,-2.45,0,515.3,2.22,22.33,12.28,552.14,1397.7,7948.8,-29.3499999999999,-9.59999999999945,No Change
Oct 2073,San_Juan,NCAR,High,High,14.31,0.01,43.97,45.46,8.33,14.11,0.75,0.09,0.33,0,0.1,0,13.97,4.2,6.54,2.53,27.24,1374.18,7945.78,-23.52,-3.02000000000044,No Change
Nov 2073,San_Juan,NCAR,High,High,34.18,0.02,37.97,39.02,6.29,10.67,0.75,0.09,0.79,0,-0.14,0,33.37,3.49,5.38,0,42.24,1362.51,7943.03,-11.6700000000001,-2.75,No Change
Dec 2073,San_Juan,NCAR,High,High,582.4,7.04,34.67,97.68,6.29,61.63,0.75,0.09,13.51,0,-2.41,0,561.85,1.77,5.38,0,569.01,1353.41,7943.03,-9.09999999999991,0,No Change
Jan 2074,San_Juan,NCAR,High,High,135.55,0.25,33.67,32.89,6.29,6.09,0.75,0.09,3.14,0,-0.68,0,132.15,1.52,5.38,0,139.05,1293.35,7953.47,-60.0600000000002,10.4400000000005,No Change
Feb 2074,San_Juan,NCAR,High,High,344.86,1.94,44.89,70.06,6.29,29.41,0.75,0.09,8,0,-1.26,0,334.91,1.15,5.38,0,341.45,1288.82,7955.27,-4.52999999999997,1.80000000000018,No Change
Mar 2074,San_Juan,NCAR,High,High,574.76,3.21,102.72,100.65,6.29,4.21,0.75,0.09,13.33,0,0.5,0,558.22,2.7,5.38,0,566.31,1260.98,7961.35,-27.8399999999999,6.07999999999993,No Change
Apr 2074,San_Juan,NCAR,High,High,139.98,0.36,240.82,180.3,40.11,1.61,0.75,0.09,3.25,0,8.54,0,136.37,13.84,5.44,0.68,156.32,1258.34,7974.53,-2.6400000000001,13.1799999999994,No Change
May 2074,San_Juan,NCAR,High,High,331.96,0.33,335.22,222.41,95.82,11.13,0.75,0.09,7.7,0,6.33,0,323.94,22.12,17.99,12.61,376.66,1292.07,7984.97,33.73,10.4400000000005,No Change
Jun 2074,San_Juan,NCAR,High,High,333.08,0.26,148.24,50.78,107.21,19.16,0.76,0.09,7.72,0,-0.67,0,325.1,10.34,28.38,16.61,380.45,1359.42,7985.74,67.3500000000001,0.769999999999527,No Change
Jul 2074,San_Juan,NCAR,High,High,1330.95,21.16,47.1,41.65,49.27,24.48,0.76,0.09,30.87,0,-2.35,0,1278.92,4.17,29.8,17.6,1330.49,1419.75,7975.51,60.3299999999999,-10.2299999999996,No Change
Aug 2074,San_Juan,NCAR,High,High,859.41,11.31,36.13,36.29,48.13,37.36,0.76,0.09,19.93,0,-2.38,0,828.17,2.75,29.14,15.29,875.35,1415.41,7985.76,-4.33999999999992,10.25,No Change
Sep 2074,San_Juan,NCAR,High,High,386.4,3.24,34.97,37.48,42.16,40.64,0.76,0.09,8.96,0,-2.41,0,374.2,1.61,25.71,13.15,414.68,1397.7,7987.37,-17.71,1.60999999999967,No Change
Oct 2074,San_Juan,NCAR,High,High,453,7.06,33.38,44.82,11.05,15.29,0.75,0.09,10.51,0,-2.4,0,435.43,2.26,8.09,5.35,451.13,1374.18,7980.1,-23.52,-7.26999999999953,No Change
Nov 2074,San_Juan,NCAR,High,High,369.53,4.18,31.54,40.51,6.3,10.68,0.75,0.09,8.57,0,-2.4,0,356.78,1.99,5.39,0,364.16,1362.51,7982.19,-11.6700000000001,2.08999999999924,No Change
Dec 2074,San_Juan,NCAR,High,High,371.4,3.26,31.47,90.86,6.3,61.63,0.76,0.09,8.61,0,-2.41,0,359.53,1.61,5.39,0,366.53,1353.41,7987.7,-9.09999999999991,5.51000000000022,No Change
Jan 2075,San_Juan,NCAR,High,High,1030.22,18.51,30.87,50.94,6.31,6.1,0.76,0.09,23.89,0,-2.43,0,987.82,0.65,5.39,0,993.86,1293.35,7993.24,-60.0600000000002,5.53999999999996,No Change
Feb 2075,San_Juan,NCAR,High,High,505.63,4.68,31.41,61.27,6.31,29.42,0.76,0.09,11.73,0,-2.5,0,489.23,0.44,5.39,0,495.05,1288.82,8014.04,-4.52999999999997,20.8000000000002,No Change
Mar 2075,San_Juan,NCAR,High,High,780.08,11.01,33.63,44.6,6.31,4.22,0.76,0.09,18.09,0,-2.49,0,750.97,0.44,5.4,0,756.81,1260.98,8022.61,-27.8399999999999,8.56999999999971,No Change
Apr 2075,San_Juan,NCAR,High,High,320.07,0.83,99.42,57.7,40.04,1.58,0.76,0.09,7.42,0,-0.47,0,311.82,4.56,5.4,0.08,321.85,1258.34,8037.54,-2.6400000000001,14.9300000000003,No Change
May 2075,San_Juan,NCAR,High,High,515.92,0.51,390.18,276.2,94.96,10.77,0.76,0.09,11.96,0,5.52,0,503.44,24.77,17.51,13.05,558.77,1292.07,8043.76,33.73,6.22000000000025,No Change
Jun 2075,San_Juan,NCAR,High,High,113.23,0.09,405.81,276.59,110.44,20.58,0.77,0.09,2.63,0,8.24,0,110.52,31.2,30.2,16.89,188.82,1359.42,8047.53,67.3500000000001,3.76999999999953,No Change
Jul 2075,San_Juan,NCAR,High,High,915.63,11.92,149.59,110.63,63.13,22.99,0.76,0.09,21.23,0,-2.51,0,882.48,13.25,33.51,17.87,947.11,1419.75,8040.83,60.3299999999999,-6.69999999999982,No Change
Aug 2075,San_Juan,NCAR,High,High,652.13,5.8,78.21,77.33,55.43,52.17,0.76,0.09,15.12,0,-2.53,0,631.21,5.95,33.28,16.22,686.66,1427.05,8041.02,7.29999999999995,0.190000000000509,No Change
Sep 2075,San_Juan,NCAR,High,High,650.78,7.66,44.1,53.08,37.99,38.82,0.76,0.09,15.09,0,-2.52,0,628.02,2.04,23.35,12.89,666.3,1397.7,8036.72,-29.3499999999999,-4.30000000000018,No Change
Oct 2075,San_Juan,NCAR,High,High,91.55,0.04,31.91,33.62,13.16,16.2,0.76,0.09,2.12,0,-1.36,0,89.39,2.73,9.29,5.33,106.74,1374.18,8035.73,-23.52,-0.990000000000691,No Change
Nov 2075,San_Juan,NCAR,High,High,1188.65,21.18,38.52,64.19,6.32,10.69,0.76,0.09,27.57,0,-2.55,0,1139.91,2.43,5.4,0,1147.75,1362.51,8030.5,-11.6700000000001,-5.22999999999956,No Change
Dec 2075,San_Juan,NCAR,High,High,801.36,13.46,32.7,102.36,6.32,61.64,0.76,0.09,18.58,0,-2.55,0,769.32,1.67,5.4,0,776.39,1353.41,8054.84,-9.09999999999991,24.3400000000001,No Change
Jan 2076,San_Juan,NCAR,High,High,272.67,0.51,32.51,34.61,6.32,6.1,0.76,0.09,6.32,0,-2.52,0,265.84,0.72,5.41,0,271.96,1293.35,8070.22,-60.0600000000002,15.3800000000001,No Change
Feb 2076,San_Juan,NCAR,High,High,555.39,5.3,34.3,64.84,6.32,29.42,0.76,0.09,12.88,0,-2.61,0,537.21,0.48,5.41,0,543.09,1288.82,8073.35,-4.52999999999997,3.13000000000011,No Change
Mar 2076,San_Juan,NCAR,High,High,261.33,1.46,47.28,45.53,6.32,4.23,0.76,0.09,6.06,0,-0.51,0,253.81,1.62,5.41,0,260.84,1260.98,8082.95,-27.8399999999999,9.59999999999945,No Change
Apr 2076,San_Juan,NCAR,High,High,234.9,0.61,116.27,71.47,40.05,1.58,0.76,0.09,5.45,0,1.02,0,228.84,5.92,5.41,0.56,240.73,1258.34,8087.83,-2.6400000000001,4.88000000000011,No Change
May 2076,San_Juan,NCAR,High,High,83.82,0.08,423.07,294.7,99.7,12.82,0.76,0.09,1.94,0,11.95,0,81.79,29.62,20.2,13.22,144.83,1292.07,8093.07,33.73,5.23999999999978,No Change
Jun 2076,San_Juan,NCAR,High,High,196.56,0.15,295.71,179.55,109.29,20.07,0.77,0.09,4.56,0,4.63,0,191.85,22.46,29.56,16.74,260.61,1359.42,8093.09,67.3500000000001,0.0200000000004366,No Change
Jul 2076,San_Juan,NCAR,High,High,942.59,13.57,80.84,49.1,64.27,23.49,0.77,0.09,21.86,0,-2.63,0,907.16,7.16,34.16,18.22,966.69,1419.75,8084.86,60.3299999999999,-8.23000000000047,No Change
Aug 2076,San_Juan,NCAR,High,High,1054.14,16.36,61.99,77.84,46.96,48.52,0.77,0.09,24.45,0,-2.64,0,1013.34,4.71,28.47,15.85,1062.36,1427.05,8085.19,7.29999999999995,0.329999999999927,No Change
Sep 2076,San_Juan,NCAR,High,High,398.24,2.72,65.65,67.94,39.49,39.49,0.77,0.09,9.24,0,-2.6,0,386.29,3.03,24.19,12.72,426.23,1397.7,8090.47,-29.3499999999999,5.28000000000065,No Change
Oct 2076,San_Juan,NCAR,High,High,805.6,10.34,81.41,95.62,6.55,13.35,0.76,0.09,18.68,0,-2.58,0,776.58,5.52,5.54,2.41,790.05,1374.18,8083.71,-23.52,-6.76000000000022,No Change
Nov 2076,San_Juan,NCAR,High,High,242.22,1.31,43.24,48.81,6.33,10.7,0.76,0.09,5.62,0,-2.63,0,235.29,2.73,5.42,0,243.44,1362.51,8096.73,-11.6700000000001,13.0199999999995,No Change
Dec 2076,San_Juan,NCAR,High,High,100.35,0.06,39.2,92.65,6.34,61.65,0.76,0.09,2.33,0,-0.9,0,97.96,2.82,5.42,0,106.2,1353.41,8099.04,-9.09999999999991,2.3100000000004,No Change
Jan 2077,San_Juan,NCAR,High,High,231.95,0.44,39.81,39.88,6.34,6.11,0.77,0.09,5.38,0,-1.32,0,226.13,1.46,5.42,0,233.01,1293.35,8099.8,-60.0600000000002,0.760000000000218,No Change
Feb 2077,San_Juan,NCAR,High,High,251.99,1.42,43,66.32,6.34,29.43,0.77,0.09,5.84,0,-0.44,0,244.73,1.63,5.42,0,251.78,1288.82,8103.19,-4.52999999999997,3.38999999999942,No Change
Mar 2077,San_Juan,NCAR,High,High,217.27,1.21,69.09,64.92,6.34,4.24,0.77,0.09,5.04,0,0.77,0,211.02,2.5,5.42,0,218.95,1260.98,8107.92,-27.8399999999999,4.73000000000047,No Change
Apr 2077,San_Juan,NCAR,High,High,432.15,1.12,197.93,149.31,40.07,1.59,0.77,0.09,10.02,0,1.96,0,421,9.31,5.42,0.74,436.47,1258.34,8113.05,-2.6400000000001,5.13000000000011,No Change
May 2077,San_Juan,NCAR,High,High,301.27,0.3,415.73,294.81,95.69,11.08,0.77,0.09,6.99,0,8.85,0,293.99,27.76,17.93,12.56,352.23,1292.07,8123.62,33.73,10.5699999999997,No Change
Jun 2077,San_Juan,NCAR,High,High,193.53,0.15,193.7,87.44,111.5,21.04,0.78,0.09,4.49,0,1.52,0,188.89,14.42,30.82,17.41,251.54,1359.42,8126.23,67.3500000000001,2.60999999999967,No Change
Jul 2077,San_Juan,NCAR,High,High,561.64,6.1,49.67,31.56,61.18,38.76,0.77,0.09,13.03,0,-2.6,0,542.51,4.4,36.54,17.97,601.41,1419.75,8114.14,60.3299999999999,-12.0899999999992,No Change
Aug 2077,San_Juan,NCAR,High,High,620.86,7.49,44.47,29.82,51.6,30.27,0.77,0.09,14.4,0,-2.57,0,598.97,3.38,31.11,15.55,649.01,1406.31,8105.91,-13.4400000000001,-8.23000000000047,No Change
Sep 2077,San_Juan,NCAR,High,High,55.45,0.09,48.07,42.38,42.13,40.16,0.78,0.09,1.29,0,0.26,0,54.08,3.56,25.68,12.42,95.73,1397.21,8101.51,-9.09999999999991,-4.39999999999964,No Change
Oct 2077,San_Juan,NCAR,High,High,295.5,2.64,39.62,45.22,13.03,16.15,0.77,0.09,6.85,0,-2.54,0,286.01,2.69,9.23,5.81,303.74,1374.18,8089.95,-23.03,-11.5600000000004,No Change
Nov 2077,San_Juan,NCAR,High,High,396.73,4.54,35.52,44.72,6.35,10.7,0.77,0.09,9.2,0,-2.55,0,382.99,2.24,5.43,0,390.66,1362.51,8087.79,-11.6700000000001,-2.15999999999985,No Change
Dec 2077,San_Juan,NCAR,High,High,257.15,0.28,35.22,91.57,6.35,61.66,0.77,0.09,5.96,0,-2.56,0,250.9,1.8,5.43,0,258.13,1353.41,8093.76,-9.09999999999991,5.97000000000025,No Change
Jan 2078,San_Juan,NCAR,High,High,553.7,5.18,34.17,40.93,6.35,6.12,0.77,0.09,12.84,0,-2.52,0,535.68,0.72,5.43,0,541.83,1293.35,8096.49,-60.0600000000002,2.72999999999956,No Change
Feb 2078,San_Juan,NCAR,High,High,635.81,6.05,40.67,71.76,6.35,29.44,0.77,0.09,14.75,0,-2.52,0,615.02,0.56,5.43,0,621.01,1288.82,8106.13,-4.52999999999997,9.64000000000033,No Change
Mar 2078,San_Juan,NCAR,High,High,267.11,1.49,83.31,78.46,6.36,4.24,0.77,0.09,6.19,0,1.32,0,259.43,2.91,5.43,0,267.77,1260.98,8117.67,-27.8399999999999,11.54,No Change
Apr 2078,San_Juan,NCAR,High,High,447.69,1.16,131.59,90.13,40.09,1.6,0.77,0.09,10.38,0,-1.23,0,436.15,5.37,5.43,0.03,446.98,1258.34,8124.5,-2.6400000000001,6.82999999999993,No Change
May 2078,San_Juan,NCAR,High,High,25.43,0.03,322.05,203.73,98.49,12.3,0.77,0.09,0.59,0,9.28,0,24.82,22.89,19.51,12.82,80.04,1292.07,8132.95,33.73,8.44999999999982,No Change
Jun 2078,San_Juan,NCAR,High,High,107.31,0.08,348.7,225.85,109.44,20.16,0.78,0.09,2.49,0,6.79,0,104.74,26.85,29.64,16.63,177.87,1359.42,8129.31,67.3500000000001,-3.63999999999942,No Change
Jul 2078,San_Juan,NCAR,High,High,549.02,6.82,62.05,30.57,59.89,24.54,0.78,0.09,12.73,0,-2.54,0,529.47,5.49,35.5,17.69,588.15,1419.75,8121.27,60.3299999999999,-8.03999999999996,No Change
Aug 2078,San_Juan,NCAR,High,High,485.87,4.23,41.04,35.32,54.29,44.92,0.78,0.09,11.27,0,-2.54,0,470.37,3.12,32.63,15.65,521.78,1420.28,8113.09,0.529999999999973,-8.18000000000029,No Change
Sep 2078,San_Juan,NCAR,High,High,571.57,5.62,28.03,36.44,36.66,38.24,0.78,0.09,13.26,0,-2.49,0,552.69,1.29,22.62,12.2,588.8,1397.7,8105.47,-22.5799999999999,-7.61999999999989,No Change
Oct 2078,San_Juan,NCAR,High,High,202.58,0.36,27.86,34.33,8.78,14.32,0.77,0.09,4.7,0,-2.47,0,197.52,1.89,6.82,3,209.23,1374.18,8103.35,-23.52,-2.11999999999989,No Change
Nov 2078,San_Juan,NCAR,High,High,304.88,2.97,29.21,37.14,6.37,10.71,0.77,0.09,7.07,0,-2.47,0,294.84,1.85,5.44,0,302.13,1362.51,8101.9,-11.6700000000001,-1.45000000000073,No Change
Dec 2078,San_Juan,NCAR,High,High,282.71,1.12,28.28,85.73,6.37,61.67,0.77,0.09,6.56,0,-2.47,0,275.03,1.45,5.44,0,281.92,1353.41,8105.83,-9.09999999999991,3.93000000000029,No Change
Jan 2079,San_Juan,NCAR,High,High,693.14,9.77,28.16,39.58,6.37,6.13,0.78,0.09,16.07,0,-2.48,0,667.3,0.59,5.44,0,673.33,1293.35,8109.23,-60.0600000000002,3.39999999999964,No Change
Feb 2079,San_Juan,NCAR,High,High,506.44,5.69,29.52,60.37,6.37,29.45,0.78,0.09,11.74,0,-2.49,0,489,0.41,5.45,0,494.86,1288.82,8122.14,-4.52999999999997,12.9100000000008,No Change
Mar 2079,San_Juan,NCAR,High,High,480.78,5.53,33.92,39.4,6.37,4.25,0.78,0.09,11.15,0,-2.51,0,464.1,0.45,5.45,0,469.99,1260.98,8130.71,-27.8399999999999,8.56999999999971,No Change
Apr 2079,San_Juan,NCAR,High,High,99.7,0.26,125.65,76.42,40.25,1.67,0.78,0.09,2.31,0,3.53,0,97.12,7.39,5.53,0.82,110.87,1258.34,8138.67,-2.6400000000001,7.96000000000004,No Change
May 2079,San_Juan,NCAR,High,High,298.56,0.29,126.37,33.67,98.41,12.27,0.78,0.09,6.92,0,-0.77,0,291.34,7.62,19.47,13.59,332.03,1292.07,8143,33.73,4.32999999999993,No Change
Jun 2079,San_Juan,NCAR,High,High,202.24,0.16,61.42,22.44,57.1,20.94,0.79,0.09,4.69,0,-1.47,0,197.39,4.45,30.6,17.81,250.24,1359.42,8134.88,67.3500000000001,-8.11999999999989,No Change
Jul 2079,San_Juan,NCAR,High,High,532.61,6.4,37.36,34.25,64.98,56.26,0.79,0.09,12.35,0,-2.52,0,513.86,3.31,38.71,18.73,574.61,1365.68,8119.6,6.25999999999999,-15.2799999999997,No Change
Aug 2079,San_Juan,NCAR,High,High,1426.19,22.64,43.47,40.82,41.54,17.04,0.78,0.09,33.07,0,-2.51,0,1370.47,3.31,25.43,15.47,1414.67,1336.38,8110.01,-29.3,-9.59000000000015,No Change
Sep 2079,San_Juan,NCAR,High,High,161.62,0.26,64.92,17.37,59.47,15.66,0.79,0.09,3.75,0,-0.13,0,157.61,4.12,23.56,12.43,197.72,1336.14,8124.42,-0.240000000000009,14.4099999999999,No Change
Oct 2079,San_Juan,NCAR,High,High,12.27,0.01,45.06,26.48,18.79,4.62,0.78,0.09,0.28,0,0.13,0,11.98,4.29,9.43,5.37,31.07,1357.09,8114.91,20.9499999999998,-9.51000000000022,No Change
Nov 2079,San_Juan,NCAR,High,High,508.38,7.62,44.34,55.94,6.38,10.72,0.78,0.09,11.79,0,-2.45,0,488.97,2.8,5.45,0,497.23,1362.51,8109.27,5.42000000000007,-5.63999999999942,No Change
Dec 2079,San_Juan,NCAR,High,High,77.07,0.05,42.01,94.77,6.38,61.67,0.78,0.09,1.79,0,-0.49,0,75.24,3.06,5.46,0,83.76,1353.41,8117.93,-9.09999999999991,8.65999999999985,No Change
Jan 2080,San_Juan,NCAR,High,High,154.2,0.29,39.2,37.82,6.39,6.14,0.78,0.09,3.58,0,-0.37,0,150.33,1.79,5.46,0,157.58,1293.35,8118.54,-60.0600000000002,0.609999999999673,No Change
Feb 2080,San_Juan,NCAR,High,High,217.47,1.23,40.73,63.31,6.39,29.46,0.78,0.09,5.04,0,0.01,0,211.2,1.71,5.46,0,218.36,1288.82,8121.06,-4.52999999999997,2.52000000000044,No Change
Mar 2080,San_Juan,NCAR,High,High,353.45,1.97,68.36,65.87,6.39,4.26,0.78,0.09,8.2,0,0.21,0,343.28,2.13,5.46,0,350.87,1260.98,8125.43,-27.8399999999999,4.36999999999989,No Change
Apr 2080,San_Juan,NCAR,High,High,333.97,0.87,91.45,51,40.12,1.62,0.78,0.09,7.75,0,-1.1,0,325.36,3.92,5.46,0.2,334.94,1258.34,8133.15,-2.6400000000001,7.71999999999935,No Change
May 2080,San_Juan,NCAR,High,High,411.58,0.41,245.66,143.94,96.62,11.5,0.78,0.09,9.54,0,1.81,0,401.63,15.2,18.46,13.34,448.63,1292.07,8138.91,33.73,5.76000000000022,No Change
Jun 2080,San_Juan,NCAR,High,High,292.81,0.22,106.03,20.2,97.48,16.76,0.79,0.09,6.79,0,-1.79,0,285.8,7.12,24.86,16.49,334.27,1359.42,8136.23,67.3500000000001,-2.68000000000029,No Change
Jul 2080,San_Juan,NCAR,High,High,598.77,6.84,42.33,33.78,63.82,49.77,0.79,0.09,13.89,0,-2.41,0,578.04,3.75,38.06,18.57,638.41,1415.98,8124.04,56.5599999999999,-12.1899999999996,No Change
Aug 2080,San_Juan,NCAR,High,High,821.36,12.62,32.33,33.84,47.79,36.75,0.79,0.09,19.05,0,-2.39,0,789.7,2.46,28.96,15.36,836.47,1392.68,8116.25,-23.3,-7.78999999999996,No Change
Sep 2080,San_Juan,NCAR,High,High,594.93,7.85,27.31,25.21,36.24,25.17,0.79,0.09,13.8,0,-2.37,0,573.29,1.26,22.38,12.35,609.28,1375.45,8116.85,-17.23,0.600000000000364,No Change
Oct 2080,San_Juan,NCAR,High,High,57.74,0.02,31.47,22.09,14.5,7.43,0.78,0.09,1.34,0,-0.62,0,56.38,2.95,10.08,5.9,75.31,1364.83,8115.24,-10.6200000000001,-1.61000000000058,No Change
Nov 2080,San_Juan,NCAR,High,High,118.98,0.06,36.86,39.85,6.4,10.73,0.78,0.09,2.76,0,-1.36,0,116.16,2.76,5.47,0,124.38,1362.51,8109.36,-2.31999999999994,-5.88000000000011,No Change
Dec 2080,San_Juan,NCAR,High,High,702.88,11.02,37.78,104.41,6.4,61.68,0.78,0.09,16.3,0,-2.26,0,675.56,1.93,5.47,0,682.96,1353.41,8110.07,-9.09999999999991,0.710000000000036,No Change
Jan 2081,San_Juan,NCAR,High,High,190.07,0.36,36.01,36.28,6.4,6.15,0.79,0.09,4.41,0,-1.36,0,185.31,1.19,5.47,0,191.97,1293.35,8123.42,-60.0600000000002,13.3500000000004,No Change
Feb 2081,San_Juan,NCAR,High,High,608.98,5.89,37.78,68.5,6.4,29.46,0.79,0.09,14.12,0,-2.29,0,588.97,0.52,5.47,0,594.96,1288.82,8125.77,-4.52999999999997,2.35000000000036,No Change
Mar 2081,San_Juan,NCAR,High,High,262.37,1.47,57.64,55.34,6.4,4.27,0.79,0.09,6.08,0,-0.15,0,254.82,1.77,5.47,0,262.07,1260.98,8136.91,-27.8399999999999,11.1399999999994,No Change
Apr 2081,San_Juan,NCAR,High,High,433.92,1.13,176.18,128.85,40.14,1.63,0.79,0.09,10.06,0,1.7,0,422.73,8.25,5.48,1.16,437.61,1258.34,8142.16,-2.6400000000001,5.25,No Change
May 2081,San_Juan,NCAR,High,High,553.29,0.55,300.12,196.92,93.57,10.16,0.79,0.09,12.83,0,2.12,0,539.92,18.22,16.74,12.62,587.5,1292.07,8152.06,33.73,9.90000000000055,No Change
Jun 2081,San_Juan,NCAR,High,High,366.54,0.28,141.69,47.32,104.87,18.16,0.79,0.09,8.5,0,-1.54,0,357.76,9.48,27.08,16.17,410.49,1359.42,8153.7,67.3500000000001,1.63999999999942,No Change
Jul 2081,San_Juan,NCAR,High,High,797.17,11.62,40.42,36.29,58.36,43.9,0.79,0.09,18.49,0,-2.29,0,767.06,3.58,34.97,18.11,823.71,1419.75,8143.79,60.3299999999999,-9.90999999999985,No Change
Aug 2081,San_Juan,NCAR,High,High,791.69,10.38,46.73,30.9,48.2,23.25,0.79,0.09,18.36,0,-2.3,0,762.95,3.55,29.2,15.19,810.89,1399.95,8141.18,-19.8,-2.60999999999967,No Change
Sep 2081,San_Juan,NCAR,High,High,189.82,0.3,56.16,53.48,41.58,39.12,0.8,0.09,4.4,0,-2.15,0,185.11,2.67,25.38,12.72,225.88,1396.4,8141.35,-3.54999999999995,0.170000000000073,No Change
Oct 2081,San_Juan,NCAR,High,High,278.54,1.41,45.06,51.92,7.56,13.79,0.79,0.09,6.46,0,-2.27,0,270.67,3.06,6.13,2.15,282,1374.18,8130.19,-22.22,-11.1600000000008,No Change
Nov 2081,San_Juan,NCAR,High,High,414.97,3.91,59.36,66.08,6.42,10.74,0.79,0.09,9.62,0,-2.24,0,401.44,3.75,5.48,0,410.67,1362.51,8131.54,-11.6700000000001,1.35000000000036,No Change
Dec 2081,San_Juan,NCAR,High,High,326.03,2.79,49.86,107.62,6.42,61.69,0.79,0.09,7.56,0,-2.24,0,315.68,2.55,5.48,0,323.71,1353.41,8138.23,-9.09999999999991,6.6899999999996,No Change
Jan 2082,San_Juan,NCAR,High,High,266.21,0.5,41.53,41.89,6.42,6.15,0.79,0.09,6.17,0,-1.39,0,259.53,1.26,5.48,0,266.28,1293.35,8142.85,-60.0600000000002,4.6200000000008,No Change
Feb 2082,San_Juan,NCAR,High,High,390.6,2.2,44.22,70.53,6.42,29.47,0.79,0.09,9.06,0,-1.84,0,379.34,0.79,5.48,0,385.62,1288.82,8146.93,-4.52999999999997,4.07999999999993,No Change
Mar 2082,San_Juan,NCAR,High,High,151.13,0.84,88.21,80.06,6.42,4.28,0.79,0.09,3.5,0,3.16,0,146.78,3.69,5.49,0,155.96,1260.98,8153.45,-27.8399999999999,6.51999999999953,No Change
Apr 2082,San_Juan,NCAR,High,High,311.85,0.81,187.88,136.65,40.37,1.73,0.79,0.09,7.23,0,3.78,0,303.8,9.61,5.61,1.54,320.57,1258.34,8159.42,-2.6400000000001,5.97000000000025,No Change
May 2082,San_Juan,NCAR,High,High,442.37,0.44,405.86,288.48,96.28,11.35,0.79,0.09,10.26,0,6.81,0,431.67,26.08,18.28,13.31,489.34,1292.07,8168.19,33.73,8.76999999999953,No Change
Jun 2082,San_Juan,NCAR,High,High,258.68,0.2,234.51,127.04,108.84,19.89,0.8,0.09,6,0,1.75,0,252.48,16.97,29.32,16.95,315.72,1359.42,8171.25,67.3500000000001,3.0600000000004,No Change
Jul 2082,San_Juan,NCAR,High,High,597.45,7.46,49.18,32.1,59.97,37.56,0.8,0.09,13.86,0,-2.21,0,576.14,4.35,35.88,17.85,634.22,1419.75,8161.34,60.3299999999999,-9.90999999999985,No Change
Aug 2082,San_Juan,NCAR,High,High,526.88,7.29,43.35,29.58,52.51,32.57,0.8,0.09,12.22,0,-2.17,0,507.37,3.3,31.62,15.62,557.9,1406.99,8154.42,-12.76,-6.92000000000007,No Change
Sep 2082,San_Juan,NCAR,High,High,399.67,4.06,48.94,52.64,36.97,36.72,0.8,0.09,9.27,0,-2.14,0,386.34,2.26,22.79,12.11,423.49,1396.01,8148.14,-10.98,-6.27999999999975,No Change
Oct 2082,San_Juan,NCAR,High,High,380.01,4.71,34.05,45.33,6.68,13.42,0.79,0.09,8.81,0,-2.14,0,366.49,2.31,5.64,1.46,375.9,1374.18,8142.45,-21.8299999999999,-5.69000000000051,No Change
Nov 2082,San_Juan,NCAR,High,High,132.44,0.07,33.98,37.72,6.43,10.75,0.79,0.09,3.07,0,-1.72,0,129.29,2.36,5.49,0,137.15,1362.51,8146.96,-11.6700000000001,4.51000000000022,No Change
Dec 2082,San_Juan,NCAR,High,High,82.53,0.05,34.54,88.11,6.43,61.7,0.8,0.09,1.91,0,-0.7,0,80.57,2.44,5.5,0,88.51,1353.41,8147.61,-9.09999999999991,0.649999999999636,No Change
Jan 2083,San_Juan,NCAR,High,High,1023.4,18.2,33.67,53.03,6.43,6.16,0.8,0.09,23.73,0,-2.13,0,981.46,0.71,5.5,0,987.67,1293.35,8148.12,-60.0600000000002,0.510000000000218,No Change
Feb 2083,San_Juan,NCAR,High,High,154.49,0.87,35.39,57.53,6.44,29.48,0.8,0.09,3.58,0,0.18,0,150.03,1.6,5.5,0,157.13,1288.82,8169.03,-4.52999999999997,20.9099999999999,No Change
Mar 2083,San_Juan,NCAR,High,High,403.42,2.25,43.68,45.14,6.44,4.29,0.8,0.09,9.36,0,-2.01,0,391.81,0.65,5.5,0,397.95,1260.98,8172.09,-27.8399999999999,3.0600000000004,No Change
Apr 2083,San_Juan,NCAR,High,High,117.3,0.3,113.14,64.79,41.26,2.11,0.8,0.09,2.72,0,2.99,0,114.28,6.51,6.12,2.43,129.35,1258.34,8178.73,-2.6400000000001,6.63999999999942,No Change
May 2083,San_Juan,NCAR,High,High,1004.5,9.56,206.75,125.58,90.72,8.95,0.8,0.09,23.3,0,-2.16,0,971.64,11.12,15.12,13.7,1011.58,1292.07,8181.3,33.73,2.57000000000062,No Change
Jun 2083,San_Juan,NCAR,High,High,163.23,0.13,95.69,22.08,86.35,19.15,0.81,0.09,3.79,0,-0.45,0,159.32,6.99,27.97,17.76,212.04,1359.42,8188.04,67.3500000000001,6.73999999999978,No Change
Jul 2083,San_Juan,NCAR,High,High,770.33,11.53,36.01,36.21,57.88,47.53,0.8,0.09,17.86,0,-2.2,0,740.93,3.19,34.7,17.96,796.78,1399.37,8172.9,39.9499999999998,-15.1400000000003,No Change
Aug 2083,San_Juan,NCAR,High,High,950.08,15.82,32.63,36.78,47.62,36.24,0.8,0.09,22.03,0,-2.19,0,912.22,2.48,28.87,15.72,959.29,1375.73,8169.89,-23.6399999999999,-3.00999999999931,No Change
Sep 2083,San_Juan,NCAR,High,High,642.44,8.68,36.56,24.5,34.69,13.41,0.8,0.09,14.9,0,-2.23,0,618.85,1.69,20.88,11.84,653.26,1358.94,8173.31,-16.79,3.42000000000007,No Change
Oct 2083,San_Juan,NCAR,High,High,226.93,1.09,32.76,20.59,19.48,6.21,0.8,0.09,5.26,0,-2.24,0,220.58,2.22,11.53,7.34,241.67,1360.06,8173.42,1.11999999999989,0.109999999999673,No Change
Nov 2083,San_Juan,NCAR,High,High,301.47,2.83,36.31,43.4,6.45,10.75,0.8,0.09,6.99,0,-2.25,0,291.65,2.29,5.51,0,299.45,1362.51,8168.4,2.45000000000005,-5.02000000000044,No Change
Dec 2083,San_Juan,NCAR,High,High,659.82,9.77,31.41,97.1,6.45,61.71,0.8,0.09,15.3,0,-2.27,0,634.75,1.61,5.51,0,641.87,1353.41,8172.43,-9.09999999999991,4.03000000000065,No Change
Jan 2084,San_Juan,NCAR,High,High,375.14,2.51,31.16,35.02,6.45,6.17,0.8,0.09,8.7,0,-2.28,0,363.93,0.65,5.51,0,370.09,1293.35,8184.75,-60.0600000000002,12.3199999999997,No Change
Feb 2084,San_Juan,NCAR,High,High,207.32,1.17,32.03,55.58,6.45,29.49,0.8,0.09,4.81,0,-0.59,0,201.34,1.25,5.51,0,208.09,1288.82,8190.46,-4.52999999999997,5.71000000000004,No Change
Mar 2084,San_Juan,NCAR,High,High,192.61,1.08,36.51,34.8,6.45,4.29,0.8,0.09,4.47,0,-0.64,0,187.07,1.26,5.51,0,193.84,1260.98,8193.97,-27.8399999999999,3.50999999999931,No Change
Apr 2084,San_Juan,NCAR,High,High,478.67,1.24,133.98,91.55,40.2,1.66,0.8,0.09,11.1,0,-0.54,0,466.32,5.67,5.52,1.3,478.82,1258.34,8197.09,-2.6400000000001,3.1200000000008,No Change
May 2084,San_Juan,NCAR,High,High,189.72,0.19,262.57,150.64,102.09,13.88,0.81,0.09,4.4,0,5.92,0,185.13,17.99,21.57,14.29,238.99,1292.07,8205.64,33.73,8.54999999999927,No Change
Jun 2084,San_Juan,NCAR,High,High,121.96,0.09,83.48,20.77,74.73,18.37,0.81,0.09,2.83,0,-0.01,0,119.04,6.45,26.95,17.06,169.5,1359.42,8200.95,67.3500000000001,-4.68999999999869,No Change
Jul 2084,San_Juan,NCAR,High,High,342.24,4.22,37.73,32.05,65.85,56.99,0.81,0.09,7.94,0,-2.3,0,330.09,3.34,39.19,18.53,391.15,1389.55,8185.98,30.1299999999999,-14.9700000000012,No Change
Aug 2084,San_Juan,NCAR,High,High,589.01,5.97,62.35,28.62,60.03,22.83,0.81,0.09,13.66,0,-2.23,0,569.37,4.74,33.32,16.13,623.57,1359.94,8172.37,-29.6099999999999,-13.6099999999997,No Change
Sep 2084,San_Juan,NCAR,High,High,818.23,11.09,86.43,68.09,39.43,11.77,0.81,0.09,18.98,0,-2.21,0,788.17,3.99,18.72,11.59,822.47,1364.53,8166.94,4.58999999999992,-5.43000000000029,No Change
Oct 2084,San_Juan,NCAR,High,High,272.28,2.13,57.64,60.96,13.5,16.35,0.8,0.09,6.31,0,-2.24,0,263.83,3.91,9.52,5.95,283.22,1374.18,8171.4,9.65000000000009,4.46000000000004,No Change
Nov 2084,San_Juan,NCAR,High,High,15.06,0.01,36.98,37.78,6.47,10.76,0.81,0.09,0.35,0,0.08,0,14.7,3.42,5.52,0,23.64,1362.51,8168.81,-11.6700000000001,-2.58999999999924,No Change
Dec 2084,San_Juan,NCAR,High,High,111.2,0.07,41.95,95.25,6.47,61.72,0.81,0.09,2.58,0,-0.79,0,108.55,2.81,5.52,0,116.88,1353.41,8168.53,-9.09999999999991,-0.280000000000655,No Change
Jan 2085,San_Juan,NCAR,High,High,792.39,12.08,40.29,53.41,6.47,6.18,0.81,0.09,18.38,0,-2.18,0,761.93,0.84,5.52,0,768.3,1293.35,8169.6,-60.0600000000002,1.07000000000062,No Change
Feb 2085,San_Juan,NCAR,High,High,116.88,0.66,42.33,63.22,6.47,29.5,0.81,0.09,2.71,0,0.81,0,113.51,1.98,5.52,0,121.01,1288.82,8185.09,-4.52999999999997,15.4899999999998,No Change
Mar 2085,San_Juan,NCAR,High,High,1324.79,20.71,73.76,93.46,6.47,4.3,0.81,0.09,30.72,0,-2.13,0,1273.36,0.97,5.53,0,1279.86,1260.98,8187.9,-27.8399999999999,2.80999999999949,No Change
Apr 2085,San_Juan,NCAR,High,High,375.07,0.97,181.26,131.23,41.26,2.12,0.81,0.09,8.7,0,2.92,0,365.39,8.95,6.13,3.08,383.55,1258.34,8215.77,-2.6400000000001,27.8700000000008,No Change
May 2085,San_Juan,NCAR,High,High,894.22,1.51,284.68,190.27,92.48,9.71,0.81,0.09,20.74,0,-2.16,0,871.98,15.31,16.13,13.54,916.95,1292.07,8223.59,33.73,7.81999999999971,No Change
Jun 2085,San_Juan,NCAR,High,High,285.82,0.22,102.55,22.5,93.58,19.23,0.82,0.09,6.63,0,-1.17,0,278.97,7.08,28.14,17.9,332.09,1359.42,8227.92,67.3500000000001,4.32999999999993,No Change
Jul 2085,San_Juan,NCAR,High,High,804.85,12.72,43.97,36.72,57.72,39.47,0.82,0.09,18.67,0,-2.17,0,773.46,3.89,34.61,18.1,830.06,1406.36,8214.76,46.9399999999998,-13.1599999999999,No Change
Aug 2085,San_Juan,NCAR,High,High,384.27,4.68,38.45,28.34,55.23,41.19,0.82,0.09,8.91,0,-2.17,0,370.68,2.92,33.16,15.79,422.56,1390.73,8212.43,-15.6299999999999,-2.32999999999993,No Change
Sep 2085,San_Juan,NCAR,High,High,554.02,7.42,28.28,25.11,37.67,26.21,0.82,0.09,12.85,0,-2.17,0,533.75,1.31,23.21,12.59,570.85,1372.32,8202.65,-18.4100000000001,-9.78000000000065,No Change
Oct 2085,San_Juan,NCAR,High,High,9.82,0,32.7,18.93,15.74,5.14,0.81,0.09,0.23,0,-0.04,0,9.59,3.22,10.1,5.91,28.81,1361.3,8200.02,-11.02,-2.6299999999992,No Change
Nov 2085,San_Juan,NCAR,High,High,526.32,6.75,43.05,53.54,6.48,10.77,0.81,0.09,12.21,0,-2.17,0,507.37,2.72,5.53,0,515.62,1362.51,8193.58,1.21000000000004,-6.44000000000051,No Change
Dec 2085,San_Juan,NCAR,High,High,338.56,3.65,38.1,97.16,6.48,61.72,0.81,0.09,7.85,0,-2.11,0,327.06,1.95,5.54,0,334.54,1353.41,8202.91,-9.09999999999991,9.32999999999993,No Change
Jan 2086,San_Juan,NCAR,High,High,112.41,0.21,35.76,34.17,6.48,6.19,0.81,0.09,2.61,0,-0.15,0,109.59,1.65,5.54,0,116.78,1293.35,8207.93,-60.0600000000002,5.02000000000044,No Change
Feb 2086,San_Juan,NCAR,High,High,511.65,4.48,40.29,69.29,6.49,29.51,0.81,0.09,11.87,0,-2.06,0,495.31,0.56,5.54,0,501.4,1288.82,8209.67,-4.52999999999997,1.73999999999978,No Change
Mar 2086,San_Juan,NCAR,High,High,688.12,5.24,87.79,91.75,6.49,4.31,0.81,0.09,15.96,0,-2.06,0,666.92,1.16,5.54,0,673.62,1260.98,8218.75,-27.8399999999999,9.07999999999993,No Change
Apr 2086,San_Juan,NCAR,High,High,211.76,0.55,201.36,147.05,40.23,1.67,0.81,0.09,4.91,0,5.47,0,206.29,10.83,5.55,0.54,223.21,1258.34,8231.94,-2.6400000000001,13.1900000000005,No Change
May 2086,San_Juan,NCAR,High,High,42.59,0.04,319.91,200.25,101.99,13.85,0.82,0.09,0.99,0,9.09,0,41.56,22.46,21.51,14.06,99.59,1292.07,8241.05,33.73,9.10999999999876,No Change
Jun 2086,San_Juan,NCAR,High,High,64.38,0.05,119.08,21.98,104.12,18.04,0.82,0.09,1.49,0,1.65,0,62.84,9.42,26.48,17.01,115.75,1359.42,8236.36,67.3500000000001,-4.68999999999869,No Change
Jul 2086,San_Juan,NCAR,High,High,567.67,7.81,41.53,33.38,61.32,46.97,0.82,0.09,13.16,0,-2.07,0,546.69,3.68,36.65,18.11,605.14,1419.75,8221.76,60.3299999999999,-14.6000000000004,No Change
Aug 2086,San_Juan,NCAR,High,High,462.41,5.78,43.42,28.86,54.67,35.58,0.82,0.09,10.72,0,-2.05,0,445.9,3.3,32.86,15.82,497.89,1398.18,8214.01,-21.5699999999999,-7.75,No Change
Sep 2086,San_Juan,NCAR,High,High,1315.33,22.1,81.53,97.78,24.52,20.43,0.82,0.09,30.5,0,-2.01,0,1262.73,3.76,15.76,11.76,1294.01,1385.13,8206.14,-13.05,-7.8700000000008,No Change
Oct 2086,San_Juan,NCAR,High,High,434.77,6.61,51.45,61.63,9.76,14.75,0.82,0.09,10.08,0,-2.07,0,418.08,3.49,7.4,4.4,433.37,1374.18,8222.15,-10.95,16.0100000000002,No Change
Nov 2086,San_Juan,NCAR,High,High,795.88,13.82,48.07,65.19,6.5,10.78,0.82,0.09,18.46,0,-2.06,0,763.6,3.04,5.55,0,772.19,1362.51,8225.04,-11.6700000000001,2.89000000000124,No Change
Dec 2086,San_Juan,NCAR,High,High,860.98,14.17,44.04,113.29,6.5,61.73,0.82,0.09,19.97,0,-2.1,0,826.84,2.25,5.55,0,834.65,1353.41,8240.72,-9.09999999999991,15.6799999999985,No Change
Jan 2087,San_Juan,NCAR,High,High,299.76,0.58,38.52,40.15,6.5,6.2,0.82,0.09,6.95,0,-2.16,0,292.23,0.81,5.55,0,298.59,1293.35,8257.86,-60.0600000000002,17.1400000000012,No Change
Feb 2087,San_Juan,NCAR,High,High,67.06,0.38,39.12,59.48,6.5,29.52,0.82,0.09,1.56,0,1,0,65.13,2.03,5.55,0,72.71,1288.82,8261.93,-4.52999999999997,4.06999999999971,No Change
Mar 2087,San_Juan,NCAR,High,High,89.07,0.5,65.72,58.46,6.5,4.32,0.82,0.09,2.07,0,2.51,0,86.51,3.07,5.55,0,95.13,1260.98,8263.76,-27.8399999999999,1.82999999999993,No Change
Apr 2087,San_Juan,NCAR,High,High,486.58,1.26,121.29,81.41,40.27,1.69,0.82,0.09,11.28,0,-1.93,0,474.03,4.5,5.58,1.61,485.72,1258.34,8267.61,-2.6400000000001,3.85000000000036,No Change
May 2087,San_Juan,NCAR,High,High,212.86,0.21,515.65,379.39,100.42,13.15,0.82,0.09,4.94,0,13.89,0,207.72,35.3,20.64,13.73,277.39,1292.07,8274.64,33.73,7.02999999999884,No Change
Jun 2087,San_Juan,NCAR,High,High,87.79,0.07,311.88,188.84,116.87,23.39,0.83,0.09,2.04,0,5.79,0,85.69,23.84,33.89,18.43,161.85,1359.42,8279.01,67.3500000000001,4.3700000000008,No Change
Jul 2087,San_Juan,NCAR,High,High,1001.04,15.9,54.94,38.04,54.92,24.81,0.82,0.09,23.22,0,-2.18,0,961.93,4.86,33.05,17.99,1017.83,1419.75,8267.67,60.3299999999999,-11.3400000000001,No Change
Aug 2087,San_Juan,NCAR,High,High,1202.28,19.6,45.44,58,43.16,37.37,0.82,0.09,27.88,0,-2.21,0,1154.8,3.46,26.37,15.32,1199.94,1417.55,8269.99,-2.20000000000005,2.31999999999971,No Change
Sep 2087,San_Juan,NCAR,High,High,339.73,1.34,84.05,82.84,41.17,40.24,0.83,0.09,7.88,0,-2.25,0,330.51,3.88,25.18,12.98,372.54,1397.7,8279.62,-19.8499999999999,9.63000000000102,No Change
Oct 2087,San_Juan,NCAR,High,High,426.82,4.24,94.44,101.27,6.7,13.43,0.82,0.09,9.9,0,-2.26,0,412.68,6.41,5.67,1.55,426.3,1374.18,8271.53,-23.52,-8.09000000000015,No Change
Nov 2087,San_Juan,NCAR,High,High,480.06,5.95,52.3,61.49,6.52,10.79,0.82,0.09,11.13,0,-2.27,0,462.98,3.31,5.56,0,471.84,1362.51,8276.89,-11.6700000000001,5.35999999999876,No Change
Dec 2087,San_Juan,NCAR,High,High,384.24,5.25,39.12,99.87,6.52,61.74,0.82,0.09,8.91,0,-2.27,0,370.08,2,5.56,0,377.64,1353.41,8285.02,-9.09999999999991,8.13000000000102,No Change
Jan 2088,San_Juan,NCAR,High,High,153.76,0.29,35.89,35,6.52,6.21,0.82,0.09,3.57,0,-0.66,0,149.91,1.52,5.56,0,156.99,1293.35,8290.93,-60.0600000000002,5.90999999999985,No Change
Feb 2088,San_Juan,NCAR,High,High,254.02,1.43,36.73,61.41,6.52,29.53,0.82,0.09,5.89,0,-1.23,0,246.7,1,5.57,0,253.26,1288.82,8293.11,-4.52999999999997,2.18000000000029,No Change
Mar 2088,San_Juan,NCAR,High,High,137.06,0.77,51.21,46.57,6.52,4.33,0.82,0.09,3.18,0,1,0,133.11,2.2,5.57,0.13,141.02,1260.98,8297.04,-27.8399999999999,3.93000000000029,No Change
Apr 2088,San_Juan,NCAR,High,High,195.12,0.51,172.44,115.21,49.79,5.79,0.82,0.09,4.53,0,4.38,0,190.09,9.36,11,9.42,219.87,1258.34,8300.36,-2.6400000000001,3.31999999999971,No Change
May 2088,San_Juan,NCAR,High,High,316.41,0.31,474.91,342.84,103.23,14.38,0.83,0.09,7.34,0,11.51,0,308.76,32.02,22.23,15.08,378.09,1292.07,8299.12,33.73,-1.23999999999978,No Change
Jun 2088,San_Juan,NCAR,High,High,629.39,4.06,123.37,33.13,108.15,19.56,0.83,0.09,14.6,0,-2.25,0,610.73,7.95,29,17.65,665.33,1359.42,8302.15,67.3500000000001,3.02999999999884,No Change
Jul 2088,San_Juan,NCAR,High,High,457.36,5.2,39.69,32.65,65.02,54.03,0.83,0.09,10.61,0,-2.27,0,441.55,3.51,38.76,18.52,502.35,1419.75,8296.12,60.3299999999999,-6.02999999999884,No Change
Aug 2088,San_Juan,NCAR,High,High,1104.74,18.46,50.58,37.53,48.43,18.5,0.83,0.09,25.62,0,-2.26,0,1060.65,3.85,27.63,15.67,1107.8,1392.73,8285.19,-27.02,-10.9300000000003,No Change
Sep 2088,San_Juan,NCAR,High,High,974.16,13.71,79.75,94.86,31.18,33.95,0.83,0.09,22.59,0,-2.31,0,937.86,3.68,19.55,12.3,973.39,1395.77,8292.14,3.03999999999996,6.94999999999891,No Change
Oct 2088,San_Juan,NCAR,High,High,880.36,14.34,88.45,105.96,6.53,13.36,0.83,0.09,20.42,0,-2.34,0,845.61,6,5.58,1.85,859.03,1374.18,8299.39,-21.5899999999999,7.25,No Change
Nov 2088,San_Juan,NCAR,High,High,260.98,0.62,54.75,58.58,6.53,10.8,0.83,0.09,6.05,0,-2.39,0,254.3,3.46,5.58,0,263.34,1362.51,8314.88,-11.6700000000001,15.4899999999998,No Change
Dec 2088,San_Juan,NCAR,High,High,507.04,5.69,43.47,104.54,6.54,61.75,0.83,0.09,11.76,0,-2.39,0,489.59,2.22,5.58,0,497.39,1353.41,8317.81,-9.09999999999991,2.93000000000029,No Change
Jan 2089,San_Juan,NCAR,High,High,496.84,3.91,40.42,45.56,6.54,6.21,0.83,0.09,11.52,0,-2.4,0,481.41,0.85,5.58,0,487.83,1293.35,8326.44,-60.0600000000002,8.63000000000102,No Change
Feb 2089,San_Juan,NCAR,High,High,67.8,0.38,44.52,64.28,6.54,29.53,0.83,0.09,1.57,0,1.28,0,65.84,2.34,5.58,0,73.76,1288.82,8334.83,-4.52999999999997,8.38999999999942,No Change
Mar 2089,San_Juan,NCAR,High,High,682.35,3.81,87.53,89.78,6.54,4.34,0.83,0.09,15.82,0,-1.98,0,662.71,1.33,5.58,0,669.63,1260.98,8336.95,-27.8399999999999,2.1200000000008,No Change
Apr 2089,San_Juan,NCAR,High,High,184.97,0.48,198.48,142.92,40.81,1.93,0.83,0.09,4.29,0,6.04,0,180.2,11.12,5.89,1.78,198.99,1258.34,8350.06,-2.6400000000001,13.1099999999988,No Change
May 2089,San_Juan,NCAR,High,High,165.55,0.16,349.32,228.53,101.14,13.46,0.83,0.09,3.84,0,9.1,0,161.55,24.18,21.06,13.79,220.58,1292.07,8357.87,33.73,7.81000000000131,No Change
Jun 2089,San_Juan,NCAR,High,High,400.77,0.31,155.78,58.99,107.9,19.48,0.84,0.09,9.29,0,-1.67,0,391.16,10.35,28.83,17.02,447.37,1359.42,8356.28,67.3500000000001,-1.59000000000015,No Change
Jul 2089,San_Juan,NCAR,High,High,394.47,3.49,47.77,29.96,63.92,44.49,0.84,0.09,9.15,0,-2.35,0,381.82,4.23,38.13,18.07,442.26,1419.75,8346.14,60.3299999999999,-10.1400000000012,No Change
Aug 2089,San_Juan,NCAR,High,High,1060.41,16.5,46.31,38.94,45.17,22.49,0.84,0.09,24.59,0,-2.34,0,1019.32,3.52,27.51,15.34,1065.7,1401.79,8334.12,-17.96,-12.0199999999986,No Change
Sep 2089,San_Juan,NCAR,High,High,106.26,0.17,76.94,68.11,45.5,42.12,0.84,0.09,2.46,0,0.67,0,103.63,4.95,27.64,13.17,149.39,1397.7,8340.29,-4.08999999999992,6.17000000000007,No Change
Oct 2089,San_Juan,NCAR,High,High,467.33,6.26,54.75,64.84,9.35,14.57,0.83,0.09,10.84,0,-2.31,0,450.23,3.71,7.18,4.1,465.23,1374.18,8329.51,-23.52,-10.7800000000007,No Change
Nov 2089,San_Juan,NCAR,High,High,552.46,6.5,49.3,59.29,6.55,10.81,0.83,0.09,12.81,0,-2.35,0,533.14,3.12,5.59,0,541.85,1362.51,8333.19,-11.6700000000001,3.68000000000029,No Change
Dec 2089,San_Juan,NCAR,High,High,84.46,0.05,41.76,94.64,6.55,61.76,0.83,0.09,1.96,0,-0.59,0,82.45,2.96,5.59,0,91,1353.41,8342.92,-9.09999999999991,9.72999999999956,No Change
Jan 2090,San_Juan,NCAR,High,High,151.31,0.28,40.84,39.32,6.55,6.22,0.83,0.09,3.51,0,-0.33,0,147.51,1.8,5.59,0,154.91,1293.35,8343.55,-60.0600000000002,0.6299999999992,No Change
Feb 2090,San_Juan,NCAR,High,High,310.93,1.75,53.54,77.76,6.56,29.54,0.83,0.09,7.21,0,-0.9,0,301.96,1.42,5.59,0,308.98,1288.82,8345.99,-4.52999999999997,2.44000000000051,No Change
Mar 2090,San_Juan,NCAR,High,High,505.09,2.82,87.16,86.26,6.56,4.35,0.83,0.09,11.71,0,-0.5,0,490.56,2.01,5.6,0,498.16,1260.98,8351.56,-27.8399999999999,5.56999999999971,No Change
Apr 2090,San_Juan,NCAR,High,High,234.26,0.61,203.99,148.18,41.04,2.03,0.84,0.09,5.43,0,6.07,0,228.22,11.34,6.02,2.17,247.75,1258.34,8362.03,-2.6400000000001,10.4700000000012,No Change
May 2090,San_Juan,NCAR,High,High,766.35,0.76,403.72,294.72,92.25,9.61,0.84,0.09,17.77,0,2.92,0,747.82,24.2,16.03,12.88,800.92,1292.07,8370.62,33.73,8.59000000000015,No Change
Jun 2090,San_Juan,NCAR,High,High,413.98,0.32,205.09,105.64,105.73,18.55,0.84,0.09,9.6,0,-1.17,0,404.06,13.76,27.59,16.63,462.05,1359.42,8377.7,67.3500000000001,7.07999999999993,No Change
Jul 2090,San_Juan,NCAR,High,High,638.36,8.71,43.12,32.9,57.68,40.23,0.84,0.09,14.8,0,-2.34,0,614.85,3.82,34.6,17.52,670.78,1419.75,8368.75,60.3299999999999,-8.95000000000073,No Change
Aug 2090,San_Juan,NCAR,High,High,682.93,6.97,36.98,31.1,55.15,42.78,0.84,0.09,15.84,0,-2.34,0,660.13,2.81,33.2,16.13,712.26,1403.35,8362.95,-16.4000000000001,-5.79999999999927,No Change
Sep 2090,San_Juan,NCAR,High,High,970.02,16.77,28.6,36.93,30.72,21.29,0.84,0.09,22.5,0,-2.32,0,930.76,1.32,19.28,12.18,963.54,1383.28,8359.57,-20.0699999999999,-3.38000000000102,No Change
Oct 2090,San_Juan,NCAR,High,High,808.68,15.5,29.33,51.41,7.62,13.83,0.84,0.09,18.75,0,-2.35,0,774.42,1.99,6.2,3.95,786.56,1374.18,8366.82,-9.09999999999991,7.25,No Change
Nov 2090,San_Juan,NCAR,High,High,319.81,3.15,31.29,39.14,6.57,10.82,0.84,0.09,7.42,0,-2.42,0,309.24,1.98,5.61,0,316.82,1362.51,8378.53,-11.6700000000001,11.7100000000009,No Change
Dec 2090,San_Juan,NCAR,High,High,212.87,0.83,30.32,87.24,6.57,61.77,0.84,0.09,4.94,0,-2.44,0,207.11,1.55,5.61,0,214.26,1353.41,8382.78,-9.09999999999991,4.25,No Change
Jan 2091,San_Juan,NCAR,High,High,551.44,5.64,30.12,37.18,6.57,6.23,0.84,0.09,12.79,0,-2.4,0,533.02,0.63,5.61,0,539.25,1293.35,8384.53,-60.0600000000002,1.75,No Change
Feb 2091,San_Juan,NCAR,High,High,171.38,0.97,31.04,53.86,6.57,29.55,0.84,0.09,3.97,0,-0.3,0,166.44,1.43,5.61,0,173.48,1288.82,8394.17,-4.52999999999997,9.63999999999942,No Change
Mar 2091,San_Juan,NCAR,High,High,431.07,3.44,36.19,39.34,6.57,4.36,0.84,0.09,10,0,-2.41,0,417.63,0.48,5.61,0,423.71,1260.98,8397.1,-27.8399999999999,2.93000000000029,No Change
Apr 2091,San_Juan,NCAR,High,High,189.24,0.49,62.84,20.78,41.72,2.32,0.84,0.09,4.39,0,-0.18,0,184.36,3.33,6.42,2.99,197.09,1258.34,8403.95,-2.6400000000001,6.85000000000036,No Change
May 2091,San_Juan,NCAR,High,High,39.2,0.04,373.64,248.06,102.57,14.12,0.85,0.09,0.91,0,10.83,0,38.25,26.34,21.85,14.3,100.74,1292.07,8404.42,33.73,0.469999999999345,No Change
Jun 2091,San_Juan,NCAR,High,High,291.03,0.22,383.86,256.01,117.34,23.56,0.85,0.09,6.75,0,5.73,0,284.06,28.56,34.2,18.94,365.76,1359.42,8401.11,67.3500000000001,-3.30999999999949,No Change
Jul 2091,San_Juan,NCAR,High,High,1344.63,25.2,90.47,73.54,56.86,20.33,0.85,0.09,31.18,0,-2.41,0,1288.24,8.01,29.99,18.3,1344.54,1419.75,8393.9,60.3299999999999,-7.21000000000095,No Change
Aug 2091,San_Juan,NCAR,High,High,1368.22,21.54,58.19,82.32,41.67,46.23,0.85,0.09,31.73,0,-2.47,0,1314.94,4.43,25.55,15.34,1360.26,1427.05,8403.62,7.29999999999995,9.72000000000116,No Change
Sep 2091,San_Juan,NCAR,High,High,288.36,1.29,69.16,68.27,42.19,40.7,0.85,0.09,6.69,0,-2.51,0,280.38,3.19,25.77,13.09,322.43,1397.7,8416.79,-29.3499999999999,13.1700000000001,No Change
Oct 2091,San_Juan,NCAR,High,High,418.65,4.66,63.71,70.81,11.07,15.32,0.84,0.09,9.71,0,-2.51,0,404.28,4.32,8.17,5.02,421.79,1374.18,8407.12,-23.52,-9.67000000000007,No Change
Nov 2091,San_Juan,NCAR,High,High,249.1,0.61,66.9,70.05,6.59,10.83,0.84,0.09,5.78,0,-2.53,0,242.71,4.23,5.62,0,252.56,1362.51,8408.55,-11.6700000000001,1.42999999999847,No Change
Dec 2091,San_Juan,NCAR,High,High,989.19,15.01,66.9,136.19,6.59,61.78,0.84,0.09,22.94,0,-2.51,0,951.24,3.42,5.62,0,960.28,1353.41,8411.05,-9.09999999999991,2.5,No Change
Jan 2092,San_Juan,NCAR,High,High,763.11,8.98,49.24,59.4,6.59,6.24,0.85,0.09,17.7,0,-2.56,0,736.43,1.03,5.62,0,743.09,1293.35,8430.72,-60.0600000000002,19.6700000000001,No Change
Feb 2092,San_Juan,NCAR,High,High,325.16,1.83,54.88,79.05,6.59,29.56,0.85,0.09,7.54,0,-0.92,0,315.79,1.55,5.62,0,322.96,1288.82,8445.11,-4.52999999999997,14.3900000000012,No Change
Mar 2092,San_Juan,NCAR,High,High,74.13,0.41,90.17,80.08,6.59,4.36,0.85,0.09,1.72,0,3.99,0,72,4.28,5.62,0.07,81.97,1260.98,8450.98,-27.8399999999999,5.86999999999898,No Change
Apr 2092,San_Juan,NCAR,High,High,135.69,0.35,207.55,143.3,52.51,6.97,0.85,0.09,3.15,0,7.03,0,132.19,12.03,12.57,10.48,167.26,1258.34,8455.86,-2.6400000000001,4.88000000000102,No Change
May 2092,San_Juan,NCAR,High,High,239.91,0.24,168.83,68.8,99.91,12.94,0.85,0.09,5.56,0,2.04,0,234.11,11.26,20.37,13.7,279.45,1292.07,8454.8,33.73,-1.06000000000131,No Change
Jun 2092,San_Juan,NCAR,High,High,123.22,0.09,80,23.64,72.4,21.43,0.86,0.09,2.86,0,-0.61,0,120.27,6.09,31.07,18.58,176,1359.42,8447.95,67.3500000000001,-6.84999999999854,No Change
Jul 2092,San_Juan,NCAR,High,High,735.06,13.34,41.53,38.54,59.43,44.19,0.86,0.09,17.05,0,-2.59,0,704.68,3.68,35.59,18.57,762.51,1380.09,8430.85,20.6699999999998,-17.1000000000004,No Change
Aug 2092,San_Juan,NCAR,High,High,697.63,8.7,59.95,32.37,57.71,23.38,0.85,0.09,16.18,0,-2.61,0,672.75,4.56,34.05,16.75,728.11,1360.5,8425.98,-19.5899999999999,-4.8700000000008,No Change
Sep 2092,San_Juan,NCAR,High,High,289.56,0.46,68.66,30.44,54.49,17.02,0.86,0.09,6.72,0,-2.17,0,282.38,3.38,25.6,12.86,324.22,1361.55,8422.03,1.04999999999995,-3.94999999999891,No Change
Oct 2092,San_Juan,NCAR,High,High,278.02,0.54,120.17,117.32,14.78,16.93,0.85,0.09,6.45,0,-2.61,0,271.03,8.15,10.28,6.67,296.13,1374.18,8412.96,12.6300000000001,-9.07000000000153,No Change
Nov 2092,San_Juan,NCAR,High,High,345.93,1.64,80.62,83.98,6.6,10.83,0.85,0.09,8.02,0,-2.59,0,336.27,5.09,5.63,0,347,1362.51,8409.37,-11.6700000000001,-3.58999999999833,No Change
Dec 2092,San_Juan,NCAR,High,High,529.24,6.55,54.09,115.65,6.61,61.79,0.85,0.09,12.27,0,-2.6,0,510.42,2.77,5.64,0,518.82,1353.41,8414.04,-9.09999999999991,4.67000000000007,No Change
Jan 2093,San_Juan,NCAR,High,High,149.27,0.28,44.4,42.51,6.61,6.25,0.85,0.09,3.46,0,-0.24,0,145.52,2.06,5.64,0,153.22,1293.35,8422.96,-60.0600000000002,8.91999999999825,No Change
Feb 2093,San_Juan,NCAR,High,High,167.08,0.94,53.54,74.22,6.61,29.57,0.85,0.09,3.87,0,0.87,0,162.26,2.36,5.64,0,170.26,1288.82,8425.42,-4.52999999999997,2.46000000000095,No Change
Mar 2093,San_Juan,NCAR,High,High,242.33,1.35,86.86,80.8,6.61,4.37,0.85,0.09,5.62,0,1.92,0,235.35,3.25,5.64,0,244.25,1260.98,8429.4,-27.8399999999999,3.97999999999956,No Change
Apr 2093,San_Juan,NCAR,High,High,188.36,0.49,185.19,131.59,40.75,1.91,0.85,0.09,4.37,0,4.99,0,183.51,10.25,5.87,1.64,201.27,1258.34,8436.18,-2.6400000000001,6.78000000000065,No Change
May 2093,San_Juan,NCAR,High,High,17.94,0.02,196.83,89.94,100.41,13.16,0.86,0.09,0.42,0,5.36,0,17.5,14.31,20.65,13.43,65.9,1292.07,8443.14,33.73,6.95999999999913,No Change
Jun 2093,San_Juan,NCAR,High,High,282.87,0.22,130.43,29.96,113.75,22.01,0.86,0.09,6.56,0,-0.43,0,276.1,9.38,32.17,18,335.65,1359.42,8434.72,67.3500000000001,-8.42000000000007,No Change
Jul 2093,San_Juan,NCAR,High,High,854.2,12.02,39.44,36.77,57.71,43.99,0.86,0.09,19.81,0,-2.52,0,822.37,3.49,34.66,18.02,878.53,1419.75,8422.08,60.3299999999999,-12.6399999999994,No Change
Aug 2093,San_Juan,NCAR,High,High,1099.07,17.15,37.66,37.21,45.28,28.02,0.86,0.09,25.49,0,-2.52,0,1056.44,2.86,27.59,15.43,1102.33,1399.58,8420.59,-20.1700000000001,-1.48999999999978,No Change
Sep 2093,San_Juan,NCAR,High,High,91.73,0.15,39.57,27.98,42.17,32.99,0.86,0.09,2.13,0,-0.32,0,89.46,2.87,25.78,12.39,130.49,1390.01,8427.36,-9.56999999999994,6.77000000000044,No Change
Oct 2093,San_Juan,NCAR,High,High,1005.49,18.11,33.5,58.61,6.62,13.41,0.86,0.09,23.32,0,-2.49,0,964.06,2.27,5.65,2.33,974.3,1374.18,8416.02,-15.8299999999999,-11.3400000000001,No Change
Nov 2093,San_Juan,NCAR,High,High,536.86,6.64,37.23,48.28,6.62,10.84,0.86,0.09,12.45,0,-2.55,0,517.77,2.35,5.65,0,525.77,1362.51,8433.76,-11.6700000000001,17.7399999999998,No Change
Dec 2093,San_Juan,NCAR,High,High,123.29,0.07,36.51,90.43,6.62,61.8,0.86,0.09,2.86,0,-1.19,0,120.36,2.51,5.65,0,128.52,1353.41,8442.9,-9.09999999999991,9.13999999999942,No Change
Jan 2094,San_Juan,NCAR,High,High,306.09,0.58,34.67,35.96,6.63,6.26,0.86,0.09,7.1,0,-2.04,0,298.42,0.96,5.65,0,305.02,1293.35,8443.8,-60.0600000000002,0.899999999999636,No Change
Feb 2094,San_Juan,NCAR,High,High,99.79,0.56,36.43,57.62,6.63,29.58,0.86,0.09,2.31,0,0.44,0,96.91,1.89,5.65,0,104.46,1288.82,8448.1,-4.52999999999997,4.30000000000109,No Change
Mar 2094,San_Juan,NCAR,High,High,373,2.08,79.08,77.29,6.63,4.38,0.86,0.09,8.65,0,-0.41,0,362.27,2.03,5.65,0,369.95,1260.98,8450.08,-27.8399999999999,1.97999999999956,No Change
Apr 2094,San_Juan,NCAR,High,High,166.03,0.43,164.54,111.73,41.06,2.04,0.86,0.09,3.85,0,4.82,0,161.75,9.4,6.05,1.97,179.17,1258.34,8457.56,-2.6400000000001,7.47999999999956,No Change
May 2094,San_Juan,NCAR,High,High,64.53,0.06,461.43,326.57,103.66,14.58,0.86,0.09,1.5,0,13.49,0,62.97,32.36,22.49,14.57,132.38,1292.07,8463.49,33.73,5.93000000000029,No Change
Jun 2094,San_Juan,NCAR,High,High,218.66,0.17,289.7,175.94,109.47,20.19,0.87,0.09,5.07,0,3.26,0,213.42,21.38,29.72,16.99,281.51,1359.42,8463.14,67.3500000000001,-0.350000000000364,No Change
Jul 2094,San_Juan,NCAR,High,High,1171.07,18.96,64.26,42.75,58.16,20.86,0.86,0.09,27.16,0,-2.52,0,1124.95,5.69,30.76,17.6,1179,1419.75,8453.71,60.3299999999999,-9.43000000000029,No Change
Aug 2094,San_Juan,NCAR,High,High,1180.63,17.95,49.86,68.76,45.9,48.07,0.86,0.09,27.38,0,-2.57,0,1135.3,3.79,27.95,15.73,1182.78,1427.05,8459.98,7.29999999999995,6.27000000000044,No Change
Sep 2094,San_Juan,NCAR,High,High,509.21,6.3,38.15,46.37,37.66,38.72,0.87,0.09,11.81,0,-2.62,0,491.11,1.76,23.23,12.5,528.6,1397.7,8468.29,-29.3499999999999,8.31000000000131,No Change
Oct 2094,San_Juan,NCAR,High,High,130.53,0.05,31.16,35.14,10.22,14.96,0.86,0.09,3.03,0,-1.71,0,127.45,2.53,7.7,3.61,141.3,1374.18,8464.21,-23.52,-4.08000000000175,No Change
Nov 2094,San_Juan,NCAR,High,High,525.79,6.75,50.46,60.83,6.64,10.85,0.86,0.09,12.19,0,-2.59,0,506.84,3.19,5.66,0,515.69,1362.51,8461.14,-11.6700000000001,-3.06999999999971,No Change
Dec 2094,San_Juan,NCAR,High,High,1110.43,20.95,42.37,118.95,6.64,61.81,0.86,0.09,25.75,0,-2.62,0,1063.72,2.17,5.66,0,1071.56,1353.41,8469.97,-9.09999999999991,8.82999999999993,No Change
Jan 2095,San_Juan,NCAR,High,High,389.3,2.03,38.15,41.73,6.64,6.27,0.86,0.09,9.03,0,-2.71,0,378.24,0.8,5.67,0,384.7,1293.35,8492.33,-60.0600000000002,22.3600000000006,No Change
Feb 2095,San_Juan,NCAR,High,High,783.75,10.17,42.33,77.53,6.64,29.59,0.86,0.09,18.18,0,-2.68,0,755.4,0.59,5.67,0,761.66,1288.82,8497.88,-4.52999999999997,5.54999999999927,No Change
Mar 2095,San_Juan,NCAR,High,High,558.4,3.12,70.38,72.68,6.65,4.39,0.86,0.09,12.95,0,-2.48,0,542.33,1.04,5.67,0,549.04,1260.98,8512.61,-27.8399999999999,14.7300000000014,No Change
Apr 2095,San_Juan,NCAR,High,High,460.72,1.2,214.84,163.84,40.38,1.75,0.86,0.09,10.68,0,3.09,0,448.84,10.48,5.67,0.81,465.8,1258.34,8522.31,-2.6400000000001,9.69999999999891,No Change
May 2095,San_Juan,NCAR,High,High,720.3,0.71,580.71,453.81,91.46,9.28,0.87,0.09,16.7,0,8.79,0,702.88,36.63,15.61,12.45,767.57,1292.07,8534.5,33.73,12.1900000000005,No Change
Jun 2095,San_Juan,NCAR,High,High,226.12,0.17,358.14,235.86,111.33,20.98,0.87,0.09,5.24,0,5.3,0,220.7,26.81,30.79,17.38,295.69,1359.42,8546.78,67.3500000000001,12.2800000000007,No Change
Jul 2095,San_Juan,NCAR,High,High,714.5,9.7,140.29,98.34,66.26,24.39,0.87,0.09,16.57,0,-2.65,0,688.23,12.42,35.35,18.12,754.13,1419.75,8539.16,60.3299999999999,-7.6200000000008,No Change
Aug 2095,San_Juan,NCAR,High,High,420.81,4.69,62.66,60.14,58.76,53.68,0.87,0.09,9.76,0,-2.64,0,406.36,4.77,35.22,16.6,462.94,1427.05,8534.18,7.29999999999995,-4.97999999999956,No Change
Sep 2095,San_Juan,NCAR,High,High,65.81,0.1,59.72,52.87,43.07,41.08,0.87,0.09,1.53,0,0.65,0,64.18,4.3,26.3,12.57,107.35,1397.7,8523.92,-29.3499999999999,-10.2600000000002,No Change
Oct 2095,San_Juan,NCAR,High,High,203.15,0.08,63.46,66.37,9.44,14.62,0.87,0.09,4.71,0,-2.15,0,198.35,4.52,7.26,3.3,213.43,1374.18,8512.74,-23.52,-11.1800000000003,No Change
Nov 2095,San_Juan,NCAR,High,High,903.71,14.85,42.87,61.83,6.66,10.86,0.87,0.09,20.96,0,-2.61,0,867.9,2.71,5.68,0,876.29,1362.51,8511.23,-11.6700000000001,-1.51000000000022,No Change
Dec 2095,San_Juan,NCAR,High,High,89.64,0.05,37.36,90.72,6.66,61.81,0.87,0.09,2.08,0,-0.89,0,87.51,2.74,5.68,0,95.92,1353.41,8528.79,-9.09999999999991,17.5600000000013,No Change
Jan 2096,San_Juan,NCAR,High,High,207.96,0.39,36.51,36.19,6.66,6.28,0.87,0.09,4.82,0,-1.14,0,202.75,1.46,5.68,0,209.89,1293.35,8529.21,-60.0600000000002,0.419999999998254,No Change
Feb 2096,San_Juan,NCAR,High,High,415.32,2.34,38.27,65.27,6.66,29.6,0.87,0.09,9.63,0,-2.37,0,403.34,0.65,5.68,0,409.68,1288.82,8532.12,-4.52999999999997,2.91000000000167,No Change
Mar 2096,San_Juan,NCAR,High,High,360.6,2.01,50.21,49.95,6.66,4.4,0.87,0.09,8.36,0,-1.28,0,350.22,1.29,5.68,0,357.2,1260.98,8538.6,-27.8399999999999,6.47999999999956,No Change
Apr 2096,San_Juan,NCAR,High,High,468.92,1.22,158.72,113.66,40.5,1.8,0.87,0.09,10.87,0,0.42,0,456.83,7.16,5.74,1.62,471.36,1258.34,8544.91,-2.6400000000001,6.30999999999949,No Change
May 2096,San_Juan,NCAR,High,High,463.72,0.46,327.94,220.42,93.46,10.14,0.87,0.09,10.75,0,3.93,0,452.51,20.72,16.75,12.23,502.2,1292.07,8553.8,33.73,8.88999999999942,No Change
Jun 2096,San_Juan,NCAR,High,High,120.68,0.09,100.89,22.12,89.52,18.97,0.88,0.09,2.8,0,0.39,0,117.79,7.91,27.67,17.87,171.24,1359.42,8555.48,67.3500000000001,1.68000000000029,No Change
Jul 2096,San_Juan,NCAR,High,High,528.5,5.72,42.01,31.71,61.16,46.26,0.88,0.09,12.26,0,-2.61,0,510.52,3.72,36.6,17.84,568.68,1403.09,8540.02,43.6699999999998,-15.4599999999991,No Change
Aug 2096,San_Juan,NCAR,High,High,1170.45,19.14,40.05,37.71,41.88,20.84,0.88,0.09,27.14,0,-2.6,0,1124.17,3.05,25.68,14.99,1167.88,1382.18,8531.04,-20.9099999999999,-8.97999999999956,No Change
Sep 2096,San_Juan,NCAR,High,High,1517.92,29.77,41.53,64.61,18.42,11,0.88,0.09,35.2,0,-2.66,0,1452.95,1.92,12.34,10.9,1478.11,1378.32,8539.81,-3.86000000000013,8.76999999999862,No Change
Oct 2096,San_Juan,NCAR,High,High,518.06,8.16,39.81,54.32,7.38,13.74,0.87,0.09,12.01,0,-2.69,0,497.88,2.7,6.1,2.64,509.31,1374.18,8560.68,-4.13999999999987,20.8700000000008,No Change
Nov 2096,San_Juan,NCAR,High,High,1121.71,19.65,34.22,58.6,6.68,10.87,0.87,0.09,26.01,0,-2.69,0,1076.05,2.16,5.69,0,1083.91,1362.51,8566.59,-11.6700000000001,5.90999999999985,No Change
Dec 2096,San_Juan,NCAR,High,High,441.63,4.84,34.1,95.06,6.68,61.82,0.87,0.09,10.24,0,-2.72,0,426.55,1.74,5.69,0,433.98,1353.41,8589.13,-9.09999999999991,22.5399999999991,No Change
Jan 2097,San_Juan,NCAR,High,High,694.96,7.49,33.25,42.34,6.68,6.29,0.87,0.09,16.12,0,-2.69,0,671.35,0.7,5.7,0,677.75,1293.35,8595.87,-60.0600000000002,6.7400000000016,No Change
Feb 2097,San_Juan,NCAR,High,High,401.06,2.49,36.19,63.82,6.68,29.61,0.88,0.09,9.3,0,-2.71,0,389.26,0.5,5.7,0,395.46,1288.82,8608.52,-4.52999999999997,12.6499999999996,No Change
Mar 2097,San_Juan,NCAR,High,High,623.87,4.99,73.51,77.99,6.68,4.41,0.88,0.09,14.47,0,-2.72,0,604.41,0.97,5.7,0,611.07,1260.98,8614.32,-27.8399999999999,5.79999999999927,No Change
Apr 2097,San_Juan,NCAR,High,High,786.16,2.53,152.9,113.99,40.41,1.77,0.88,0.09,18.23,0,-2.74,0,765.4,5.53,5.7,0.09,776.72,1258.34,8625.29,-2.6400000000001,10.9700000000012,No Change
May 2097,San_Juan,NCAR,High,High,353.14,0.35,272.49,168.24,94.77,10.71,0.88,0.09,8.19,0,3.11,0,344.6,17.42,17.5,12.36,391.87,1292.07,8639.9,33.73,14.6099999999988,No Change
Jun 2097,San_Juan,NCAR,High,High,294.78,0.23,114.8,22.31,105.5,18.51,0.89,0.09,6.84,0,-2.02,0,287.72,7.74,27.46,16.51,339.42,1359.42,8638.06,67.3500000000001,-1.84000000000015,No Change
Jul 2097,San_Juan,NCAR,High,High,566.29,7.07,45.19,32.22,59.35,40.57,0.89,0.09,13.13,0,-2.75,0,546.09,4,35.58,17.67,603.34,1419.75,8625.58,60.3299999999999,-12.4799999999996,No Change
Aug 2097,San_Juan,NCAR,High,High,675.72,8.62,53.09,35.43,52.72,27.74,0.88,0.09,15.67,0,-2.72,0,651.42,4.04,31.82,15.9,703.18,1403.75,8617.5,-16,-8.07999999999993,No Change
Sep 2097,San_Juan,NCAR,High,High,38.59,0.06,91.38,81.7,41.92,40.59,0.89,0.09,0.9,0,1.99,0,37.64,6.42,25.65,12.29,81.99,1397.7,8613.76,-6.04999999999995,-3.73999999999978,No Change
Oct 2097,San_Juan,NCAR,High,High,338.32,2.81,72.21,79.18,7.33,13.72,0.88,0.09,7.85,0,-2.67,0,327.66,4.9,6.07,1.96,340.59,1374.18,8603.57,-23.52,-10.1900000000005,No Change
Nov 2097,San_Juan,NCAR,High,High,505.55,6.71,41.53,52.47,6.7,10.88,0.88,0.09,11.72,0,-2.67,0,487.11,2.62,5.71,0,495.45,1362.51,8606,-11.6700000000001,2.43000000000029,No Change
Dec 2097,San_Juan,NCAR,High,High,121.35,0.07,35.09,89.13,6.7,61.83,0.88,0.09,2.81,0,-1.28,0,118.47,2.45,5.71,0,126.63,1353.41,8614.27,-9.09999999999991,8.27000000000044,No Change
Jan 2098,San_Juan,NCAR,High,High,37.89,0.07,34.17,30.9,6.7,6.3,0.88,0.09,0.88,0,0.67,0,36.94,2.28,5.71,0,44.93,1293.35,8615.01,-60.0600000000002,0.739999999999782,No Change
Feb 2098,San_Juan,NCAR,High,High,160.6,0.91,41.09,62.97,6.7,29.62,0.88,0.09,3.72,0,0.09,0,155.97,1.86,5.71,0,163.54,1288.82,8615.78,-4.52999999999997,0.770000000000437,No Change
Mar 2098,San_Juan,NCAR,High,High,570.56,4,75.52,78.89,6.7,4.42,0.88,0.09,13.23,0,-2.64,0,553.33,0.99,5.71,0,560.04,1260.98,8618.8,-27.8399999999999,3.01999999999862,No Change
Apr 2098,San_Juan,NCAR,High,High,186.53,0.48,217.17,159.8,41.85,2.39,0.88,0.09,4.33,0,6.31,0,181.72,12.07,6.53,3.06,203.38,1258.34,8628.6,-2.6400000000001,9.80000000000109,No Change
May 2098,San_Juan,NCAR,High,High,513.39,0.51,465.29,344.1,95.02,10.82,0.88,0.09,11.91,0,7.63,0,500.97,29.87,17.63,13.03,561.51,1292.07,8635.39,33.73,6.78999999999905,No Change
Jun 2098,San_Juan,NCAR,High,High,296.06,0.23,352.08,231.76,109.57,20.21,0.89,0.09,6.87,0,4.93,0,288.97,26.25,29.83,16.99,362.03,1359.42,8641.11,67.3500000000001,5.72000000000116,No Change
Jul 2098,San_Juan,NCAR,High,High,492.82,3.98,100.39,55.19,68.12,25.19,0.89,0.09,11.43,0,-2.63,0,477.41,8.89,36.42,17.63,540.35,1419.75,8635.12,60.3299999999999,-5.98999999999978,No Change
Aug 2098,San_Juan,NCAR,High,High,987.35,14.77,51.7,64.92,50.21,49.96,0.89,0.09,22.9,0,-2.63,0,949.68,3.93,30.4,16.2,1000.2,1427.05,8625.49,7.29999999999995,-9.63000000000102,No Change
Sep 2098,San_Juan,NCAR,High,High,259.59,0.41,35.76,35.26,41.07,40.19,0.89,0.09,6.02,0,-1.94,0,253.16,1.97,25.19,12.37,292.69,1397.7,8628.76,-29.3499999999999,3.27000000000044,No Change
Oct 2098,San_Juan,NCAR,High,High,504.6,8.04,27.93,43.21,7.01,13.58,0.89,0.09,11.7,0,-2.57,0,484.86,1.89,5.89,1.97,494.61,1374.18,8619.68,-23.52,-9.07999999999993,No Change
Nov 2098,San_Juan,NCAR,High,High,264.5,2.13,31.59,38.44,6.71,10.89,0.89,0.09,6.13,0,-2.55,0,256.24,2,5.72,0,263.96,1362.51,8626.05,-11.6700000000001,6.36999999999898,No Change
Dec 2098,San_Juan,NCAR,High,High,262.06,2.21,34.79,92.9,6.72,61.84,0.89,0.09,6.08,0,-2.55,0,253.77,1.78,5.73,0,261.27,1353.41,8628.84,-9.09999999999991,2.79000000000087,No Change
Jan 2099,San_Juan,NCAR,High,High,865.25,13.8,33.63,48.85,6.72,6.31,0.89,0.09,20.07,0,-2.54,0,831.39,0.7,5.73,0,837.82,1293.35,8631.58,-60.0600000000002,2.73999999999978,No Change
Feb 2099,San_Juan,NCAR,High,High,469.04,3.34,36.68,65,6.72,29.63,0.89,0.09,10.88,0,-2.58,0,454.82,0.51,5.73,0,461.06,1288.82,8648.31,-4.52999999999997,16.7299999999996,No Change
Mar 2099,San_Juan,NCAR,High,High,70.57,0.39,79.02,70.11,6.72,4.43,0.89,0.09,1.64,0,3.24,0,68.54,3.78,5.73,0,78.05,1260.98,8655.82,-27.8399999999999,7.51000000000022,No Change
Apr 2099,San_Juan,NCAR,High,High,737.94,1.92,171.95,131.26,40.45,1.79,0.89,0.09,17.11,0,-2.38,0,718.91,6.31,5.73,0.59,731.54,1258.34,8659.89,-2.6400000000001,4.06999999999971,No Change
May 2099,San_Juan,NCAR,High,High,265.92,0.26,486.05,356.8,97.76,12.01,0.89,0.09,6.17,0,11.15,0,259.49,32.61,19.2,13.13,324.42,1292.07,8673.25,33.73,13.3600000000006,No Change
Jun 2099,San_Juan,NCAR,High,High,279.71,0.21,362.73,241.23,110.12,20.46,0.9,0.09,6.49,0,5.08,0,273.01,26.98,30.14,17.14,347.27,1359.42,8676.64,67.3500000000001,3.38999999999942,No Change
Jul 2099,San_Juan,NCAR,High,High,920.91,13.75,70.12,39.47,64.31,23.54,0.9,0.09,21.36,0,-2.58,0,885.81,6.21,34.27,18.15,944.44,1419.75,8670.26,60.3299999999999,-6.3799999999992,No Change
Aug 2099,San_Juan,NCAR,High,High,1080.76,16.29,37.85,55.82,46.32,48.26,0.9,0.09,25.06,0,-2.62,0,1039.41,2.88,28.21,15.54,1086.04,1427.05,8670.08,7.29999999999995,-0.180000000000291,No Change
Sep 2099,San_Juan,NCAR,High,High,242.61,0.38,33.31,33.28,41.68,40.48,0.9,0.09,5.63,0,-2.42,0,236.6,1.63,25.52,12.55,276.31,1397.7,8676.18,-29.3499999999999,6.10000000000036,No Change
Oct 2099,San_Juan,NCAR,High,High,1424.75,28.43,0,37.8,6.73,13.46,0.89,0.09,33.04,0,-2.63,0,1363.28,0,5.74,2.14,1371.16,1374.18,8666.03,-23.52,-10.1499999999996,No Change
Nov 2099,San_Juan,NCAR,High,High,1198.4,21.14,0,28.13,6.73,11.01,0.89,0.09,27.79,0,-2.72,0,1149.47,0,5.74,0,1155.21,1362.51,8693.49,-11.6700000000001,27.4599999999991,No Change
Dec 2099,San_Juan,NCAR,High,High,108.25,0.06,0,57.32,6.73,61.75,0.89,0.09,2.51,0,-2.41,0,105.68,0.17,5.74,0,111.59,1353.3,8717.77,-9.21000000000004,24.2800000000007,No Change
