Date,WPR,Climate_Model,Population_Growth_Rate,Efficiency,Precipitation,Runoff,SW_In,SW_Out,SW_Diversions,SW_Returns,GW_Diversions,GW_Returns,Recharge,GW_In,SW_to_GW,GW_Out,ET_Land_Surface,ET_SW,ET_Human_Use,ET_GW,ET_Total,Cumulative_Storage_Change_Human_Use,Cumulative_Storage_Change_GW,Monthly_Storage_Change_Human_Use,Monthly_Storage_Change_GW,Ag_Land
Jan 2016,Socorro-Sierra,NCAR,Low,No Change,12,0.11,23.31,7.29,13.15,0.24,0.78,-1.3,0.32,0,-0.34,0,11.58,3.58,3.99,0,19.14,360.87,-255.07,0,0,No Change
Feb 2016,Socorro-Sierra,NCAR,Low,No Change,333.93,3.58,70,28.89,35.22,0.24,0.78,-1.3,8.82,0,-1.05,0,321.53,10.77,4.27,0,336.57,371.86,-257.17,10.99,-2.10000000000002,No Change
Mar 2016,Socorro-Sierra,NCAR,Low,No Change,43.5,0.41,34.38,108.83,0.07,78.87,0.84,-1.29,1.15,0,-0.51,0,41.94,5.28,8.26,0.21,55.69,404.64,-251.48,32.78,5.69000000000003,No Change
Apr 2016,Socorro-Sierra,NCAR,Low,No Change,104.33,0.78,56.73,88.61,16,54.96,2.84,-0.8,2.76,0,-0.83,0,100.8,8.69,12.38,11.38,133.25,319.71,-253.18,-84.93,-1.70000000000002,No Change
May 2016,Socorro-Sierra,NCAR,Low,No Change,13.36,0.1,30.42,101.04,27.79,102.5,4.28,-0.15,0.35,0,-0.41,0,12.91,4.6,16.08,28.42,62,272.01,-266.28,-47.7,-13.1,No Change
Jun 2016,Socorro-Sierra,NCAR,Low,No Change,353.61,3.65,42.35,129.74,7.23,96.83,4.54,-0.08,9.34,0,-0.61,0,340.62,6.47,15.34,34.07,396.5,185.65,-299.19,-86.36,-32.91,No Change
Jul 2016,Socorro-Sierra,NCAR,Low,No Change,1484.03,16.86,86.37,90.26,21.11,20.15,3.21,-0.52,39.2,0,-1.35,0,1427.97,13.37,8.53,30.73,1480.59,85.33,-329.15,-100.32,-29.96,No Change
Aug 2016,Socorro-Sierra,NCAR,Low,No Change,1229.18,13.12,95.05,78.32,20.04,3.41,3.22,-0.54,32.47,0,-1.46,0,1183.6,14.68,6.75,27.07,1232.1,81.48,-325.75,-3.84999999999999,3.39999999999998,No Change
Sep 2016,Socorro-Sierra,NCAR,Low,No Change,2618.17,31.36,108.65,63.58,64.03,2.77,1.32,-1.12,69.16,0,-1.76,0,2517.65,16.94,4.46,21.17,2560.22,95.11,-325.57,13.63,0.180000000000007,No Change
Oct 2016,Socorro-Sierra,NCAR,Low,No Change,102.95,0.98,20.11,15.47,6.49,3.65,2.92,-0.69,2.72,0,-0.29,0,99.25,3.07,6.45,12.19,120.95,154.36,-281.78,59.25,43.79,No Change
Nov 2016,Socorro-Sierra,NCAR,Low,No Change,69.67,0.69,37.66,0.08,33.48,0.25,0.78,-1.32,1.84,0,-0.3,0,67.14,5.34,2.73,0,75.2,154.36,-295.15,0,-13.37,No Change
Dec 2016,Socorro-Sierra,NCAR,Low,No Change,78.54,0.71,42.43,0.08,37.72,0.25,0.78,-1.31,2.07,0,-0.22,0,75.75,5.8,1.95,0,83.5,186.97,-295.71,32.61,-0.560000000000002,No Change
Jan 2017,Socorro-Sierra,NCAR,Low,No Change,289.39,3.19,63.33,8.4,49.58,0.25,0.78,-1.31,7.64,0,-0.95,0,278.55,9.74,2.44,0,290.73,224.6,-295.95,37.63,-0.240000000000009,No Change
Feb 2017,Socorro-Sierra,NCAR,Low,No Change,145.61,1.56,40.46,28.39,24.1,16.09,0.78,-1.31,3.85,0,-0.61,0,140.2,6.22,3.41,0,149.83,273.58,-291.35,48.98,4.59999999999997,No Change
Mar 2017,Socorro-Sierra,NCAR,Low,No Change,106.52,1.07,46.2,108.98,0.15,68.26,0.93,-1.28,2.81,0,-0.69,0,102.63,7.09,7.33,0.52,117.59,280.28,-290.19,6.69999999999999,1.16000000000003,No Change
Apr 2017,Socorro-Sierra,NCAR,Low,No Change,8.11,0.06,27.3,73.4,5.46,55.25,3.61,-0.38,0.21,0,-0.37,0,7.83,4.13,11.24,22.02,45.23,207.04,-290.8,-73.24,-0.610000000000014,No Change
May 2017,Socorro-Sierra,NCAR,Low,No Change,161.21,1.98,24.31,16.19,11.47,4.72,4.13,-0.2,4.26,0,-0.33,0,154.98,3.68,11.07,28.97,198.7,150,-316.97,-57.04,-26.17,No Change
Jun 2017,Socorro-Sierra,NCAR,Low,No Change,128.59,0.95,34.49,20.1,16.07,5.49,4.78,-0.01,3.4,0,-0.48,0,124.24,5.23,12.03,33.57,175.08,150,-346.34,0,-29.3699999999999,No Change
Jul 2017,Socorro-Sierra,NCAR,Low,No Change,1022.61,11.07,55.27,31.61,31.27,4.23,3.82,-0.32,27.01,0,-0.86,0,984.53,8.55,10.36,31.63,1035.07,153.33,-381.77,3.33000000000001,-35.43,No Change
Aug 2017,Socorro-Sierra,NCAR,Low,No Change,1166.59,12.79,85.88,37.34,52.88,3.48,3.25,-0.51,30.82,0,-1.32,0,1122.97,13.26,9.15,26.94,1172.33,174.15,-391.38,20.82,-9.61000000000001,No Change
Sep 2017,Socorro-Sierra,NCAR,Low,No Change,75.91,0.91,5.62,36.74,11.84,42.8,4.01,-0.24,2.01,0,-0.06,0,73,0.81,10.49,23.05,107.35,218.15,-392.59,44,-1.20999999999998,No Change
Oct 2017,Socorro-Sierra,NCAR,Low,No Change,1842.37,21.72,104.63,26.91,85.33,0.47,1,-1.26,48.67,0,-1.66,0,1771.98,16.24,4.71,9.34,1802.27,180.93,-417.93,-37.22,-25.34,No Change
Nov 2017,Socorro-Sierra,NCAR,Low,No Change,85.73,0.96,31.93,0.14,28.57,0.25,0.79,-1.31,2.26,0,-0.48,0,82.5,4.9,3.66,0,91.07,263.34,-382.52,82.41,35.41,No Change
Dec 2017,Socorro-Sierra,NCAR,Low,No Change,521.03,6.38,50.87,3,47.43,0.25,0.79,-1.3,13.76,0,-0.78,0,500.88,7.85,2.35,0,511.08,290.1,-382.82,26.76,-0.300000000000011,No Change
Jan 2018,Socorro-Sierra,NCAR,Low,No Change,680.93,7.93,102.49,10.28,86.15,0.25,0.79,-1.3,17.99,0,-1.55,0,655.01,15.78,3.24,0,674.03,337.03,-371.93,46.9299999999999,10.89,No Change
Feb 2018,Socorro-Sierra,NCAR,Low,No Change,418.41,4.49,90.39,28.98,53.61,0.25,0.79,-1.3,11.05,0,-1.35,0,402.87,13.9,4.37,0,421.13,421.78,-357.58,84.75,14.35,No Change
Mar 2018,Socorro-Sierra,NCAR,Low,No Change,499.86,4.94,113.22,109.58,19.14,26.27,0.79,-1.29,13.2,0,-1.7,0,481.72,17.41,7.38,0,506.51,472.85,-349.96,51.0700000000001,7.62,No Change
Apr 2018,Socorro-Sierra,NCAR,Low,No Change,402.91,3.89,97.62,89.59,14.76,16.38,1.79,-1.05,10.64,0,-1.46,0,388.37,15,12.46,6.52,422.35,460.42,-340.54,-12.43,9.41999999999996,No Change
May 2018,Socorro-Sierra,NCAR,Low,No Change,904.79,9,206.44,102.36,88.03,3.58,3.4,-0.46,23.9,0,-3.07,0,871.89,31.69,18.76,29.05,951.39,449.18,-340.71,-11.24,-0.169999999999959,No Change
Jun 2018,Socorro-Sierra,NCAR,Low,No Change,464.58,4.9,127.61,128.82,11.35,25.34,4.34,-0.12,12.27,0,-1.86,0,447.41,19.54,21.59,33.24,521.77,518.73,-352.78,69.55,-12.07,No Change
Jul 2018,Socorro-Sierra,NCAR,Low,No Change,1029.11,11.09,103.22,138.29,5.9,44.21,3.86,-0.28,27.19,0,-1.56,0,990.84,15.89,18.93,32.17,1057.83,487.62,-380.07,-31.11,-27.29,No Change
Aug 2018,Socorro-Sierra,NCAR,Low,No Change,1019.98,10.77,130.99,110.17,42.77,29.36,3.49,-0.42,26.94,0,-1.97,0,982.26,20.15,14.53,27.47,1044.41,434.52,-390.76,-53.1,-10.69,No Change
Sep 2018,Socorro-Sierra,NCAR,Low,No Change,626.67,7.68,33.83,70.06,5.1,38.34,3.35,-0.42,16.55,0,-0.51,0,602.44,5.21,12.68,23.22,643.54,437.32,-397.16,2.80000000000001,-6.40000000000003,No Change
Oct 2018,Socorro-Sierra,NCAR,Low,No Change,1142.95,14.19,51.99,22.46,38.07,1.59,1.82,-0.96,30.19,0,-0.83,0,1098.57,8.07,7.33,13.15,1127.13,395.18,-408.11,-42.14,-10.95,No Change
Nov 2018,Socorro-Sierra,NCAR,Low,No Change,538.71,6.21,94.34,2.08,85.63,0.25,0.79,-1.29,14.23,0,-1.42,0,518.27,14.51,4.03,0,536.81,427.09,-394.67,31.91,13.44,No Change
Dec 2018,Socorro-Sierra,NCAR,Low,No Change,19.35,0.2,27.04,0.09,23.96,0.25,0.79,-1.29,0.51,0,0.02,0,18.64,3.43,3.37,0,25.44,510.52,-383.94,83.43,10.73,No Change
Jan 2019,Socorro-Sierra,NCAR,Low,No Change,402.16,4.46,88.74,8.41,72.73,0.25,0.79,-1.29,10.62,0,-1.33,0,387.08,13.64,3.75,0,404.47,532.94,-385.49,22.4200000000001,-1.55000000000001,No Change
Feb 2019,Socorro-Sierra,NCAR,Low,No Change,205.72,2.44,43.69,28.72,24.18,12.84,0.79,-1.28,5.43,0,-0.66,0,197.84,6.72,5.32,0,209.88,603.74,-378.28,70.8,7.21000000000004,No Change
Mar 2019,Socorro-Sierra,NCAR,Low,No Change,303.75,3.02,89.17,109.08,0.02,29.27,0.8,-1.28,8.02,0,-1.33,0,292.7,13.7,9.43,0.04,315.87,611.84,-375.57,8.10000000000002,2.70999999999998,No Change
Apr 2019,Socorro-Sierra,NCAR,Low,No Change,94.51,0.84,76.84,88.42,15.66,37.04,2.7,-0.85,2.5,0,-1.13,0,91.17,11.77,14.92,9.66,127.53,575.24,-371,-36.6,4.56999999999999,No Change
May 2019,Socorro-Sierra,NCAR,Low,No Change,453.06,4.7,228.75,100.25,105.33,3.82,3.53,-0.39,11.97,0,-3.35,0,436.39,35.03,18.15,25.01,514.58,542.48,-382.84,-32.76,-11.84,No Change
Jun 2019,Socorro-Sierra,NCAR,Low,No Change,702.88,7.94,222.16,128.91,74.93,4.51,4,-0.22,18.57,0,-3.26,0,676.37,34.04,22.3,32.61,765.33,629.77,-403.15,87.29,-20.31,No Change
Jul 2019,Socorro-Sierra,NCAR,Low,No Change,2125.09,25.53,263.21,142.91,127.34,18.06,2.56,-0.66,56.14,0,-3.97,0,2043.43,40.51,18.77,30.5,2133.21,682.09,-424.67,52.3200000000001,-21.52,No Change
Aug 2019,Socorro-Sierra,NCAR,Low,No Change,1177.83,13.72,158.98,110.85,68.67,28.88,3.21,-0.46,31.11,0,-2.38,0,1132.99,24.44,17.72,27.24,1202.38,775.81,-406.22,93.7199999999999,18.45,No Change
Sep 2019,Socorro-Sierra,NCAR,Low,No Change,361.72,3.78,72.15,60.84,27.57,22.48,3.72,-0.31,9.56,0,-1.05,0,348.38,11.04,16.87,23.18,399.49,801.56,-408.39,25.75,-2.16999999999996,No Change
Oct 2019,Socorro-Sierra,NCAR,Low,No Change,308.67,2.9,78.86,14.38,58.94,2.5,2.75,-0.71,8.15,0,-1.17,0,297.62,12.1,11.58,12.12,333.43,793.81,-427.1,-7.75,-18.71,No Change
Nov 2019,Socorro-Sierra,NCAR,Low,No Change,324.41,3.71,83.56,0.55,75.39,0.25,0.8,-1.27,8.57,0,-1.25,0,312.13,12.84,6.13,0,331.09,842.12,-435.69,48.3100000000001,-8.58999999999997,No Change
Dec 2019,Socorro-Sierra,NCAR,Low,No Change,852.29,10.18,105.12,3.04,97.91,0.25,0.8,-1.27,22.51,0,-1.6,0,819.59,16.2,4.78,0,840.57,913.2,-430.43,71.08,5.25999999999999,No Change
Jan 2020,Socorro-Sierra,NCAR,Low,No Change,464.02,5.07,115.53,7.8,97.02,0.25,0.8,-1.26,12.26,0,-1.72,0,446.69,17.75,5.34,0,469.78,1008.14,-411.58,94.9399999999999,18.85,No Change
Feb 2020,Socorro-Sierra,NCAR,Low,No Change,376.27,4.13,88.35,28.34,52.14,0.25,0.8,-1.26,9.94,0,-1.32,0,362.2,13.58,7.7,0,383.48,1101.63,-403.1,93.4900000000001,8.47999999999996,No Change
Mar 2020,Socorro-Sierra,NCAR,Low,No Change,56.34,0.57,85.9,108.12,0.01,33.55,0.8,-1.26,1.49,0,-1.26,0,54.28,13.16,13.15,0,80.59,1147.87,-396.54,46.2399999999998,6.56,No Change
Apr 2020,Socorro-Sierra,NCAR,Low,No Change,98.93,0.8,181.36,86.93,71.51,1.4,2.02,-0.97,2.61,0,-2.65,0,95.51,27.77,20.51,6.44,150.24,1103.24,-398.37,-44.6299999999999,-1.82999999999998,No Change
May 2020,Socorro-Sierra,NCAR,Low,No Change,207.42,2.02,201.56,99.15,81.08,4.56,4.07,-0.18,5.48,0,-2.93,0,199.92,30.83,30.29,28.17,289.21,1155.84,-407.84,52.5999999999999,-9.46999999999997,No Change
Jun 2020,Socorro-Sierra,NCAR,Low,No Change,376.81,4.26,218.12,126.78,70.47,5.07,4.42,-0.05,9.95,0,-3.17,0,362.6,33.37,32.73,33.08,461.78,1206.33,-437.71,50.49,-29.87,No Change
Jul 2020,Socorro-Sierra,NCAR,Low,No Change,1511.6,16.97,259.23,136.49,123.47,19.73,3.29,-0.43,39.93,0,-3.87,0,1454.69,39.83,28.51,31.5,1554.54,1243.48,-468.49,37.1500000000001,-30.78,No Change
Aug 2020,Socorro-Sierra,NCAR,Low,No Change,1548.1,17.34,266.93,108.75,166.66,28.16,2.88,-0.56,40.9,0,-3.99,0,1489.87,41.02,23.37,27.19,1581.44,1322.43,-467.65,78.95,0.840000000000032,No Change
Sep 2020,Socorro-Sierra,NCAR,Low,No Change,1672.95,20.15,259.41,63.18,199.62,19.23,2.07,-0.8,44.19,0,-3.89,0,1608.61,39.88,19.67,21.39,1689.55,1441,-461.37,118.57,6.27999999999997,No Change
Oct 2020,Socorro-Sierra,NCAR,Low,No Change,942.05,10.23,132.78,15.86,109.94,1.23,1.74,-1,24.89,0,-2.01,0,906.93,20.45,15.11,8.53,951.01,1604.58,-445.32,163.58,16.05,No Change
Nov 2020,Socorro-Sierra,NCAR,Low,No Change,630.73,7.14,125.87,0.33,115.47,0.26,0.8,-1.24,16.66,0,-1.89,0,606.93,19.35,8.9,0,635.19,1700.93,-433.71,96.3500000000001,11.61,No Change
Dec 2020,Socorro-Sierra,NCAR,Low,No Change,502.51,5.67,105.75,0.09,96.99,0.26,0.8,-1.23,13.27,0,-1.48,0,483.56,16.09,6.89,0,506.54,1809.28,-420.97,108.35,12.74,No Change
Jan 2021,Socorro-Sierra,NCAR,Low,No Change,287.97,3.35,79.67,7.21,65.02,0.26,0.8,-1.23,7.61,0,-1.19,0,277.01,12.24,7.82,0,297.06,1901.15,-411.21,91.8700000000001,9.76000000000005,No Change
Feb 2021,Socorro-Sierra,NCAR,Low,No Change,216.48,2.49,63.49,27.78,29.64,0.26,0.8,-1.23,5.72,0,-0.95,0,208.27,9.75,10.8,0,228.83,1960.12,-406.81,58.9699999999998,4.39999999999998,No Change
Mar 2021,Socorro-Sierra,NCAR,Low,No Change,118.42,1.23,78.22,108.24,0.15,39.77,0.95,-1.2,3.13,0,-1.15,0,114.06,11.99,22.08,0.53,148.67,1980.73,-404.07,20.6100000000001,2.74000000000001,No Change
Apr 2021,Socorro-Sierra,NCAR,Low,No Change,146.66,1.42,152.98,87.3,49.64,3.71,3.44,-0.36,3.87,0,-2.22,0,141.36,23.4,31.59,21.49,217.84,1921.17,-404.77,-59.5599999999999,-0.699999999999989,No Change
May 2021,Socorro-Sierra,NCAR,Low,No Change,81.92,0.64,196.45,98.71,75.83,4.64,4.13,-0.13,2.16,0,-2.84,0,79.11,30.03,39.6,27.12,175.85,1939.31,-428.41,18.1399999999999,-23.64,No Change
Jun 2021,Socorro-Sierra,NCAR,Low,No Change,451.34,4.41,220.13,126.08,72.83,4.85,4.33,-0.08,11.92,0,-3.22,0,435.01,33.7,42.61,32.3,543.61,1975.17,-460.47,35.8600000000001,-32.06,No Change
Jul 2021,Socorro-Sierra,NCAR,Low,No Change,818.77,9.19,236.6,133.07,84.54,4.6,4.07,-0.14,21.63,0,-3.48,0,787.95,36.26,39.27,32.08,895.56,2004.95,-488.47,29.78,-28,No Change
Aug 2021,Socorro-Sierra,NCAR,Low,No Change,1464.43,16.94,262.41,106.47,139.66,3.18,2.96,-0.49,38.69,0,-3.91,0,1408.81,40.31,31.14,27.61,1507.88,2049.82,-506.61,44.8700000000001,-18.14,No Change
Sep 2021,Socorro-Sierra,NCAR,Low,No Change,241.97,3.08,231.94,133.71,73.53,4.33,3.84,-0.21,6.39,0,-3.37,0,232.49,35.47,31.78,23.34,323.08,2158.61,-502.9,108.79,3.71000000000004,No Change
Oct 2021,Socorro-Sierra,NCAR,Low,No Change,573.13,6.92,134.3,102.32,22.41,2.14,2.36,-0.75,15.14,0,-1.99,0,551.07,20.61,23.39,11.98,607.05,2200.07,-527.25,41.46,-24.35,No Change
Nov 2021,Socorro-Sierra,NCAR,Low,No Change,183.19,1.8,84.85,36.94,38.21,0.26,0.8,-1.22,4.84,0,-1.26,0,176.55,13.02,14.98,0,204.55,2200.07,-529.2,0,-1.95000000000005,No Change
Dec 2021,Socorro-Sierra,NCAR,Low,No Change,595.92,7.13,80.2,68.5,7.95,0.26,0.8,-1.22,15.74,0,-1.21,0,573.05,12.35,9.72,0,595.13,2225.07,-527.64,25,1.56000000000006,No Change
Jan 2022,Socorro-Sierra,NCAR,Low,No Change,509.06,6.03,101.13,85.6,7.78,0.26,0.8,-1.22,13.45,0,-1.51,0,489.58,15.55,9.55,0,514.68,2225.07,-515.14,0,12.5,No Change
Feb 2022,Socorro-Sierra,NCAR,Low,No Change,444.92,5.07,75.73,58.45,12.1,0.26,0.81,-1.22,11.75,0,-1.14,0,428.1,11.65,13.87,0,453.62,2225.07,-505.24,0,9.89999999999998,No Change
Mar 2022,Socorro-Sierra,NCAR,Low,No Change,67.18,0.68,65.08,108.31,0.02,51.59,0.82,-1.22,1.77,0,-0.96,0,64.73,9.98,22.38,0.05,97.14,2225.07,-496.65,0,8.59000000000003,No Change
Apr 2022,Socorro-Sierra,NCAR,Low,No Change,26.28,0.18,138.43,87.23,34.14,1.94,2.71,-0.8,0.69,0,-2.02,0,25.41,21.19,34.24,8.78,89.62,2153.16,-497.93,-71.9100000000003,-1.28000000000003,No Change
May 2022,Socorro-Sierra,NCAR,Low,No Change,753.62,7.93,236.67,125.35,90.17,3.72,3.47,-0.36,19.91,0,-3.49,0,725.78,36.29,44.85,28.12,835.04,2154.64,-511.55,1.48000000000002,-13.62,No Change
Jun 2022,Socorro-Sierra,NCAR,Low,No Change,122.42,1.31,215.9,142.39,50.49,5.54,4.79,0.1,3.23,0,-3.12,0,117.87,32.99,49.64,33.77,234.27,2200.07,-527.08,45.4300000000003,-15.53,No Change
Jul 2022,Socorro-Sierra,NCAR,Low,No Change,1373.37,15.87,175.58,134.32,36.61,3.85,3.46,-0.33,36.28,0,-2.63,0,1321.22,27,42.67,32.28,1423.17,2200.07,-565.43,0,-38.3499999999999,No Change
Aug 2022,Socorro-Sierra,NCAR,Low,No Change,1271.09,14.94,108.22,107.58,27.92,27.38,3.15,-0.42,33.58,0,-1.64,0,1222.58,16.68,33.86,27.7,1300.82,2193.96,-567.85,-6.11000000000013,-2.42000000000007,No Change
Sep 2022,Socorro-Sierra,NCAR,Low,No Change,449.83,4.03,90.66,65.91,25.82,9.61,3.6,-0.33,11.88,0,-1.34,0,433.92,13.91,30.4,22.22,500.45,2164.2,-567.19,-29.7600000000002,0.659999999999968,No Change
Oct 2022,Socorro-Sierra,NCAR,Low,No Change,2018.48,24.52,127.95,70.34,64.68,0.38,0.9,-1.19,53.32,0,-2.01,0,1940.64,19.83,20.28,9.64,1990.39,2153.95,-582.8,-10.25,-15.6099999999999,No Change
Nov 2022,Socorro-Sierra,NCAR,Low,No Change,41.42,0.42,55.28,11.26,37.04,0.26,0.81,-1.22,1.09,0,-0.81,0,39.91,8.47,13.81,0,62.19,2200.07,-543.23,46.1200000000003,39.5699999999999,No Change
Dec 2022,Socorro-Sierra,NCAR,Low,No Change,288.01,3.25,84.83,69.86,6.72,0.26,0.81,-1.22,7.61,0,-1.26,0,277.16,13.03,8.49,0,298.67,2225.07,-544.98,25,-1.75,No Change
Jan 2023,Socorro-Sierra,NCAR,Low,No Change,272.98,3.23,78.11,63.19,7.58,0.26,0.81,-1.22,7.21,0,-1.16,0,262.53,11.99,9.36,0,283.88,2225.07,-540.66,0,4.32000000000005,No Change
Feb 2023,Socorro-Sierra,NCAR,Low,No Change,132.97,1.35,63.14,49.13,6.87,0.26,0.81,-1.22,3.51,0,-0.94,0,128.1,9.69,13.16,0,150.95,2225.07,-536.65,0,4.00999999999999,No Change
Mar 2023,Socorro-Sierra,NCAR,Low,No Change,75.95,0.74,71.45,108.22,0.06,45.98,0.86,-1.21,2.01,0,-1.05,0,73.2,10.95,23.38,0.18,107.71,2220.55,-536.1,-4.51999999999998,0.549999999999955,No Change
Apr 2023,Socorro-Sierra,NCAR,Low,No Change,1.28,0.01,216.25,102.06,88.08,3.81,3.67,-0.34,0.03,0,-3.13,0,1.23,33.06,41.54,21.7,97.53,2153.32,-537.4,-67.23,-1.29999999999995,No Change
May 2023,Socorro-Sierra,NCAR,Low,No Change,357.66,3.69,222.55,152.64,47.18,4.39,3.95,-0.19,9.45,0,-3.24,0,344.53,34.06,46.93,28.68,454.2,2200.07,-566.21,46.75,-28.8100000000001,No Change
Jun 2023,Socorro-Sierra,NCAR,Low,No Change,163.93,1.49,153.77,126.41,13.1,5.52,4.81,0.09,4.33,0,-2.22,0,158.11,23.49,50.58,34.21,266.39,2200.07,-592.83,0,-26.62,No Change
Jul 2023,Socorro-Sierra,NCAR,Low,No Change,1612.24,19.19,112.05,135.92,4.91,25.16,3.23,-0.39,42.59,0,-1.72,0,1550.46,17.3,42.28,32.75,1642.8,2161.79,-629.65,-38.2800000000002,-36.8199999999999,No Change
Aug 2023,Socorro-Sierra,NCAR,Low,No Change,731,8.28,78.91,107.17,5.87,36.8,3.81,-0.22,19.31,0,-1.18,0,703.41,12.12,34.28,28.05,777.86,2102.88,-625.16,-58.9099999999999,4.49000000000001,No Change
Sep 2023,Socorro-Sierra,NCAR,Low,No Change,80.59,0.96,34.73,66.45,6.35,41.9,4.07,-0.14,2.13,0,-0.48,0,77.5,5.27,30.97,23.49,137.22,2041.71,-639.11,-61.1700000000001,-13.95,No Change
Oct 2023,Socorro-Sierra,NCAR,Low,No Change,790.56,8.81,79.18,15.78,62.42,1.22,1.76,-0.99,20.88,0,-1.21,0,760.87,12.22,19.46,7.3,799.85,1979.4,-665.16,-62.3099999999999,-26.05,No Change
Nov 2023,Socorro-Sierra,NCAR,Low,No Change,434.62,5,76.13,0.09,71,0.26,0.81,-1.23,11.48,0,-0.78,0,418.13,11.09,14.46,0,443.68,2023.9,-655.54,44.5,9.62,No Change
Dec 2023,Socorro-Sierra,NCAR,Low,No Change,601.41,7.26,68.94,0.27,66.61,0.26,0.81,-1.23,15.89,0,-1.05,0,578.26,10.63,8.04,0,596.93,2082.22,-646.88,58.3199999999997,8.65999999999997,No Change
Jan 2024,Socorro-Sierra,NCAR,Low,No Change,355.81,4.31,61.37,7.35,50.08,0.26,0.81,-1.22,9.4,0,-0.92,0,342.1,9.44,9.26,0,360.79,2142.56,-634.08,60.3400000000001,12.8,No Change
Feb 2024,Socorro-Sierra,NCAR,Low,No Change,225.93,2.52,49.71,27.79,24.33,6.79,0.81,-1.22,5.97,0,-0.75,0,217.44,7.64,11.63,0,236.71,2185.16,-627.64,42.5999999999999,6.44000000000005,No Change
Mar 2024,Socorro-Sierra,NCAR,Low,No Change,80.6,0.82,48.15,108.58,0.04,66.32,0.84,-1.22,2.13,0,-0.71,0,77.65,7.39,22.57,0.11,107.71,2193.11,-624.46,7.95000000000027,3.17999999999995,No Change
Apr 2024,Socorro-Sierra,NCAR,Low,No Change,48.71,0.45,92.03,87.95,15.65,23.87,2.73,-0.79,1.29,0,-1.34,0,46.97,14.09,33.55,9.4,104.01,2106.32,-625.21,-86.79,-0.75,No Change
May 2024,Socorro-Sierra,NCAR,Low,No Change,45.72,0.39,137.05,99.51,27.96,8.99,4.39,-0.04,1.21,0,-1.97,0,44.13,20.92,46.98,29.81,141.84,2068.07,-638.19,-38.25,-12.98,No Change
Jun 2024,Socorro-Sierra,NCAR,Low,No Change,104.45,1.14,39.97,128.1,11.95,104.45,4.78,0.09,2.76,0,-0.55,0,100.55,6.06,46.5,33.39,186.5,2044.5,-673.2,-23.5700000000002,-35.01,No Change
Jul 2024,Socorro-Sierra,NCAR,Low,No Change,964.14,11.79,71.17,136.05,6.2,69.17,3.9,-0.18,25.47,0,-1.07,0,926.87,10.95,39.74,32.69,1010.25,1910.2,-709.07,-134.3,-35.87,No Change
Aug 2024,Socorro-Sierra,NCAR,Low,No Change,821.46,8.63,94.99,107.34,12.53,29.43,3.7,-0.29,21.7,0,-1.42,0,791.13,14.61,30.46,27.38,863.58,1811.57,-721.43,-98.6300000000001,-12.3599999999999,No Change
Sep 2024,Socorro-Sierra,NCAR,Low,No Change,444.83,4.57,47.62,67.01,7.07,28.48,3.66,-0.31,11.75,0,-0.7,0,428.51,7.31,27.69,23.07,486.58,1768.21,-732.53,-43.3599999999999,-11.1,No Change
Oct 2024,Socorro-Sierra,NCAR,Low,No Change,661.22,8.34,40.48,16.86,28.06,1.73,2.04,-0.88,17.47,0,-0.63,0,635.41,6.26,18.6,10.07,670.33,1723.07,-748.53,-45.1400000000001,-16,No Change
Nov 2024,Socorro-Sierra,NCAR,Low,No Change,90.14,1.02,43,0.09,38.63,0.26,0.82,-1.24,2.38,0,-0.09,0,86.74,5.65,12.76,0,105.14,1733.71,-744.67,10.6400000000001,3.86000000000001,No Change
Dec 2024,Socorro-Sierra,NCAR,Low,No Change,684.49,8.03,72.3,0.82,69.72,0.26,0.82,-1.24,18.08,0,-1.11,0,658.38,11.16,7.37,0,676.9,1761.38,-744.43,27.6700000000001,0.240000000000009,No Change
Jan 2025,Socorro-Sierra,NCAR,Low,No Change,55.58,0.59,32.4,7.23,21.53,0.26,0.82,-1.24,1.47,0,-0.48,0,53.52,4.97,9.88,0,68.38,1825.53,-729.51,64.1499999999999,14.92,No Change
Feb 2025,Socorro-Sierra,NCAR,Low,No Change,19.26,0.18,32.09,27.75,24.02,23.96,0.82,-1.24,0.51,0,-0.47,0,18.58,4.92,13.15,0,36.65,1838.97,-730.58,13.4400000000001,-1.07000000000005,No Change
Mar 2025,Socorro-Sierra,NCAR,Low,No Change,122.12,1.16,95.59,107.71,3.31,27.52,2.16,-1,3.23,0,-1.41,0,117.73,14.66,22.61,4.23,159.23,1827.95,-732.6,-11.02,-2.01999999999998,No Change
Apr 2025,Socorro-Sierra,NCAR,Low,No Change,96.05,0.88,124.03,87.58,22.54,2.38,2.93,-0.71,2.54,0,-1.81,0,92.64,18.99,31.74,12.27,155.64,1784.29,-738.17,-43.6600000000001,-5.56999999999994,No Change
May 2025,Socorro-Sierra,NCAR,Low,No Change,174.92,1.69,103.76,100.24,28.08,37.22,4.41,-0.06,4.62,0,-1.49,0,168.61,15.85,45,31.63,261.08,1776.34,-753.35,-7.95000000000005,-15.1800000000001,No Change
Jun 2025,Socorro-Sierra,NCAR,Low,No Change,340.48,3.47,62.11,128.29,11.73,83.04,4.59,-0,8.99,0,-0.9,0,328.01,9.49,42.2,34.02,413.72,1726.67,-786.32,-49.6699999999998,-32.97,No Change
Jul 2025,Socorro-Sierra,NCAR,Low,No Change,1451.56,16.97,76.26,137.89,5.07,60.35,3.35,-0.38,38.35,0,-1.19,0,1396.25,11.81,34.33,31.99,1474.38,1617.76,-816.83,-108.91,-30.51,No Change
Aug 2025,Socorro-Sierra,NCAR,Low,No Change,3574.51,43.21,191.27,116.09,114.1,22.37,1.55,-0.99,94.43,0,-3.03,0,3436.87,29.69,23.11,25.51,3515.18,1531.89,-815.4,-85.8699999999999,1.43000000000006,No Change
Sep 2025,Socorro-Sierra,NCAR,Low,No Change,438.65,5.09,41.24,67.51,5.54,32.44,3.65,-0.3,11.59,0,-0.61,0,421.97,6.32,26.16,23.47,477.92,1603.05,-752.05,71.1599999999999,63.35,No Change
Oct 2025,Socorro-Sierra,NCAR,Low,No Change,919.12,8.98,135.73,15.42,111.73,1.29,1.77,-1.03,24.28,0,-2.06,0,885.86,20.91,16.45,7.25,930.47,1553.94,-768.48,-49.1099999999999,-16.4300000000001,No Change
Nov 2025,Socorro-Sierra,NCAR,Low,No Change,28.16,0.21,43.64,0.09,38.58,0.27,0.82,-1.24,0.74,0,0.19,0,27.2,5.25,11.62,0,44.07,1650.72,-756.31,96.78,12.1700000000001,No Change
Dec 2025,Socorro-Sierra,NCAR,Low,No Change,48.18,0.56,36.17,0.09,32.28,0.27,0.82,-1.24,1.27,0,0,0,46.35,4.62,6.73,0,57.7,1679.48,-757.44,28.76,-1.13000000000011,No Change
Jan 2026,Socorro-Sierra,NCAR,Low,No Change,459.87,5.83,50.55,8.32,41.31,0.27,0.82,-1.24,12.15,0,-0.77,0,441.89,7.8,6.82,0,456.5,1706.82,-758.22,27.3399999999999,-0.779999999999973,No Change
Feb 2026,Socorro-Sierra,NCAR,Low,No Change,339.77,3.95,55.98,28.26,24.46,0.56,0.82,-1.24,8.98,0,-0.84,0,326.84,8.62,9.97,0,345.43,1743.11,-748.91,36.29,9.31000000000006,No Change
Mar 2026,Socorro-Sierra,NCAR,Low,No Change,378.99,4.06,102.82,108.5,10.35,26.23,0.85,-1.24,10.01,0,-1.53,0,364.92,15.8,19.43,0.14,400.28,1759.11,-742.84,16,6.06999999999994,No Change
Apr 2026,Socorro-Sierra,NCAR,Low,No Change,387.86,4.43,121.34,88.54,21.87,1.47,2.26,-0.94,10.25,0,-1.8,0,373.18,18.62,26.57,7.33,425.7,1725.88,-736.58,-33.2299999999998,6.25999999999999,No Change
May 2026,Socorro-Sierra,NCAR,Low,No Change,35.74,0.28,127.42,99.66,27.79,17.37,4.31,-0.09,0.94,0,-1.83,0,34.52,19.45,39.91,28.65,122.53,1722.92,-738.67,-2.96000000000004,-2.08999999999992,No Change
Jun 2026,Socorro-Sierra,NCAR,Low,No Change,216.21,2.58,84.66,127.88,12.2,64.54,4.81,0.09,5.71,0,-1.21,0,207.92,12.91,43.58,35.43,299.85,1697.83,-772.6,-25.0900000000001,-33.9300000000001,No Change
Jul 2026,Socorro-Sierra,NCAR,Low,No Change,1339.66,15.51,135.14,136.69,14.84,19.64,3.5,-0.34,35.39,0,-2.04,0,1288.76,20.8,34.54,32.19,1376.29,1606.63,-808.26,-91.1999999999998,-35.66,No Change
Aug 2026,Socorro-Sierra,NCAR,Low,No Change,2005.68,24.45,124.71,111.97,45.86,26.03,2.36,-0.69,52.98,0,-1.94,0,1928.26,19.29,25.55,26.99,2000.09,1571.14,-810.95,-35.49,-2.69000000000005,No Change
Sep 2026,Socorro-Sierra,NCAR,Low,No Change,1067.74,13.77,46.2,70.22,9.93,26.6,2.81,-0.54,28.21,0,-0.72,0,1025.75,7.15,24.19,23.02,1080.12,1568.48,-789.95,-2.66000000000008,21,No Change
Oct 2026,Socorro-Sierra,NCAR,Low,No Change,168.33,2,36.3,15.34,21.42,3.49,2.89,-0.62,4.45,0,-0.53,0,161.88,5.55,18.71,12.55,198.69,1530.96,-788.83,-37.52,1.12,No Change
Nov 2026,Socorro-Sierra,NCAR,Low,No Change,119.96,1.3,48.93,0.09,43.99,0.27,0.82,-1.25,3.17,0,-0.21,0,115.5,6.62,10.74,0,132.86,1533.7,-800.97,2.74000000000001,-12.14,No Change
Dec 2026,Socorro-Sierra,NCAR,Low,No Change,160.89,1.53,57.51,0.09,51.74,0.27,0.83,-1.25,4.25,0,-0.16,0,155.11,7.64,6.27,0,169.02,1568.75,-800.08,35.05,0.889999999999986,No Change
Jan 2027,Socorro-Sierra,NCAR,Low,No Change,666.74,8.07,95.07,8.36,81.86,0.27,0.83,-1.24,17.61,0,-1.44,0,641.05,14.64,8.64,0,664.33,1616.03,-798.07,47.28,2.00999999999999,No Change
Feb 2027,Socorro-Sierra,NCAR,Low,No Change,542.04,6.46,70,28.74,38.26,0.27,0.83,-1.24,14.32,0,-1.06,0,521.27,10.79,9.57,0,541.63,1691.05,-783.96,75.02,14.11,No Change
Mar 2027,Socorro-Sierra,NCAR,Low,No Change,101.51,0.96,64.84,108.41,0.08,51.67,0.9,-1.23,2.68,0,-0.96,0,97.86,9.95,19.72,0.26,127.79,1721.54,-772.77,30.49,11.1900000000001,No Change
Apr 2027,Socorro-Sierra,NCAR,Low,No Change,53.97,0.46,97.99,87.91,15.3,18.32,2.61,-0.86,1.43,0,-1.43,0,52.08,15.01,26.9,7.86,101.84,1652.35,-773.44,-69.1900000000001,-0.670000000000073,No Change
May 2027,Socorro-Sierra,NCAR,Low,No Change,508.51,5.03,189.09,99.83,72.23,4.13,3.81,-0.28,13.43,0,-2.77,0,490.05,28.97,37.81,28.44,585.27,1625.91,-784.78,-26.4399999999998,-11.3399999999999,No Change
Jun 2027,Socorro-Sierra,NCAR,Low,No Change,122.2,1.28,96.62,127.38,11.9,54.74,4.78,0.07,3.23,0,-1.38,0,117.69,14.74,40.65,33.45,206.54,1660.28,-806.64,34.3699999999999,-21.86,No Change
Jul 2027,Socorro-Sierra,NCAR,Low,No Change,915.23,10.16,103.16,135.75,6.29,43.03,4.07,-0.17,24.18,0,-1.54,0,880.9,15.86,35.65,32.96,965.36,1581.5,-842.96,-78.78,-36.3200000000001,No Change
Aug 2027,Socorro-Sierra,NCAR,Low,No Change,996.25,13.02,70.57,110.02,5.54,41.76,3.5,-0.31,26.32,0,-1.06,0,956.91,10.86,28.1,28.8,1024.67,1513.35,-857.52,-68.1500000000001,-14.5599999999999,No Change
Sep 2027,Socorro-Sierra,NCAR,Low,No Change,1955.53,21.91,135.24,71.2,92.15,25.03,2.06,-0.85,51.66,0,-2.11,0,1881.96,20.94,21.86,22.75,1947.51,1452.83,-864.87,-60.52,-7.35000000000002,No Change
Oct 2027,Socorro-Sierra,NCAR,Low,No Change,1772.7,20.69,139.08,19.66,121.05,0.3,0.86,-1.24,46.83,0,-2.16,0,1705.18,21.51,13.56,4.62,1744.88,1500.99,-840.98,48.1600000000001,23.89,No Change
Nov 2027,Socorro-Sierra,NCAR,Low,No Change,350.84,3.41,114.93,0.09,103.47,0.27,0.83,-1.24,9.27,0,-0.48,0,338.16,15.53,11.55,0,365.24,1610.29,-803.03,109.3,37.95,No Change
Dec 2027,Socorro-Sierra,NCAR,Low,No Change,855.26,10.24,109.71,1.18,103.8,0.27,0.83,-1.24,22.59,0,-1.66,0,822.43,16.9,7.16,0,846.49,1704.02,-796.31,93.73,6.72000000000003,No Change
Jan 2028,Socorro-Sierra,NCAR,Low,No Change,204.57,2.17,93.55,6.69,76.33,0.27,0.83,-1.23,5.4,0,-1.38,0,197,14.35,9.39,0,220.74,1802.46,-777.45,98.4400000000001,18.8599999999999,No Change
Feb 2028,Socorro-Sierra,NCAR,Low,No Change,219.88,2.49,65.45,27.76,31.37,0.27,0.83,-1.23,5.81,0,-0.97,0,211.58,10.05,8.44,0,230.07,1871.19,-775.5,68.73,1.95000000000005,No Change
Mar 2028,Socorro-Sierra,NCAR,Low,No Change,52.53,0.56,80.16,108.13,0.01,38.53,0.84,-1.23,1.39,0,-1.18,0,50.58,12.28,19.09,0.02,81.98,1895.92,-772.72,24.73,2.77999999999997,No Change
Apr 2028,Socorro-Sierra,NCAR,Low,No Change,8.64,0.07,156.35,86.98,49.66,1.87,2.68,-0.83,0.23,0,-2.28,0,8.35,23.93,29.21,8.2,69.69,1840.38,-774.6,-55.54,-1.88,No Change
May 2028,Socorro-Sierra,NCAR,Low,No Change,373.88,4.33,219.8,99.27,98.63,4.21,3.79,-0.25,9.88,0,-3.2,0,359.68,33.64,38.81,27.15,459.28,1862.47,-788.36,22.0899999999999,-13.76,No Change
Jun 2028,Socorro-Sierra,NCAR,Low,No Change,280.96,3.07,216.65,125.97,68.94,5.18,4.54,-0,7.42,0,-3.14,0,270.47,33.13,42.83,32.64,379.07,1922.11,-812.88,59.6399999999999,-24.52,No Change
Jul 2028,Socorro-Sierra,NCAR,Low,No Change,1667.95,19.39,254.97,134.94,122.99,18.95,3.11,-0.45,44.06,0,-3.82,0,1604.5,39.19,37,31.47,1712.17,1947.59,-845.78,25.48,-32.9,No Change
Aug 2028,Socorro-Sierra,NCAR,Low,No Change,2039.06,24.02,270.09,107.9,151.16,2.44,2.39,-0.68,53.86,0,-4.07,0,1961.17,41.56,29.6,27,2059.33,2018.19,-840.56,70.6000000000001,5.22000000000003,No Change
Sep 2028,Socorro-Sierra,NCAR,Low,No Change,511.7,5.32,194.86,85.91,91.19,3.92,3.63,-0.31,13.52,0,-2.86,0,492.87,29.85,31.52,23.41,577.65,2140.38,-820.84,122.19,19.7199999999999,No Change
Oct 2028,Socorro-Sierra,NCAR,Low,No Change,898.36,10.16,121.96,96.31,20.24,1.37,1.84,-0.95,23.73,0,-1.84,0,864.47,18.78,21.66,9.18,914.09,2200.07,-837.53,59.6900000000001,-16.6899999999999,No Change
Nov 2028,Socorro-Sierra,NCAR,Low,No Change,146.95,1.49,115.43,64.35,36.85,0.27,0.83,-1.22,3.88,0,-1.7,0,141.59,17.7,13.63,0,172.91,2200.07,-827.6,0,9.92999999999995,No Change
Dec 2028,Socorro-Sierra,NCAR,Low,No Change,96.77,1.11,70.7,55.36,6.92,0.27,0.83,-1.22,2.56,0,-1.04,0,93.11,10.84,8.71,0,112.65,2225.07,-827.48,25,0.120000000000005,No Change
Jan 2029,Socorro-Sierra,NCAR,Low,No Change,55.44,0.61,53.73,37.7,9.47,0.27,0.83,-1.22,1.46,0,-0.79,0,53.37,8.24,11.25,0,72.86,2225.07,-828.02,0,-0.539999999999964,No Change
Feb 2029,Socorro-Sierra,NCAR,Low,No Change,57.6,0.48,72.07,51.24,11.59,0.27,0.83,-1.22,1.52,0,-1.06,0,55.59,11.05,13.38,0,80.02,2225.07,-829.4,0,-1.38,No Change
Mar 2029,Socorro-Sierra,NCAR,Low,No Change,212.87,2,146.12,131.34,4.36,7.82,0.89,-1.21,5.62,0,-2.15,0,205.25,22.41,23.64,0.22,251.51,2225.07,-831,0,-1.60000000000002,No Change
Apr 2029,Socorro-Sierra,NCAR,Low,No Change,113.72,0.89,225.8,162.21,35.57,2.37,2.94,-0.7,3,0,-3.3,0,109.82,34.57,36.85,12.2,193.44,2200.07,-829.85,-25,1.14999999999998,No Change
May 2029,Socorro-Sierra,NCAR,Low,No Change,49.77,0.4,194.26,125,47.63,4.84,4.3,-0.08,1.31,0,-2.8,0,48.05,29.68,47.17,28.3,153.19,2200.07,-845.99,0,-16.14,No Change
Jun 2029,Socorro-Sierra,NCAR,Low,No Change,589.48,6.8,220.65,154.59,46.95,4.65,4.12,-0.13,15.57,0,-3.23,0,567.11,33.79,46.54,32.13,679.57,2200.07,-880.15,0,-34.16,No Change
Jul 2029,Socorro-Sierra,NCAR,Low,No Change,2247.76,26.89,260.3,214.89,38.84,2.68,2.54,-0.62,59.38,0,-3.93,0,2161.5,40.08,39.32,30.76,2271.66,2200.07,-904.19,0,-24.0400000000001,No Change
Aug 2029,Socorro-Sierra,NCAR,Low,No Change,1132.01,12.84,250.43,198.53,33.61,3.58,3.31,-0.4,29.9,0,-3.71,0,1089.26,38.43,33.73,27.15,1188.57,2200.07,-882.67,0,21.5200000000001,No Change
Sep 2029,Socorro-Sierra,NCAR,Low,No Change,163.18,1.52,232.82,171.9,34.84,4.63,4.15,-0.13,4.31,0,-3.38,0,157.35,35.61,34.49,24.73,252.18,2200.07,-887.34,0,-4.67000000000007,No Change
Oct 2029,Socorro-Sierra,NCAR,Low,No Change,136.94,1.4,232.64,182.26,21.84,2.28,2.63,-0.72,3.62,0,-3.39,0,131.92,35.61,22.9,9.68,200.12,2200.07,-915.42,0,-28.0799999999999,No Change
Nov 2029,Socorro-Sierra,NCAR,Low,No Change,41.73,0.43,39.16,3.77,30.67,0.27,0.84,-1.22,1.1,0,-0.58,0,40.2,6.01,13.73,0,59.93,2200.07,-928.22,0,-12.8000000000001,No Change
Dec 2029,Socorro-Sierra,NCAR,Low,No Change,11.78,0.11,32.8,16.09,12.55,0.27,0.84,-1.22,0.31,0,-0.48,0,11.36,5.03,9.45,0,25.84,2218.8,-929.76,18.73,-1.53999999999996,No Change
Jan 2030,Socorro-Sierra,NCAR,Low,No Change,396.69,4.91,58.61,47.67,7.99,0.27,0.84,-1.22,10.48,0,-0.88,0,381.3,9.02,8.39,0,398.71,2223.68,-931.99,4.87999999999965,-2.23000000000002,No Change
Feb 2030,Socorro-Sierra,NCAR,Low,No Change,48.44,0.46,44.41,48.9,2.75,12.93,0.84,-1.22,1.28,0,-0.66,0,46.7,6.81,14.66,0,68.17,2225.07,-924.46,1.39000000000033,7.52999999999997,No Change
Mar 2030,Socorro-Sierra,NCAR,Low,No Change,13.62,0.12,69.32,108.12,0.49,48.77,1.27,-1.13,0.36,0,-1.02,0,13.14,10.62,27.19,1.8,52.75,2202.29,-925.9,-22.7800000000002,-1.43999999999994,No Change
Apr 2030,Socorro-Sierra,NCAR,Low,No Change,5.19,0.04,131.58,87.32,30.36,4.26,3.85,-0.23,0.14,0,-1.89,0,5.01,20.09,39.7,24.26,89.07,2129.22,-930.76,-73.0700000000002,-4.86000000000001,No Change
May 2030,Socorro-Sierra,NCAR,Low,No Change,171.76,1.41,182.19,98.98,63.93,4.52,4.09,-0.16,4.54,0,-2.64,0,165.81,27.86,43.74,27.21,264.62,2119.7,-960.86,-9.51999999999998,-30.1,No Change
Jun 2030,Socorro-Sierra,NCAR,Low,No Change,16.71,0.17,90.92,127.19,12.26,60.92,5.03,0.16,0.44,0,-1.29,0,16.1,13.84,50.34,34.86,115.15,2139.62,-990.42,19.9200000000001,-29.5599999999999,No Change
Jul 2030,Socorro-Sierra,NCAR,Low,No Change,985.79,11.29,120.79,134.82,6.22,25.71,4,-0.17,26.04,0,-1.8,0,948.45,18.56,42.37,33.3,1042.68,2045.48,-1030.99,-94.1399999999999,-40.5700000000001,No Change
Aug 2030,Socorro-Sierra,NCAR,Low,No Change,2576.95,30.25,207.05,109.54,123.17,24.21,2.02,-0.82,68.07,0,-3.19,0,2478.63,31.99,29.45,26.69,2566.75,1987.79,-1044.23,-57.6900000000001,-13.24,No Change
Sep 2030,Socorro-Sierra,NCAR,Low,No Change,98.67,1.1,75.43,65.87,29.76,29.53,4.14,-0.13,2.61,0,-1.07,0,94.97,11.5,31.8,24.16,162.43,2060.14,-1008.87,72.3499999999999,35.36,No Change
Oct 2030,Socorro-Sierra,NCAR,Low,No Change,945.33,11.53,119.06,15.81,99.05,0.81,1.34,-1.09,24.97,0,-1.8,0,908.83,18.33,18.24,5.45,950.85,2032.83,-1035.76,-27.3099999999999,-26.89,No Change
Nov 2030,Socorro-Sierra,NCAR,Low,No Change,60.57,0.6,45.01,0.09,40.13,0.27,0.84,-1.22,1.6,0,0.13,0,58.37,5.53,14.11,0,78.01,2115.27,-1020.47,82.4400000000001,15.29,No Change
Dec 2030,Socorro-Sierra,NCAR,Low,No Change,220.44,2.87,35.31,0.09,33.51,0.28,0.84,-1.22,5.82,0,-0.46,0,211.75,5.3,8.89,0,225.95,2143.07,-1020.8,27.8000000000002,-0.329999999999927,No Change
Jan 2031,Socorro-Sierra,NCAR,Low,No Change,494.95,5.72,80.19,10.87,64.19,0.28,0.84,-1.22,13.07,0,-1.21,0,476.16,12.34,10.39,0,498.89,2169.48,-1017.5,26.4099999999999,3.29999999999995,No Change
Feb 2031,Socorro-Sierra,NCAR,Low,No Change,387.66,4.33,68.6,52.32,11.36,0.28,0.84,-1.22,10.24,0,-1.03,0,373.09,10.56,13.15,0,396.8,2225.07,-1007.7,55.5900000000001,9.79999999999995,No Change
Mar 2031,Socorro-Sierra,NCAR,Low,No Change,226.91,2.28,77.23,108.31,0.03,39.53,0.86,-1.22,5.99,0,-1.15,0,218.64,11.86,22.71,0.09,253.3,2225.07,-1000.56,0,7.1400000000001,No Change
Apr 2031,Socorro-Sierra,NCAR,Low,No Change,9.16,0.06,89.77,87.94,15.56,26.1,2.76,-0.79,0.24,0,-1.31,0,8.86,13.74,34.17,9.02,65.78,2164.93,-997.88,-60.1400000000003,2.67999999999995,No Change
May 2031,Socorro-Sierra,NCAR,Low,No Change,344.62,3.2,156.82,99.6,42.81,4.11,3.8,-0.27,9.1,0,-2.29,0,332.32,24.01,41.66,25.92,423.9,2123.78,-1011.52,-41.1499999999996,-13.64,No Change
Jun 2031,Socorro-Sierra,NCAR,Low,No Change,390.51,4.3,41.14,128.54,11.49,100.28,4.36,-0.06,10.32,0,-0.6,0,375.9,6.29,45.45,31.81,459.45,2124.88,-1034.68,1.09999999999991,-23.1600000000001,No Change
Jul 2031,Socorro-Sierra,NCAR,Low,No Change,790.05,9.36,58.32,135.54,6.51,82.47,4.14,-0.12,20.87,0,-0.87,0,759.83,8.96,41.12,32.48,842.39,1995.06,-1061.2,-129.82,-26.52,No Change
Aug 2031,Socorro-Sierra,NCAR,Low,No Change,1609.84,20.22,108.9,109.76,30.85,26.64,2.85,-0.52,42.53,0,-1.67,0,1547.09,16.81,31.12,28.5,1623.52,1882.24,-1077.94,-112.82,-16.74,No Change
Sep 2031,Socorro-Sierra,NCAR,Low,No Change,1022.05,12.56,70.69,68.55,31.35,26.47,2.89,-0.53,27,0,-1.08,0,982.49,10.9,26.97,22.68,1043.03,1858.7,-1068.95,-23.54,8.99000000000001,No Change
Oct 2031,Socorro-Sierra,NCAR,Low,No Change,410.61,5.28,37.46,15.99,23.96,2.41,2.43,-0.76,10.85,0,-0.56,0,394.48,5.76,20.23,10.99,431.46,1840.04,-1069.13,-18.6600000000001,-0.180000000000064,No Change
Nov 2031,Socorro-Sierra,NCAR,Low,No Change,348.25,4.28,67.74,0.1,62.87,0.28,0.84,-1.24,9.2,0,-0.92,0,334.78,10.24,12,0,357.02,1844.55,-1073.02,4.50999999999999,-3.88999999999987,No Change
Dec 2031,Socorro-Sierra,NCAR,Low,No Change,848.43,10.84,68.25,1.37,68.51,0.28,0.84,-1.23,22.41,0,-1.05,0,815.18,10.55,7.38,0,833.1,1897.21,-1066.82,52.6600000000001,6.20000000000005,No Change
Jan 2032,Socorro-Sierra,NCAR,Low,No Change,887.47,10.88,110.15,8.05,97.95,0.28,0.84,-1.23,23.44,0,-1.67,0,853.14,16.97,8.99,0,879.1,1960.14,-1047.54,62.9300000000001,19.28,No Change
Feb 2032,Socorro-Sierra,NCAR,Low,No Change,351.03,3.87,78.05,27.66,43.71,0.28,0.85,-1.23,9.27,0,-1.17,0,337.89,12,9.21,0,359.1,2050.9,-1027.84,90.76,19.7,No Change
Mar 2032,Socorro-Sierra,NCAR,Low,No Change,397.85,4.27,88.24,108.51,0.01,28.24,0.85,-1.23,10.51,0,-1.32,0,383.06,13.57,19.24,0,415.87,2087.19,-1021.81,36.29,6.02999999999997,No Change
Apr 2032,Socorro-Sierra,NCAR,Low,No Change,59.95,0.63,116.28,87.74,15.62,2.55,2.44,-0.81,1.58,0,-1.7,0,57.74,17.8,33.24,9.64,118.41,2041.78,-1014.69,-45.4100000000001,7.11999999999989,No Change
May 2032,Socorro-Sierra,NCAR,Low,No Change,197.04,1.95,127.15,99.94,27.3,15.74,4.01,-0.19,5.21,0,-1.84,0,189.89,19.44,41.48,26.75,277.55,2024.86,-1027.69,-16.9200000000001,-13,No Change
Jun 2032,Socorro-Sierra,NCAR,Low,No Change,1191.4,13.87,84.84,129.79,10.99,53.86,3.38,-0.38,31.47,0,-1.3,0,1146.05,13.09,41.16,31.34,1231.65,1999.14,-1055.27,-25.7199999999998,-27.5799999999999,No Change
Jul 2032,Socorro-Sierra,NCAR,Low,No Change,1723.05,20.15,93.07,137.29,4.32,41.34,2.98,-0.5,45.52,0,-1.46,0,1657.38,14.42,36.13,30.6,1738.52,1918.86,-1060.19,-80.2800000000002,-4.92000000000007,No Change
Aug 2032,Socorro-Sierra,NCAR,Low,No Change,2342.29,26.51,182.31,109.84,98.77,25.16,2.15,-0.8,61.88,0,-2.82,0,2253.9,28.19,27.78,26.25,2336.12,1849.2,-1050.21,-69.6599999999999,9.98000000000002,No Change
Sep 2032,Socorro-Sierra,NCAR,Low,No Change,1223.74,14.84,72.77,68.9,34.53,25.95,2.65,-0.61,32.33,0,-1.13,0,1176.58,11.25,26.59,22.3,1236.72,1897.98,-1020.36,48.78,29.85,No Change
Oct 2032,Socorro-Sierra,NCAR,Low,No Change,804.65,9.23,76.16,16.16,60,1.35,1.85,-0.96,21.26,0,-1.17,0,774.16,11.75,18.99,8.34,813.24,1883.23,-1014.72,-14.75,5.63999999999999,No Change
Nov 2032,Socorro-Sierra,NCAR,Low,No Change,157.81,1.59,78.64,0.1,70.39,0.28,0.85,-1.23,4.17,0,0.04,0,152.05,9.98,11.99,0,174.02,1925.71,-1005.79,42.48,8.93000000000006,No Change
Dec 2032,Socorro-Sierra,NCAR,Low,No Change,261.57,3.2,55.93,0.1,51.76,0.28,0.85,-1.23,6.91,0,-0.55,0,251.46,8.1,8.37,0,267.93,1985.91,-1003.65,60.2,2.13999999999999,No Change
Jan 2033,Socorro-Sierra,NCAR,Low,No Change,60.14,0.68,39.75,7.13,28.06,0.28,0.85,-1.23,1.59,0,-0.59,0,57.88,6.1,8.96,0,72.94,2031.09,-999.37,45.1799999999998,4.27999999999997,No Change
Feb 2033,Socorro-Sierra,NCAR,Low,No Change,146.38,1.57,63.69,27.51,29.21,0.28,0.85,-1.23,3.87,0,-0.94,0,140.93,9.78,11.48,0,162.19,2051.99,-1000.44,20.8999999999999,-1.07000000000005,No Change
Mar 2033,Socorro-Sierra,NCAR,Low,No Change,103.77,0.88,112.06,107.65,16.42,26.65,0.92,-1.21,2.74,0,-1.65,0,100.15,17.18,22.42,0.25,139.99,2071.52,-999.59,19.5300000000002,0.850000000000023,No Change
Apr 2033,Socorro-Sierra,NCAR,Low,No Change,118.38,0.94,98.06,87.94,14.79,17.32,2.4,-0.94,3.13,0,-1.45,0,114.31,15.04,28.56,5.46,163.37,2041,-1000.88,-30.52,-1.28999999999996,No Change
May 2033,Socorro-Sierra,NCAR,Low,No Change,648.11,7.08,174.83,100.18,61.08,3.58,3.36,-0.4,17.12,0,-2.58,0,623.91,26.81,38.29,25.25,714.26,2013.26,-1008,-27.74,-7.12,No Change
Jun 2033,Socorro-Sierra,NCAR,Low,No Change,192.34,1.87,167.81,126.36,25.31,5.21,4.59,0.01,5.08,0,-2.43,0,185.38,25.65,43.85,31.61,286.49,2036.22,-1022.47,22.96,-14.47,No Change
Jul 2033,Socorro-Sierra,NCAR,Low,No Change,388.16,3.79,76.79,134.13,7.47,71.65,4.75,0.05,10.25,0,-1.12,0,374.12,11.75,42.93,33.24,462.04,2017.05,-1056.01,-19.1700000000001,-33.54,No Change
Aug 2033,Socorro-Sierra,NCAR,Low,No Change,1259.18,13.32,152.97,107.26,66.19,28.41,3.32,-0.44,33.26,0,-2.31,0,1212.6,23.55,31.29,27.58,1295.02,1914.64,-1084.82,-102.41,-28.8099999999999,No Change
Sep 2033,Socorro-Sierra,NCAR,Low,No Change,18.71,0.18,36.93,66.27,6.59,40.85,4.24,-0.1,0.49,0,-0.51,0,18.04,5.6,30.51,24.07,78.22,1924.89,-1085.19,10.25,-0.370000000000118,No Change
Oct 2033,Socorro-Sierra,NCAR,Low,No Change,723.9,8.87,56.96,16.61,42.61,1.3,1.76,-0.98,19.12,0,-0.88,0,695.9,8.8,18.08,7.36,730.13,1864.47,-1113.63,-60.4200000000001,-28.4400000000001,No Change
Nov 2033,Socorro-Sierra,NCAR,Low,No Change,177.87,1.95,66.27,0.1,59.79,0.28,0.85,-1.23,4.7,0,-0.19,0,171.22,8.8,10.97,0,190.99,1890.44,-1105.48,25.97,8.15000000000009,No Change
Dec 2033,Socorro-Sierra,NCAR,Low,No Change,276.08,3.06,59.98,0.1,55.19,0.28,0.85,-1.23,7.29,0,-0.49,0,265.73,8.52,8.41,0,282.67,1941.06,-1103.05,50.6199999999999,2.43000000000006,No Change
Jan 2034,Socorro-Sierra,NCAR,Low,No Change,266.04,3.24,49.48,7.5,38.64,0.28,0.85,-1.23,7.03,0,-0.74,0,255.77,7.61,6.91,0,270.29,1989.64,-1098.33,48.5800000000002,4.72000000000003,No Change
Feb 2034,Socorro-Sierra,NCAR,Low,No Change,491.54,5.52,76.96,28,44.07,0.28,0.85,-1.23,12.98,0,-1.16,0,473.04,11.85,12.16,0,497.05,2023.17,-1094.12,33.53,4.21000000000004,No Change
Mar 2034,Socorro-Sierra,NCAR,Low,No Change,19.74,0.26,40.49,108.6,0.27,73.74,1.1,-1.18,0.52,0,-0.6,0,18.96,6.21,24.27,0.98,50.43,2056.88,-1084.38,33.71,9.73999999999978,No Change
Apr 2034,Socorro-Sierra,NCAR,Low,No Change,269.96,2.96,98.77,88.38,18.36,18.68,3.37,-0.4,7.13,0,-1.44,0,259.86,15.11,33.31,22,330.28,1961.42,-1087.72,-95.46,-3.33999999999992,No Change
May 2034,Socorro-Sierra,NCAR,Low,No Change,337.07,3.29,171.06,99.53,55.65,4.52,4.07,-0.17,8.9,0,-2.49,0,324.88,26.18,43,29.47,423.53,1931.55,-1107.79,-29.8700000000001,-20.0699999999999,No Change
Jun 2034,Socorro-Sierra,NCAR,Low,No Change,542.67,6.29,54.58,128.96,11.44,87.08,4.23,-0.1,14.34,0,-0.8,0,522.04,8.36,42.91,32.61,605.92,1943.92,-1135.09,12.3700000000001,-27.3,No Change
Jul 2034,Socorro-Sierra,NCAR,Low,No Change,996.41,11.33,69.71,136.09,6.13,70.87,3.98,-0.19,26.32,0,-1.06,0,958.77,10.74,38.72,32.96,1041.19,1829.7,-1158.5,-114.22,-23.4100000000001,No Change
Aug 2034,Socorro-Sierra,NCAR,Low,No Change,1167.14,13.33,108.21,108.62,26.45,28.55,3.31,-0.42,30.83,0,-1.64,0,1122.98,16.67,28.8,27.43,1195.88,1730.42,-1170.37,-99.28,-11.8699999999999,No Change
Sep 2034,Socorro-Sierra,NCAR,Low,No Change,107.29,1.25,25.15,66.75,6.07,49.89,3.97,-0.2,2.83,0,-0.34,0,103.21,3.81,26.12,22.32,155.46,1703.24,-1172.34,-27.1800000000001,-1.97000000000003,No Change
Oct 2034,Socorro-Sierra,NCAR,Low,No Change,100.35,1.45,22.01,15.43,8.64,3.66,2.98,-0.59,2.65,0,-0.31,0,96.25,3.35,19.43,12.67,131.69,1637.48,-1196.35,-65.76,-24.01,No Change
Nov 2034,Socorro-Sierra,NCAR,Low,No Change,1272.8,15.37,122.15,2.54,118.29,0.28,0.86,-1.24,33.62,0,-1.87,0,1223.81,18.85,11.68,0,1254.34,1626.61,-1210.24,-10.8700000000001,-13.8900000000001,No Change
Dec 2034,Socorro-Sierra,NCAR,Low,No Change,22.78,0.21,35.99,0.1,31.88,0.28,0.86,-1.24,0.6,0,0.14,0,21.96,4.37,7.25,0,33.58,1735.04,-1180.59,108.43,29.6500000000001,No Change
Jan 2035,Socorro-Sierra,NCAR,Low,No Change,235.23,2.76,45.64,7.58,34.76,0.28,0.86,-1.24,6.21,0,-0.69,0,226.26,7.02,6.34,0,239.62,1761.48,-1181.95,26.4400000000001,-1.36000000000013,No Change
Feb 2035,Socorro-Sierra,NCAR,Low,No Change,403.84,4.61,65.78,28.24,33.3,0.28,0.86,-1.24,10.67,0,-0.99,0,388.56,10.13,10.88,0,409.57,1791.72,-1178.51,30.24,3.44000000000005,No Change
Mar 2035,Socorro-Sierra,NCAR,Low,No Change,276.94,2.81,71.03,108.68,0.02,44.71,0.87,-1.23,7.32,0,-1.06,0,266.81,10.92,19,0.05,296.78,1815.95,-1170.93,24.23,7.57999999999993,No Change
Apr 2035,Socorro-Sierra,NCAR,Low,No Change,11.03,0.08,51,88.5,16.17,60.66,2.98,-0.71,0.29,0,-0.74,0,10.66,7.8,30.57,11.76,60.79,1754.35,-1166.83,-61.6000000000001,4.10000000000014,No Change
May 2035,Socorro-Sierra,NCAR,Low,No Change,479.29,4.85,93.95,101.18,26.9,42.3,3.73,-0.31,12.66,0,-1.38,0,461.78,14.4,36.36,26.97,539.52,1682.99,-1182.73,-71.3599999999999,-15.9000000000001,No Change
Jun 2035,Socorro-Sierra,NCAR,Low,No Change,129.18,1.25,19.92,128.45,12.14,122.15,4.97,0.11,3.41,0,-0.26,0,124.52,3,42.61,35.18,205.31,1635.26,-1202.45,-47.73,-19.72,No Change
Jul 2035,Socorro-Sierra,NCAR,Low,No Change,1264.14,13.76,82.92,137.13,5.38,57.38,3.66,-0.33,33.39,0,-1.28,0,1216.99,12.82,33.03,31.97,1294.81,1487.49,-1239.35,-147.77,-36.8999999999999,No Change
Aug 2035,Socorro-Sierra,NCAR,Low,No Change,845,9.4,66.22,108.77,5.83,48.17,3.86,-0.26,22.32,0,-1,0,813.27,10.2,27.83,29.23,880.53,1406.46,-1243.2,-81.03,-3.85000000000014,No Change
Sep 2035,Socorro-Sierra,NCAR,Low,No Change,344.57,3.41,51.42,66.98,9.56,28.83,3.77,-0.3,9.1,0,-0.75,0,332.05,7.87,22.93,22.52,385.38,1340.41,-1255.22,-66.05,-12.02,No Change
Oct 2035,Socorro-Sierra,NCAR,Low,No Change,393.42,4.66,39.84,16.34,25.89,3.25,2.77,-0.66,10.39,0,-0.59,0,378.36,6.12,16.87,13.56,414.92,1302.27,-1273.46,-38.1400000000001,-18.24,No Change
Nov 2035,Socorro-Sierra,NCAR,Low,No Change,770.55,9.88,73.81,2.58,71.13,0.28,0.86,-1.25,20.36,0,-1.13,0,740.31,11.39,9.7,0,761.4,1311.47,-1280.66,9.20000000000005,-7.20000000000005,No Change
Dec 2035,Socorro-Sierra,NCAR,Low,No Change,12.92,0.12,33.34,0.1,29.48,0.28,0.86,-1.25,0.34,0,0.14,0,12.46,4.02,6.64,0,23.13,1374.72,-1263.55,63.25,17.1100000000001,No Change
Jan 2036,Socorro-Sierra,NCAR,Low,No Change,123.08,1.47,44.8,7.4,32.94,0.28,0.86,-1.25,3.25,0,-0.67,0,118.35,6.88,7.56,0,132.79,1399.39,-1265.18,24.6700000000001,-1.63000000000011,No Change
Feb 2036,Socorro-Sierra,NCAR,Low,No Change,256.51,2.81,63.55,28.06,29.78,0.28,0.86,-1.25,6.78,0,-0.95,0,246.92,9.77,10.81,0,267.5,1426.59,-1264.7,27.1999999999998,0.480000000000018,No Change
Mar 2036,Socorro-Sierra,NCAR,Low,No Change,29.24,0.32,53.41,108.2,1.48,63.35,2.35,-0.97,0.77,0,-0.78,0,28.15,8.18,21.09,5.03,62.45,1447.38,-1260.99,20.7900000000002,3.71000000000004,No Change
Apr 2036,Socorro-Sierra,NCAR,Low,No Change,21.3,0.25,108.4,87.76,18.69,12.79,3.69,-0.32,0.56,0,-1.56,0,20.48,16.55,27.42,22.26,86.71,1367.74,-1269.35,-79.6400000000001,-8.3599999999999,No Change
May 2036,Socorro-Sierra,NCAR,Low,No Change,201.54,1.9,140.03,99.92,27.42,4.79,4.13,-0.18,5.32,0,-2.03,0,194.32,21.41,33.57,28.02,277.31,1350.23,-1296.61,-17.51,-27.26,No Change
Jun 2036,Socorro-Sierra,NCAR,Low,No Change,647.6,7.79,95.77,129.62,11.39,50.71,4.14,-0.15,17.11,0,-1.41,0,622.7,14.68,34.75,33.2,705.33,1343.6,-1325.64,-6.63000000000011,-29.0300000000002,No Change
Jul 2036,Socorro-Sierra,NCAR,Low,No Change,3371.1,38.89,254.51,143.41,130.21,15.62,2.04,-0.85,89.05,0,-3.95,0,3243.15,39.36,26.59,30.25,3339.35,1273.82,-1347.44,-69.78,-21.8,No Change
Aug 2036,Socorro-Sierra,NCAR,Low,No Change,1803.98,20.43,174.84,110.78,87.49,27.3,2.66,-0.65,47.66,0,-2.67,0,1735.9,26.96,23.79,27.01,1813.66,1364.7,-1295.47,90.8800000000001,51.97,No Change
Sep 2036,Socorro-Sierra,NCAR,Low,No Change,162.71,1.57,33.79,66.71,6.16,42.17,4.05,-0.2,4.3,0,-0.48,0,156.84,5.14,24.16,23.54,209.69,1404.42,-1280.8,39.72,14.6700000000001,No Change
Oct 2036,Socorro-Sierra,NCAR,Low,No Change,47.86,0.49,30.41,15,15.15,3.46,2.87,-0.68,1.26,0,-0.44,0,46.1,4.64,16.31,10.62,77.67,1348.5,-1304.78,-55.9200000000001,-23.98,No Change
Nov 2036,Socorro-Sierra,NCAR,Low,No Change,164.13,1.66,62.11,0.1,55.76,0.29,0.86,-1.25,4.34,0,-0.34,0,158.13,8.54,9.47,0,176.15,1347.43,-1318.11,-1.06999999999994,-13.3299999999999,No Change
Dec 2036,Socorro-Sierra,NCAR,Low,No Change,326.23,3.66,72.15,0.19,65.89,0.29,0.86,-1.25,8.62,0,-1.08,0,313.95,11.09,6.64,0,331.69,1395.54,-1316.24,48.1099999999999,1.86999999999989,No Change
Jan 2037,Socorro-Sierra,NCAR,Low,No Change,115.27,1.5,34.44,7.59,23.86,0.29,0.86,-1.25,3.04,0,-0.51,0,110.73,5.29,6.3,0,122.32,1456.61,-1310.81,61.0699999999999,5.43000000000006,No Change
Feb 2037,Socorro-Sierra,NCAR,Low,No Change,190.45,2.11,51.93,28.03,24.17,5.37,0.86,-1.25,5.03,0,-0.78,0,183.3,7.98,9.37,0,200.65,1475.99,-1310.39,19.3800000000001,0.419999999999845,No Change
Mar 2037,Socorro-Sierra,NCAR,Low,No Change,139.95,1.32,80.83,108.32,0.01,37.38,0.86,-1.25,3.7,0,-1.2,0,134.94,12.4,15.45,0,162.79,1487.54,-1308.25,11.55,2.1400000000001,No Change
Apr 2037,Socorro-Sierra,NCAR,Low,No Change,53.41,0.51,93.02,88.17,14.7,22.22,1.98,-0.98,1.41,0,-1.36,0,51.49,14.25,23.98,5.87,95.59,1436.82,-1307.86,-50.72,0.3900000000001,No Change
May 2037,Socorro-Sierra,NCAR,Low,No Change,955.23,9.85,190.75,101.45,75.85,3.16,3.11,-0.53,25.23,0,-2.84,0,920.14,29.3,30.11,25.58,1005.14,1408.29,-1316.65,-28.53,-8.79000000000019,No Change
Jun 2037,Socorro-Sierra,NCAR,Low,No Change,129.53,1.31,52.74,128.07,11.81,93.12,4.79,0.05,3.42,0,-0.74,0,124.8,8.02,36.91,33.15,202.88,1454.51,-1323.48,46.22,-6.82999999999993,No Change
Jul 2037,Socorro-Sierra,NCAR,Low,No Change,1185.66,14.35,92.2,138.06,5.74,50.05,3.72,-0.28,31.32,0,-1.4,0,1139.98,14.2,31.42,32.72,1218.32,1341.04,-1358.68,-113.47,-35.2,No Change
Aug 2037,Socorro-Sierra,NCAR,Low,No Change,1310.3,15.33,116.57,110.51,33.8,28.59,3.22,-0.46,34.61,0,-1.77,0,1260.35,17.96,24.12,28.15,1330.57,1269.3,-1365.47,-71.74,-6.78999999999996,No Change
Sep 2037,Socorro-Sierra,NCAR,Low,No Change,245.16,2.13,67.82,66.33,23.52,29.29,4,-0.23,6.48,0,-0.98,0,236.55,10.37,22.51,23.72,293.15,1254.06,-1364.44,-15.24,1.02999999999997,No Change
Oct 2037,Socorro-Sierra,NCAR,Low,No Change,525.36,5.87,69.81,16.46,52.18,2.64,2.33,-0.84,13.88,0,-1.05,0,505.6,10.74,14.19,10.1,540.64,1230.02,-1386.9,-24.04,-22.46,No Change
Nov 2037,Socorro-Sierra,NCAR,Low,No Change,87.49,1.02,43,0.1,38.49,0.29,0.86,-1.25,2.31,0,-0.29,0,84.16,6,7.88,0,98.04,1268.55,-1387.35,38.53,-0.449999999999818,No Change
Dec 2037,Socorro-Sierra,NCAR,Low,No Change,1576.82,21,103.11,6.72,103.32,0.29,0.87,-1.25,41.65,0,-1.6,0,1514.16,15.95,6,0,1536.11,1300.99,-1387.45,32.4400000000001,-0.100000000000136,No Change
Jan 2038,Socorro-Sierra,NCAR,Low,No Change,437.73,5.16,75.48,8.17,62.29,0.29,0.87,-1.25,11.56,0,-1.14,0,421.01,11.61,5.57,0,438.19,1400.14,-1349.51,99.1500000000001,37.9400000000001,No Change
Feb 2038,Socorro-Sierra,NCAR,Low,No Change,277.37,3.1,67.36,28.11,33.29,0.29,0.87,-1.25,7.33,0,-1.01,0,266.95,10.35,8.73,0,286.03,1458.68,-1341.2,58.54,8.30999999999995,No Change
Mar 2038,Socorro-Sierra,NCAR,Low,No Change,233.1,2.3,112.36,108.12,17.49,26.53,0.88,-1.25,6.16,0,-1.66,0,224.64,17.24,16.51,0.07,258.46,1485.07,-1337,26.3899999999999,4.20000000000005,No Change
Apr 2038,Socorro-Sierra,NCAR,Low,No Change,5.97,0.05,122.4,87.47,20.29,2.27,2.92,-0.75,0.16,0,-1.78,0,5.77,18.73,26.07,10.76,61.33,1461.65,-1334.7,-23.4199999999998,2.29999999999995,No Change
May 2038,Socorro-Sierra,NCAR,Low,No Change,262.43,2.77,185,99.59,66.97,4.4,3.98,-0.22,6.93,0,-2.69,0,252.72,28.3,33.21,27.19,341.41,1457.28,-1350.75,-4.37000000000012,-16.05,No Change
Jun 2038,Socorro-Sierra,NCAR,Low,No Change,31.64,0.25,38.69,127.98,11.95,106.33,4.91,0.09,0.84,0,-0.53,0,30.55,5.86,37.37,33.23,107.01,1490.84,-1377.89,33.5599999999999,-27.1400000000001,No Change
Jul 2038,Socorro-Sierra,NCAR,Low,No Change,1468.04,16.43,117.96,138.01,4.83,24.84,3.35,-0.43,38.78,0,-1.81,0,1412.83,18.21,29.59,30.98,1491.6,1363.92,-1415.63,-126.92,-37.74,No Change
Aug 2038,Socorro-Sierra,NCAR,Low,No Change,724.23,8.17,104.2,108.17,19.83,30.08,3.87,-0.25,19.13,0,-1.54,0,696.93,15.99,25.14,27.88,765.94,1318.1,-1413.41,-45.8200000000002,2.22000000000003,No Change
Sep 2038,Socorro-Sierra,NCAR,Low,No Change,831.48,8.75,88.82,62.76,44.83,22.35,3.23,-0.49,21.96,0,-1.34,0,800.77,13.68,20.8,22.57,857.81,1286.84,-1427.84,-31.26,-14.4299999999998,No Change
Oct 2038,Socorro-Sierra,NCAR,Low,No Change,100.79,1,38.9,14.17,22.79,2.45,2.78,-0.71,2.66,0,-0.57,0,97.13,5.95,14.96,10.22,128.27,1292.24,-1433.5,5.40000000000009,-5.66000000000008,No Change
Nov 2038,Socorro-Sierra,NCAR,Low,No Change,694.38,9.3,69.53,2.88,66.57,0.29,0.87,-1.25,18.34,0,-1.06,0,666.74,10.72,7.25,0,684.71,1301.11,-1445.12,8.86999999999989,-11.6199999999999,No Change
Dec 2038,Socorro-Sierra,NCAR,Low,No Change,652.1,6.9,110.71,0.65,101.88,0.29,0.87,-1.25,17.23,0,-1.67,0,627.98,17.04,5.99,0,651.02,1362.26,-1429.96,61.1500000000001,15.1599999999999,No Change
Jan 2039,Socorro-Sierra,NCAR,Low,No Change,617.57,7.48,72.34,8.95,61.1,0.29,0.87,-1.25,16.31,0,-1.1,0,593.78,11.15,6.26,0,611.19,1459.98,-1416.52,97.72,13.4400000000001,No Change
Feb 2039,Socorro-Sierra,NCAR,Low,No Change,710.12,8.46,83.72,29.49,51.34,0.29,0.87,-1.25,18.76,0,-1.27,0,682.9,12.91,9.38,0,705.19,1516.65,-1403.43,56.6700000000001,13.0899999999999,No Change
Mar 2039,Socorro-Sierra,NCAR,Low,No Change,4.61,0.05,57.66,108.35,0.1,58.74,0.97,-1.23,0.12,0,-0.85,0,4.44,8.83,18.23,0.32,31.83,1560.44,-1388.06,43.79,15.3700000000001,No Change
Apr 2039,Socorro-Sierra,NCAR,Low,No Change,21.19,0.25,130.32,87.43,27.44,2.34,2.95,-0.73,0.56,0,-1.9,0,20.38,19.94,26.54,11.38,78.24,1485.76,-1391.3,-74.6800000000001,-3.24000000000001,No Change
May 2039,Socorro-Sierra,NCAR,Low,No Change,21.28,0.17,183.03,98.87,63.8,4.79,4.26,-0.12,0.56,0,-2.64,0,20.55,27.96,33.95,27.28,109.74,1488,-1407.7,2.24000000000001,-16.4000000000001,No Change
Jun 2039,Socorro-Sierra,NCAR,Low,No Change,254.55,2.3,120.44,127.24,11.8,32.97,4.82,0.04,6.72,0,-1.74,0,245.53,18.41,39.29,34.75,337.98,1517.45,-1441.44,29.45,-33.74,No Change
Jul 2039,Socorro-Sierra,NCAR,Low,No Change,1733.25,19.86,127.79,138.73,10.35,19.2,3.1,-0.5,45.79,0,-1.97,0,1667.6,19.74,30.61,31.48,1749.43,1461.77,-1475.99,-55.6800000000001,-34.55,No Change
Aug 2039,Socorro-Sierra,NCAR,Low,No Change,1593.59,17.96,140.26,110.51,56.38,28.17,2.95,-0.56,42.1,0,-2.15,0,1533.54,21.64,24.56,27.89,1607.64,1425.91,-1467.25,-35.8599999999999,8.74000000000001,No Change
Sep 2039,Socorro-Sierra,NCAR,Low,No Change,236.7,2.23,57.25,58.72,14.25,21.41,3.96,-0.24,6.25,0,-0.83,0,228.21,8.75,23.38,23.16,283.5,1433.06,-1458.69,7.14999999999986,8.55999999999995,No Change
Oct 2039,Socorro-Sierra,NCAR,Low,No Change,578.11,6.83,58.74,16.23,42.96,1.78,2.21,-0.88,15.27,0,-0.89,0,556,9.05,14.78,9.55,589.39,1406.71,-1480.62,-26.3499999999999,-21.9299999999998,No Change
Nov 2039,Socorro-Sierra,NCAR,Low,No Change,1049.24,12.91,116.97,3.04,110.87,0.29,0.87,-1.25,27.72,0,-1.78,0,1008.61,18.03,8.96,0,1035.61,1436.2,-1478.88,29.49,1.73999999999978,No Change
Dec 2039,Socorro-Sierra,NCAR,Low,No Change,733.7,8.36,87.22,1.4,82.36,0.29,0.87,-1.24,19.38,0,-1.33,0,705.96,13.45,6.11,0,725.52,1539.94,-1455.06,103.74,23.8200000000002,No Change
Jan 2040,Socorro-Sierra,NCAR,Low,No Change,32.75,0.38,28.29,7.29,17.74,0.29,0.87,-1.24,0.87,0,-0.42,0,31.51,4.34,7.84,0,43.69,1618.01,-1439.12,78.0699999999999,15.9400000000001,No Change
Feb 2040,Socorro-Sierra,NCAR,Low,No Change,119.63,1.39,37.9,28.03,24.11,18.1,0.87,-1.24,3.16,0,-0.57,0,115.07,5.82,11.2,0,132.1,1629.73,-1440.79,11.72,-1.67000000000007,No Change
Mar 2040,Socorro-Sierra,NCAR,Low,No Change,134.21,1.47,57.51,108.68,0.2,57.88,1.06,-1.21,3.55,0,-0.85,0,129.2,8.83,19.8,0.75,158.57,1626.65,-1440.31,-3.07999999999993,0.480000000000018,No Change
Apr 2040,Socorro-Sierra,NCAR,Low,No Change,277.33,3.01,180.1,87.51,74.03,3.38,3.23,-0.47,7.33,0,-2.63,0,266.99,27.57,25.83,20.08,340.48,1551.45,-1440.64,-75.2,-0.330000000000155,No Change
May 2040,Socorro-Sierra,NCAR,Low,No Change,29.18,0.22,184.38,98.83,65.22,4.97,4.41,-0.07,0.77,0,-2.66,0,28.19,28.17,37.59,29.02,122.96,1599.97,-1459.72,48.52,-19.0799999999999,No Change
Jun 2040,Socorro-Sierra,NCAR,Low,No Change,23.93,0.18,109.71,126.92,12.18,44.38,5.05,0.14,0.63,0,-1.56,0,23.12,16.72,41.05,34.57,115.47,1627.11,-1495.11,27.1399999999999,-35.3899999999999,No Change
Jul 2040,Socorro-Sierra,NCAR,Low,No Change,1158.63,12.32,173.09,135.4,46.71,20.71,3.79,-0.3,30.61,0,-2.59,0,1115.7,26.61,33.11,31.76,1207.18,1558.78,-1535.52,-68.3299999999999,-40.4100000000001,No Change
Aug 2040,Socorro-Sierra,NCAR,Low,No Change,1187.75,12.87,168.39,108.14,78.91,29.15,3.43,-0.41,31.38,0,-2.53,0,1143.5,25.89,26.92,28.1,1224.42,1555.75,-1543.35,-3.02999999999997,-7.82999999999993,No Change
Sep 2040,Socorro-Sierra,NCAR,Low,No Change,1152.63,13.54,129.94,59.92,83.47,17.95,2.77,-0.6,30.45,0,-1.96,0,1108.64,20,22.23,22.08,1172.95,1582.43,-1546.45,26.6800000000001,-3.10000000000014,No Change
Oct 2040,Socorro-Sierra,NCAR,Low,No Change,287.95,3.18,60.63,14.57,43.18,2.35,2.67,-0.73,7.61,0,-0.9,0,277.16,9.3,17.1,10.85,314.42,1629.09,-1543.41,46.6599999999999,3.03999999999996,No Change
Nov 2040,Socorro-Sierra,NCAR,Low,No Change,12.95,0.1,37.87,0.1,33.45,0.29,0.87,-1.24,0.34,0,0.18,0,12.5,4.54,10.14,0,27.18,1656.22,-1550.95,27.1300000000001,-7.53999999999996,No Change
Dec 2040,Socorro-Sierra,NCAR,Low,No Change,109.38,1.19,36.31,0.1,32.86,0.29,0.87,-1.24,2.89,0,-0.26,0,105.31,5.09,7.18,0,117.57,1681.35,-1552.54,25.1299999999999,-1.58999999999992,No Change
Jan 2041,Socorro-Sierra,NCAR,Low,No Change,57.63,0.64,32.16,7.3,21.34,0.29,0.88,-1.24,1.52,0,-0.48,0,55.46,4.94,8.45,0,68.84,1708.85,-1552.02,27.5,0.519999999999982,No Change
Feb 2041,Socorro-Sierra,NCAR,Low,No Change,27.1,0.29,31.31,27.81,24.03,24.58,0.88,-1.24,0.72,0,-0.46,0,26.1,4.8,11.62,0,42.52,1723.56,-1553.09,14.71,-1.06999999999994,No Change
Mar 2041,Socorro-Sierra,NCAR,Low,No Change,82,0.73,70.14,108.26,0.23,47.35,1.11,-1.2,2.17,0,-1.03,0,79.1,10.76,20.73,0.84,111.42,1713.5,-1554.95,-10.0599999999999,-1.86000000000013,No Change
Apr 2041,Socorro-Sierra,NCAR,Low,No Change,92.48,0.85,111.84,87.81,18.64,9.24,3.69,-0.32,2.44,0,-1.61,0,89.18,17.09,30.32,22.88,159.47,1647.97,-1556.96,-65.53,-2.00999999999999,No Change
May 2041,Socorro-Sierra,NCAR,Low,No Change,68.93,0.57,123.15,99.8,27.54,20.66,4.25,-0.13,1.82,0,-1.77,0,66.55,18.8,36.17,27.56,149.08,1631.06,-1583.01,-16.9100000000001,-26.05,No Change
Jun 2041,Socorro-Sierra,NCAR,Low,No Change,262.07,3.43,61.36,128.65,11.96,84.3,4.69,0.04,6.92,0,-0.87,0,251.72,9.35,39.41,34.4,334.88,1606.15,-1614.9,-24.9099999999999,-31.8900000000001,No Change
Jul 2041,Socorro-Sierra,NCAR,Low,No Change,1860.14,21.74,128.59,139.27,12,18.83,2.93,-0.54,49.14,0,-1.99,0,1789.26,19.88,30.05,31.01,1870.19,1499.05,-1647.9,-107.1,-33,No Change
Aug 2041,Socorro-Sierra,NCAR,Low,No Change,1642.95,18.18,150.51,110.23,65.61,28.07,2.9,-0.59,43.4,0,-2.3,0,1581.36,23.22,24.73,27.44,1656.76,1465.65,-1635.22,-33.3999999999999,12.6800000000001,No Change
Sep 2041,Socorro-Sierra,NCAR,Low,No Change,2429.83,28.98,162.64,66.7,119.77,17.49,1.59,-0.99,64.19,0,-2.54,0,2336.66,25.18,19.51,21.67,2403.02,1481.94,-1625.05,16.29,10.1700000000001,No Change
Oct 2041,Socorro-Sierra,NCAR,Low,No Change,1045.39,12.52,79.57,17.85,64.39,1.22,1.72,-1.01,27.62,0,-1.23,0,1005.26,12.3,15.14,9.03,1041.73,1567.28,-1587.64,85.3399999999999,37.4099999999999,No Change
Nov 2041,Socorro-Sierra,NCAR,Low,No Change,437.21,5.21,73.42,0.69,68.04,0.29,0.88,-1.24,11.55,0,-1.11,0,420.45,11.3,8.67,0,440.42,1618.05,-1573.02,50.77,14.6200000000001,No Change
Dec 2041,Socorro-Sierra,NCAR,Low,No Change,511.95,5.67,75.72,0.56,70.61,0.29,0.88,-1.24,13.52,0,-1.15,0,492.75,11.66,6.38,0,510.79,1679.25,-1564.69,61.2,8.32999999999993,No Change
Jan 2042,Socorro-Sierra,NCAR,Low,No Change,543.06,6.29,81.74,8.05,68.92,0.29,0.88,-1.23,14.35,0,-1.24,0,522.43,12.59,6.11,0,541.13,1745.3,-1554.43,66.05,10.26,No Change
Feb 2042,Socorro-Sierra,NCAR,Low,No Change,147.47,1.57,48.52,27.84,24.11,8.59,0.88,-1.23,3.9,0,-0.72,0,142,7.45,10.12,0,159.57,1809.93,-1543.44,64.6300000000001,10.99,No Change
Mar 2042,Socorro-Sierra,NCAR,Low,No Change,25.46,0.22,47.92,108.39,0.96,67.86,1.66,-1.06,0.67,0,-0.7,0,24.57,7.34,24.69,3.61,60.21,1817.45,-1542.38,7.51999999999998,1.05999999999995,No Change
Apr 2042,Socorro-Sierra,NCAR,Low,No Change,99.73,0.8,60.77,88.5,18.39,53.72,3.59,-0.35,2.63,0,-0.87,0,96.3,9.28,29.83,21.54,156.95,1728.58,-1548.74,-88.8700000000001,-6.3599999999999,No Change
May 2042,Socorro-Sierra,NCAR,Low,No Change,213.96,2.08,80,100.81,27.05,56.85,3.96,-0.23,5.65,0,-1.16,0,206.23,12.23,34.39,25.95,278.8,1667.36,-1572.46,-61.22,-23.72,No Change
Jun 2042,Socorro-Sierra,NCAR,Low,No Change,315.74,2.85,59.56,128.22,11.39,85.45,4.61,-0.03,8.34,0,-0.86,0,304.55,9.11,38.19,32.83,384.68,1607.36,-1598.1,-60,-25.6399999999999,No Change
Jul 2042,Socorro-Sierra,NCAR,Low,No Change,1417.83,16.58,80.58,138.43,5.05,57.53,3.41,-0.39,37.45,0,-1.25,0,1363.8,12.47,31.42,31.46,1439.15,1499.74,-1628.09,-107.62,-29.99,No Change
Aug 2042,Socorro-Sierra,NCAR,Low,No Change,1005.42,12.33,82.35,109.94,5.32,32.01,3.5,-0.35,26.56,0,-1.24,0,966.53,12.67,25.39,27.95,1032.55,1419.63,-1627.15,-80.1099999999999,0.939999999999827,No Change
Sep 2042,Socorro-Sierra,NCAR,Low,No Change,1347.62,15.7,101.34,62.74,59.03,18.82,2.6,-0.67,35.6,0,-1.56,0,1296.32,15.65,20.41,22.32,1354.7,1371.4,-1633.63,-48.23,-6.48000000000002,No Change
Oct 2042,Socorro-Sierra,NCAR,Low,No Change,952.94,9.45,120.52,15.79,98.59,1.17,1.81,-1.03,25.17,0,-1.84,0,918.31,18.59,13.71,7.62,958.23,1394.46,-1625.18,23.0599999999999,8.45000000000005,No Change
Nov 2042,Socorro-Sierra,NCAR,Low,No Change,389.17,4.49,96.35,0.2,87.57,0.3,0.88,-1.25,10.28,0,-1.44,0,374.39,14.8,9.48,0,398.68,1481.02,-1612.31,86.5599999999999,12.8700000000001,No Change
Dec 2042,Socorro-Sierra,NCAR,Low,No Change,128.96,1.27,56.48,0.1,50.6,0.3,0.88,-1.24,3.41,0,-0.17,0,124.27,7.51,6.26,0,138.04,1560.94,-1605.6,79.9200000000001,6.71000000000004,No Change
Jan 2043,Socorro-Sierra,NCAR,Low,No Change,13.37,0.11,38.23,7.07,26.27,0.3,0.88,-1.24,0.35,0,-0.56,0,12.91,5.86,7.25,0,26.02,1607.12,-1604.48,46.1799999999998,1.11999999999989,No Change
Feb 2043,Socorro-Sierra,NCAR,Low,No Change,13.32,0.11,42.4,27.6,24.02,14.99,0.89,-1.24,0.35,0,-0.62,0,12.86,6.5,11.7,0.02,31.08,1627.97,-1606.82,20.8500000000001,-2.33999999999992,No Change
Mar 2043,Socorro-Sierra,NCAR,Low,No Change,76.63,0.7,82.14,107.84,1.45,37.84,2.36,-0.97,2.02,0,-1.21,0,73.91,12.59,22.27,5.01,113.77,1627.43,-1609.24,-0.539999999999964,-2.42000000000007,No Change
Apr 2043,Socorro-Sierra,NCAR,Low,No Change,248.86,2.26,191.04,86.98,83.64,3.77,3.57,-0.37,6.57,0,-2.79,0,240.02,29.24,29.66,23.19,322.12,1572.11,-1616.76,-55.3200000000002,-7.51999999999998,No Change
May 2043,Socorro-Sierra,NCAR,Low,No Change,322.14,3.59,201.09,99.54,81.74,4.44,4.01,-0.21,8.51,0,-2.93,0,310.04,30.77,36.54,28.25,405.59,1626.26,-1640.1,54.1500000000001,-23.3399999999999,No Change
Jun 2043,Socorro-Sierra,NCAR,Low,No Change,486.45,5.95,129.18,128.27,11.75,22.77,4.48,-0.03,12.85,0,-1.88,0,467.64,19.77,40.59,34.97,562.98,1671.24,-1666.99,44.98,-26.8900000000001,No Change
Jul 2043,Socorro-Sierra,NCAR,Low,No Change,1655.59,19.26,113.08,138.31,4.63,26.34,3.2,-0.46,43.74,0,-1.75,0,1592.6,17.47,32.82,31.76,1674.65,1624.14,-1695.5,-47.0999999999999,-28.51,No Change
Aug 2043,Socorro-Sierra,NCAR,Low,No Change,1142.12,12.3,118.07,108.65,34.61,29.28,3.5,-0.39,30.17,0,-1.79,0,1099.65,18.19,27.12,28.3,1173.26,1573.27,-1688.93,-50.8700000000001,6.56999999999994,No Change
Sep 2043,Socorro-Sierra,NCAR,Low,No Change,331.7,3.18,63.02,57.34,19.94,19.82,3.95,-0.25,8.76,0,-0.92,0,319.75,9.65,25.12,23.83,378.36,1555.36,-1692.74,-17.9100000000001,-3.80999999999995,No Change
Oct 2043,Socorro-Sierra,NCAR,Low,No Change,638.79,7.42,69.19,16.07,53.42,2.49,2.63,-0.7,16.87,0,-1.04,0,614.49,10.65,17.47,14.57,657.18,1534.56,-1712.92,-20.8,-20.1800000000001,No Change
Nov 2043,Socorro-Sierra,NCAR,Low,No Change,17.47,0.13,37.96,0.16,33.56,0.36,1.08,-1.23,0.46,0,0.18,0,16.88,4.55,11.17,0.5,33.1,1571.35,-1714.99,36.79,-2.06999999999994,No Change
Dec 2043,Socorro-Sierra,NCAR,Low,No Change,49.16,0.48,40.75,0.1,36.25,0.3,0.89,-1.24,1.3,0,0.05,0,47.39,5.13,6.59,0,59.1,1595.69,-1717.15,24.3400000000001,-2.16000000000008,No Change
Jan 2044,Socorro-Sierra,NCAR,Low,No Change,88.66,1.14,25.71,7.58,16.18,0.47,0.89,-1.24,2.34,0,-0.38,0,85.17,3.95,6.84,0,95.97,1627.17,-1717.93,31.48,-0.779999999999973,No Change
Feb 2044,Socorro-Sierra,NCAR,Low,No Change,411.94,4.85,58.54,28.68,26.88,0.3,0.89,-1.24,10.88,0,-0.89,0,396.2,9.02,8.85,0,414.07,1638.17,-1718.11,11,-0.179999999999836,No Change
Mar 2044,Socorro-Sierra,NCAR,Low,No Change,186.43,2,73.15,108.61,0.02,43.62,0.91,-1.24,4.92,0,-1.09,0,179.5,11.23,17.68,0.07,208.48,1658.04,-1710.24,19.8699999999999,7.86999999999989,No Change
Apr 2044,Socorro-Sierra,NCAR,Low,No Change,77.86,0.66,75.17,88.27,16.59,39.44,3.14,-0.65,2.06,0,-1.09,0,75.15,11.5,29.06,14.01,129.73,1598.9,-1708.62,-59.1399999999999,1.62000000000012,No Change
May 2044,Socorro-Sierra,NCAR,Low,No Change,830.36,7.77,137.4,101.28,28.39,3.57,3.5,-0.43,21.94,0,-2.06,0,800.65,21.12,34.24,27.58,883.6,1550.77,-1725.45,-48.1300000000001,-16.8300000000002,No Change
Jun 2044,Socorro-Sierra,NCAR,Low,No Change,503.33,5.22,38.83,129.27,11.37,101.96,4.47,-0.07,13.3,0,-0.57,0,484.82,5.96,38.18,33.9,562.86,1545.28,-1737.08,-5.49000000000001,-11.6299999999999,No Change
Jul 2044,Socorro-Sierra,NCAR,Low,No Change,1928.08,21.77,116.66,139.52,3.94,21.27,2.89,-0.58,50.93,0,-1.83,0,1855.37,18.07,29.02,30.54,1933,1421.04,-1762.81,-124.24,-25.73,No Change
Aug 2044,Socorro-Sierra,NCAR,Low,No Change,2186.93,25.58,136.41,113.37,56.37,26.74,2.29,-0.76,57.77,0,-2.13,0,2103.58,21.13,22.34,26.57,2173.63,1378.16,-1747.71,-42.8799999999999,15.0999999999999,No Change
Sep 2044,Socorro-Sierra,NCAR,Low,No Change,662.84,8.09,50.08,62.49,10.51,21.78,3.38,-0.41,17.51,0,-0.75,0,637.24,7.7,21.99,22.85,689.78,1388.49,-1721.7,10.3299999999999,26.01,No Change
Oct 2044,Socorro-Sierra,NCAR,Low,No Change,1047.17,11.89,84.03,17.77,67.77,1.32,1.83,-0.99,27.66,0,-1.3,0,1007.62,12.99,14,9.79,1044.4,1359.02,-1731.57,-29.47,-9.86999999999989,No Change
Nov 2044,Socorro-Sierra,NCAR,Low,No Change,2.94,0.02,27.47,0.1,24.28,0.3,0.89,-1.25,0.08,0,0.14,0,2.84,3.26,10.31,0,16.42,1414.29,-1717.82,55.27,13.75,No Change
Dec 2044,Socorro-Sierra,NCAR,Low,No Change,445.42,5.31,68.95,0.9,64.09,0.3,0.89,-1.25,11.77,0,-1.04,0,428.34,10.62,6.12,0,445.08,1430.1,-1719.74,15.8099999999999,-1.92000000000007,No Change
Jan 2045,Socorro-Sierra,NCAR,Low,No Change,577.6,6.8,88.94,8.42,75.28,0.3,0.89,-1.25,15.26,0,-1.34,0,555.54,13.69,5.53,0,574.76,1489.9,-1711.15,59.8000000000002,8.58999999999992,No Change
Feb 2045,Socorro-Sierra,NCAR,Low,No Change,377.26,4.13,84.91,28.08,49.48,0.3,0.89,-1.24,9.97,0,-1.27,0,363.16,13.05,7.98,0,384.19,1561.49,-1699.37,71.5899999999999,11.7800000000002,No Change
Mar 2045,Socorro-Sierra,NCAR,Low,No Change,432.56,4.26,122.64,108.37,27.91,26.39,0.89,-1.24,11.43,0,-1.83,0,416.87,18.84,16.27,0,451.98,1604.84,-1692.81,43.3499999999999,6.55999999999995,No Change
Apr 2045,Socorro-Sierra,NCAR,Low,No Change,172.57,1.8,108.2,88.13,17.53,10.64,3.37,-0.51,4.56,0,-1.58,0,166.21,16.56,30.61,18.86,232.23,1592.23,-1685.35,-12.6099999999999,7.46000000000004,No Change
May 2045,Socorro-Sierra,NCAR,Low,No Change,319.35,3.69,154.18,100.29,41.01,4.77,4.24,-0.13,8.44,0,-2.24,0,307.23,23.58,39.02,31.25,401.08,1572.39,-1705.11,-19.8399999999999,-19.76,No Change
Jun 2045,Socorro-Sierra,NCAR,Low,No Change,29.85,0.3,22.17,128.22,12.61,121.39,5.26,0.2,0.79,0,-0.28,0,28.77,3.32,42.76,37.3,112.16,1573.98,-1734.53,1.58999999999992,-29.4200000000001,No Change
Jul 2045,Socorro-Sierra,NCAR,Low,No Change,1705.63,20.2,71.86,139.94,4.5,62.41,3.09,-0.49,45.06,0,-1.15,0,1640.38,11.17,29.68,31.43,1712.65,1427.48,-1776.38,-146.5,-41.8500000000001,No Change
Aug 2045,Socorro-Sierra,NCAR,Low,No Change,2028.94,24.85,101.28,114.12,24.86,26.97,2.4,-0.7,53.6,0,-1.6,0,1950.49,15.71,22.33,26.96,2015.49,1343.48,-1767.48,-84,8.90000000000009,No Change
Sep 2045,Socorro-Sierra,NCAR,Low,No Change,954.39,12.24,49.53,64,11.57,20.69,2.9,-0.55,25.21,0,-0.76,0,916.94,7.65,19.91,21.81,966.31,1322.14,-1745.54,-21.3399999999999,21.9400000000001,No Change
Oct 2045,Socorro-Sierra,NCAR,Low,No Change,185.04,2.13,32.91,14.75,18.96,3.22,3.19,-0.52,4.89,0,-0.47,0,178.02,5.03,16.58,15.1,214.73,1296.55,-1746.34,-25.5900000000001,-0.799999999999955,No Change
Nov 2045,Socorro-Sierra,NCAR,Low,No Change,397.35,4.85,71.74,0.89,66.13,0.38,1.01,-1.23,10.5,0,-1.08,0,382,11.03,9.85,0.47,403.35,1299.42,-1760.74,2.87000000000012,-14.4000000000001,No Change
Dec 2045,Socorro-Sierra,NCAR,Low,No Change,202.13,2.4,44.55,0.3,40.77,0.3,0.89,-1.25,5.34,0,-0.67,0,194.38,6.85,6.49,0,207.73,1357.55,-1754.03,58.1299999999999,6.71000000000004,No Change
Jan 2046,Socorro-Sierra,NCAR,Low,No Change,576.4,6.98,71.39,8.89,59.86,0.3,0.89,-1.25,15.23,0,-1.08,0,554.2,11,6.18,0,571.38,1393.68,-1751.5,36.1300000000001,2.52999999999997,No Change
Feb 2046,Socorro-Sierra,NCAR,Low,No Change,368.16,4.12,83.58,28.19,48.21,0.3,0.9,-1.25,9.73,0,-1.25,0,354.32,12.85,9.34,0,376.5,1449.2,-1739.5,55.52,12,No Change
Mar 2046,Socorro-Sierra,NCAR,Low,No Change,180.75,1.69,77.5,108.43,0.11,40.1,1,-1.23,4.77,0,-1.15,0,174.28,11.9,17.96,0.39,204.53,1489.91,-1733.17,40.71,6.32999999999993,No Change
Apr 2046,Socorro-Sierra,NCAR,Low,No Change,452.92,4.65,117.3,88.86,18.82,1.99,2.65,-0.83,11.96,0,-1.74,0,436.31,18.01,25.65,11.6,491.57,1434.19,-1732.17,-55.72,1,No Change
May 2046,Socorro-Sierra,NCAR,Low,No Change,554.08,5.94,151.36,101.05,38.91,3.64,3.45,-0.41,14.64,0,-2.23,0,533.5,23.2,29.34,24.36,610.4,1428.84,-1737.04,-5.35000000000014,-4.86999999999989,No Change
Jun 2046,Socorro-Sierra,NCAR,Low,No Change,292.36,3.08,149.25,127.2,11.62,7.14,4.66,-0.01,7.72,0,-2.16,0,281.55,22.82,36.58,33.4,374.35,1438.64,-1752.85,9.80000000000018,-15.8099999999999,No Change
Jul 2046,Socorro-Sierra,NCAR,Low,No Change,1082.89,12.67,83.03,137.43,5.76,59.03,3.79,-0.27,28.61,0,-1.26,0,1041.62,12.79,30.99,31.75,1117.14,1411.21,-1785.36,-27.4300000000001,-32.51,No Change
Aug 2046,Socorro-Sierra,NCAR,Low,No Change,783.55,8.27,116.73,107.83,31.18,30.2,4,-0.24,20.7,0,-1.74,0,754.58,17.92,26.26,29.23,827.99,1331.02,-1793.82,-80.1900000000001,-8.46000000000004,No Change
Sep 2046,Socorro-Sierra,NCAR,Low,No Change,2092.34,24.36,125.75,66.1,84.61,18.12,2.01,-0.87,55.27,0,-1.98,0,2012.71,19.49,19.73,23.22,2075.16,1309.97,-1808.32,-21.05,-14.5,No Change
Oct 2046,Socorro-Sierra,NCAR,Low,No Change,1319.92,14.4,108.91,18.15,91.17,1.18,1.74,-1.03,34.87,0,-1.69,0,1270.66,16.84,14.16,10.86,1312.53,1359.6,-1781.12,49.6299999999999,27.2,No Change
Nov 2046,Socorro-Sierra,NCAR,Low,No Change,47.65,0.45,50.9,0.1,45.11,0.3,0.9,-1.25,1.26,0,0.1,0,45.94,6.34,10.22,0,62.49,1438.2,-1761.58,78.6000000000001,19.54,No Change
Dec 2046,Socorro-Sierra,NCAR,Low,No Change,43.75,0.48,46.31,0.1,41.09,0.3,0.9,-1.25,1.16,0,0.04,0,42.11,5.85,5.85,0,53.82,1474.93,-1762.36,36.73,-0.779999999999973,No Change
Jan 2047,Socorro-Sierra,NCAR,Low,No Change,351.18,4.26,69.7,7.93,56.66,0.3,0.9,-1.25,9.28,0,-1.04,0,337.64,10.72,6.79,0,355.15,1512.01,-1763.31,37.0799999999999,-0.950000000000045,No Change
Feb 2047,Socorro-Sierra,NCAR,Low,No Change,444.47,5.16,77.1,28.54,43.32,0.3,0.9,-1.24,11.74,0,-1.16,0,427.57,11.86,9.39,0,448.82,1563.73,-1757.22,51.72,6.08999999999992,No Change
Mar 2047,Socorro-Sierra,NCAR,Low,No Change,249.3,2.7,91.44,108.52,0.13,27.19,1.03,-1.22,6.59,0,-1.36,0,240.02,14.04,19.15,0.53,273.72,1599.5,-1748.79,35.77,8.43000000000006,No Change
Apr 2047,Socorro-Sierra,NCAR,Low,No Change,52.73,0.6,176.7,86.87,68.05,2.1,2.82,-0.8,1.39,0,-2.58,0,50.74,27.05,25.97,9.77,113.53,1555.55,-1746.33,-43.95,2.46000000000004,No Change
May 2047,Socorro-Sierra,NCAR,Low,No Change,318.7,3.51,163.36,100.06,48.65,4.47,4.05,-0.2,8.42,0,-2.38,0,306.77,24.99,36.58,28.4,396.75,1599.14,-1760.9,43.5900000000001,-14.5700000000002,No Change
Jun 2047,Socorro-Sierra,NCAR,Low,No Change,86.47,1,86.65,127.51,12.18,64.01,5,0.12,2.28,0,-1.23,0,83.18,13.2,40.48,34.92,171.79,1611,-1787.51,11.8599999999999,-26.6099999999999,No Change
Jul 2047,Socorro-Sierra,NCAR,Low,No Change,1306.38,15.85,111.79,137.85,5.34,31.08,3.52,-0.34,34.51,0,-1.69,0,1256.02,17.22,31.92,31.77,1336.93,1523.56,-1826.26,-87.4400000000001,-38.75,No Change
Aug 2047,Socorro-Sierra,NCAR,Low,No Change,1508.76,17.38,149.24,110.2,63.94,28.25,2.98,-0.54,39.86,0,-2.27,0,1451.53,23,24.53,27.25,1526.31,1469.76,-1829.07,-53.8,-2.80999999999995,No Change
Sep 2047,Socorro-Sierra,NCAR,Low,No Change,440.48,5.26,39.63,59.7,5.29,25.58,3.59,-0.35,11.64,0,-0.58,0,423.59,6.07,22.35,22.08,474.09,1484.44,-1822.26,14.6800000000001,6.80999999999995,No Change
Oct 2047,Socorro-Sierra,NCAR,Low,No Change,205.69,2.33,43.85,14.61,28.2,2.71,2.92,-0.65,5.43,0,-0.64,0,197.93,6.72,16.51,12.26,233.41,1445.73,-1837.22,-38.71,-14.96,No Change
Nov 2047,Socorro-Sierra,NCAR,Low,No Change,318.88,3.5,74.07,0.15,67.44,0.3,0.9,-1.25,8.42,0,-1.11,0,306.96,11.39,9.28,0,327.63,1458.27,-1848.25,12.54,-11.03,No Change
Dec 2047,Socorro-Sierra,NCAR,Low,No Change,63.74,0.64,37.44,0.1,33.46,0.3,0.9,-1.25,1.68,0,-0.04,0,61.41,4.87,6.53,0,72.81,1518.28,-1843.09,60.01,5.16000000000008,No Change
Jan 2048,Socorro-Sierra,NCAR,Low,No Change,216.45,2.54,44.71,7.72,33.63,0.3,0.9,-1.24,5.72,0,-0.67,0,208.19,6.88,6.78,0,221.85,1547.05,-1843.6,28.77,-0.509999999999991,No Change
Feb 2048,Socorro-Sierra,NCAR,Low,No Change,260.57,2.7,72.26,27.83,37.41,0.3,0.9,-1.24,6.88,0,-1.08,0,250.99,11.1,10.7,0,272.79,1575.74,-1840.7,28.6900000000001,2.89999999999986,No Change
Mar 2048,Socorro-Sierra,NCAR,Low,No Change,166.89,1.69,64.96,108.55,0.58,51.49,1.4,-1.14,4.41,0,-0.96,0,160.79,9.97,21.63,2.33,194.72,1604.29,-1837.04,28.55,3.66000000000008,No Change
Apr 2048,Socorro-Sierra,NCAR,Low,No Change,483.15,4.86,173.29,88.03,69.18,3.08,3.07,-0.55,12.76,0,-2.55,0,465.53,26.56,25.69,20.17,537.96,1534.29,-1838.46,-70,-1.42000000000007,No Change
May 2048,Socorro-Sierra,NCAR,Low,No Change,197.31,2.01,121.13,100.25,27.15,21.03,4.02,-0.22,5.21,0,-1.75,0,190.09,18.52,33.68,26.27,268.56,1578.32,-1852.05,44.03,-13.5899999999999,No Change
Jun 2048,Socorro-Sierra,NCAR,Low,No Change,156.94,1.66,38.02,128.38,11.97,105.91,4.89,0.08,4.15,0,-0.53,0,151.13,5.77,39.08,34.37,230.36,1554.99,-1879.1,-23.3299999999999,-27.05,No Change
Jul 2048,Socorro-Sierra,NCAR,Low,No Change,1181.97,13,80.96,137.31,5.46,60.08,3.72,-0.32,31.22,0,-1.25,0,1137.75,12.5,30.83,31.43,1212.51,1426.78,-1914.66,-128.21,-35.5600000000002,No Change
Aug 2048,Socorro-Sierra,NCAR,Low,No Change,1099.54,12.32,119.91,109.23,35.65,29.3,3.51,-0.39,29.05,0,-1.81,0,1058.17,18.45,24.68,28.08,1129.39,1345.37,-1920.15,-81.4100000000001,-5.49000000000001,No Change
Sep 2048,Socorro-Sierra,NCAR,Low,No Change,899.95,10.15,84.29,60.08,41.5,18.84,3.17,-0.5,23.77,0,-1.28,0,866.03,12.98,21.08,22.78,922.87,1330.93,-1924.88,-14.4399999999998,-4.73000000000002,No Change
Oct 2048,Socorro-Sierra,NCAR,Low,No Change,2125.95,24.99,135.46,22.44,119.52,0.38,1,-1.23,56.16,0,-2.13,0,2044.8,21,12.91,10.08,2088.79,1336.18,-1928.83,5.25,-3.94999999999982,No Change
Nov 2048,Socorro-Sierra,NCAR,Low,No Change,1272.94,15.62,140.86,3.64,133.57,0.31,0.9,-1.25,33.63,0,-2.14,0,1223.69,21.71,7.96,0,1253.37,1444.64,-1887.11,108.46,41.72,No Change
Dec 2048,Socorro-Sierra,NCAR,Low,No Change,458.54,6.04,56.1,1.33,53.32,0.31,0.9,-1.24,12.11,0,-0.85,0,440.39,8.64,6.28,0,455.31,1572.1,-1857.78,127.46,29.3299999999999,No Change
Jan 2049,Socorro-Sierra,NCAR,Low,No Change,347.04,4.21,63.76,7.91,51.51,0.31,0.91,-1.24,9.17,0,-0.96,0,333.66,9.81,6.57,0,350.04,1620.97,-1848.67,48.8700000000001,9.1099999999999,No Change
Feb 2049,Socorro-Sierra,NCAR,Low,No Change,116.53,1.2,62.46,27.58,27.72,0.31,0.91,-1.24,3.08,0,-0.92,0,112.25,9.58,11.29,0,133.13,1667.75,-1842.6,46.78,6.07000000000016,No Change
Mar 2049,Socorro-Sierra,NCAR,Low,No Change,130.23,1.24,75.42,108.32,0.17,42.29,1.08,-1.21,3.44,0,-1.12,0,125.55,11.57,20.06,0.61,157.8,1686.02,-1842.59,18.27,0.00999999999999091,No Change
Apr 2049,Socorro-Sierra,NCAR,Low,No Change,227.55,2.14,125.82,87.93,26.24,3.63,3.45,-0.41,6.01,0,-1.83,0,219.4,19.25,28.06,21.5,288.22,1626.12,-1843.17,-59.9000000000001,-0.580000000000155,No Change
May 2049,Socorro-Sierra,NCAR,Low,No Change,536.77,5.99,226.63,99.84,105.28,3.89,3.62,-0.35,14.18,0,-3.32,0,516.61,34.71,33.79,26.26,611.37,1624.54,-1864.35,-1.57999999999993,-21.1799999999998,No Change
Jun 2049,Socorro-Sierra,NCAR,Low,No Change,717.81,7.77,219.32,127.23,74.05,4.57,4.14,-0.17,18.96,0,-3.22,0,691.08,33.61,38.66,32.87,796.23,1696.09,-1883.72,71.55,-19.3700000000001,No Change
Jul 2049,Socorro-Sierra,NCAR,Low,No Change,1071.6,12.74,86.94,136.74,5.89,55.01,3.84,-0.24,28.31,0,-1.31,0,1030.55,13.39,35.21,32.3,1111.44,1731.22,-1905.17,35.1300000000001,-21.45,No Change
Aug 2049,Socorro-Sierra,NCAR,Low,No Change,2105.71,24.63,141.12,111.83,61.31,27.03,2.47,-0.7,55.63,0,-2.19,0,2025.45,21.83,25.81,27.55,2100.65,1650.98,-1914.56,-80.24,-9.38999999999987,No Change
Sep 2049,Socorro-Sierra,NCAR,Low,No Change,2777.12,32.89,147.36,68.96,109.71,18.97,1.46,-1.04,73.36,0,-2.34,0,2670.87,22.89,20.93,21.89,2736.58,1662.62,-1891.84,11.6399999999999,22.72,No Change
Oct 2049,Socorro-Sierra,NCAR,Low,No Change,125.63,1.13,50.01,13.92,34.07,3.76,3.55,-0.37,3.32,0,-0.72,0,121.18,7.63,21.37,17.88,168.07,1734.92,-1845.21,72.3000000000002,46.6299999999999,No Change
Nov 2049,Socorro-Sierra,NCAR,Low,No Change,255.1,3.18,57.77,0.23,53.03,0.32,0.93,-1.23,6.74,0,-0.86,0,245.18,8.88,10.8,0.08,264.95,1747.78,-1864.41,12.8599999999999,-19.2,No Change
Dec 2049,Socorro-Sierra,NCAR,Low,No Change,24.14,0.27,38.34,0.11,33.98,0.31,0.91,-1.23,0.64,0,0.11,0,23.24,4.71,7.12,0,35.07,1791.85,-1860.77,44.0699999999999,3.6400000000001,No Change
Jan 2050,Socorro-Sierra,NCAR,Low,No Change,178.75,1.93,64.31,7.12,50.52,0.31,0.91,-1.23,4.72,0,-0.96,0,172.09,9.88,7.74,0,189.71,1820.53,-1862.16,28.6800000000001,-1.3900000000001,No Change
Feb 2050,Socorro-Sierra,NCAR,Low,No Change,166.41,1.79,61.27,27.7,27.18,0.31,0.91,-1.23,4.4,0,-0.91,0,160.23,9.41,12.69,0.01,182.33,1865.14,-1860.54,44.6100000000001,1.62000000000012,No Change
Mar 2050,Socorro-Sierra,NCAR,Low,No Change,371.42,3.61,103.81,108.1,12.16,27.25,2.01,-1.03,9.81,0,-1.55,0,358,15.95,19.76,3.75,397.46,1881.46,-1859.2,16.3199999999999,1.33999999999992,No Change
Apr 2050,Socorro-Sierra,NCAR,Low,No Change,227.96,2.31,137.79,87.76,35.05,1.8,2.62,-0.86,6.02,0,-2.03,0,219.63,21.12,28.4,8.5,277.65,1849.66,-1857.72,-31.8,1.48000000000002,No Change
May 2050,Socorro-Sierra,NCAR,Low,No Change,634.19,6.5,238.08,99.4,116.18,3.99,3.74,-0.31,16.75,0,-3.5,0,610.94,36.49,39.63,28.54,715.6,1857.99,-1865.71,8.32999999999993,-7.99000000000001,No Change
Jun 2050,Socorro-Sierra,NCAR,Low,No Change,242.31,2.88,123.96,127.33,12.1,29.74,4.87,0.09,6.4,0,-1.79,0,233.03,18.93,45.85,35.58,333.4,1934.6,-1885.05,76.6099999999999,-19.3399999999999,No Change
Jul 2050,Socorro-Sierra,NCAR,Low,No Change,3272.06,38.47,173.29,140.94,62.85,16.18,2.07,-0.82,86.44,0,-2.75,0,3147.16,26.91,32.22,30.04,3236.33,1875.89,-1920.79,-58.7099999999998,-35.74,No Change
Aug 2050,Socorro-Sierra,NCAR,Low,No Change,1504.01,17.49,116.78,109.42,36.88,28.26,3.01,-0.51,39.73,0,-1.79,0,1446.78,18.03,28.92,27.6,1521.33,1893.22,-1870.04,17.3299999999999,50.75,No Change
Sep 2050,Socorro-Sierra,NCAR,Low,No Change,70.68,0.82,43.76,59.95,6.53,27.94,4.27,-0.11,1.87,0,-0.61,0,68,6.65,28.91,24.34,127.9,1876.46,-1863.23,-16.76,6.80999999999995,No Change
Oct 2050,Socorro-Sierra,NCAR,Low,No Change,137.76,1.29,48.51,13.98,32.51,3.4,3.35,-0.46,3.64,0,-0.7,0,132.83,7.41,20.94,15.74,176.93,1830.52,-1890.69,-45.9400000000001,-27.46,No Change
Nov 2050,Socorro-Sierra,NCAR,Low,No Change,45.63,0.42,41.19,0.14,36.62,0.34,1.02,-1.22,1.21,0,0.1,0,44.01,5.1,12.02,0.29,61.42,1842.48,-1907.3,11.96,-16.6099999999999,No Change
Dec 2050,Socorro-Sierra,NCAR,Low,No Change,521.62,6.19,70.32,0.68,66.37,0.31,0.91,-1.23,13.78,0,-1.07,0,501.65,10.83,5.87,0,518.36,1868.98,-1908.53,26.5,-1.23000000000002,No Change
Jan 2051,Socorro-Sierra,NCAR,Low,No Change,581.23,7.01,84.5,8.02,72.07,0.31,0.91,-1.23,15.35,0,-1.28,0,558.87,13.01,7.93,0,579.81,1931.32,-1897.96,62.3399999999999,10.5699999999999,No Change
Feb 2051,Socorro-Sierra,NCAR,Low,No Change,132.01,1.4,49.34,27.75,24.1,7.95,0.91,-1.22,3.49,0,-0.73,0,127.13,7.58,11.81,0,146.52,1997.28,-1886.02,65.96,11.9400000000001,No Change
Mar 2051,Socorro-Sierra,NCAR,Low,No Change,102.38,1.06,54.09,108.59,0.06,61.01,0.97,-1.21,2.7,0,-0.8,0,98.62,8.3,21.05,0.21,128.18,2003.75,-1885.4,6.47000000000003,0.619999999999891,No Change
Apr 2051,Socorro-Sierra,NCAR,Low,No Change,312.61,3.53,104.88,88.54,15.49,10.16,2.58,-0.85,8.26,0,-1.55,0,300.82,16.09,29.65,9.25,355.82,1923.94,-1885.89,-79.8099999999999,-0.490000000000009,No Change
May 2051,Socorro-Sierra,NCAR,Low,No Change,251.79,2.76,157.8,99.82,43.21,4.32,3.94,-0.23,6.65,0,-2.29,0,242.38,24.14,37.41,26.07,329.99,1903.05,-1891.87,-20.8900000000001,-5.97999999999979,No Change
Jun 2051,Socorro-Sierra,NCAR,Low,No Change,175.66,2,78.24,127.78,12.34,70.69,5.07,0.15,4.64,0,-1.11,0,169.01,11.93,47.34,36.76,265.03,1908.7,-1917.74,5.65000000000009,-25.8700000000001,No Change
Jul 2051,Socorro-Sierra,NCAR,Low,No Change,1438.79,16.54,95.59,137.25,4.98,43.39,3.43,-0.39,38.01,0,-1.48,0,1384.24,14.77,34.91,31.37,1465.29,1807.94,-1955.89,-100.76,-38.1500000000001,No Change
Aug 2051,Socorro-Sierra,NCAR,Low,No Change,2070.41,24.26,131.87,111.51,53.34,27.08,2.48,-0.69,54.69,0,-2.06,0,1991.45,20.41,26.46,27.29,2065.62,1738.43,-1954.54,-69.51,1.35000000000014,No Change
Sep 2051,Socorro-Sierra,NCAR,Low,No Change,1579.14,18.43,89.47,63.77,51.26,19.6,2.46,-0.7,41.72,0,-1.4,0,1518.99,13.87,23.99,23.15,1580,1741.41,-1932.37,2.98000000000002,22.1700000000001,No Change
Oct 2051,Socorro-Sierra,NCAR,Low,No Change,212.34,2.49,41.18,14.64,25.44,2.12,2.56,-0.78,5.61,0,-0.61,0,204.24,6.32,17.23,9.06,236.85,1752.25,-1918.37,10.8399999999999,14,No Change
Nov 2051,Socorro-Sierra,NCAR,Low,No Change,1198.9,14.62,115.96,2.78,112,0.31,0.91,-1.23,31.67,0,-1.78,0,1152.6,17.9,9.79,0,1180.29,1761.67,-1925.77,9.42000000000007,-7.40000000000009,No Change
Dec 2051,Socorro-Sierra,NCAR,Low,No Change,284.91,3.27,54.24,0.14,50.16,0.31,0.92,-1.23,7.53,0,-0.82,0,274.11,8.35,6.83,0,289.29,1865.71,-1898.02,104.04,27.75,No Change
Jan 2052,Socorro-Sierra,NCAR,Low,No Change,67.97,0.79,31.11,7.33,20.56,0.31,0.92,-1.23,1.8,0,-0.46,0,65.38,4.78,7.03,0,77.2,1910.87,-1893.45,45.1599999999999,4.56999999999994,No Change
Feb 2052,Socorro-Sierra,NCAR,Low,No Change,83.15,0.87,36.63,27.84,24.06,19.49,0.92,-1.23,2.2,0,-0.55,0,80.08,5.63,11.93,0,97.64,1926.22,-1894.26,15.3500000000001,-0.809999999999945,No Change
Mar 2052,Socorro-Sierra,NCAR,Low,No Change,76.12,0.71,71.37,108.25,0.16,46.22,1.08,-1.2,2.01,0,-1.05,0,73.39,10.94,21.79,0.56,106.69,1921.01,-1894.75,-5.21000000000004,-0.490000000000009,No Change
Apr 2052,Socorro-Sierra,NCAR,Low,No Change,268.99,2.72,139.63,87.82,36.95,1.77,2.59,-0.87,7.11,0,-2.06,0,259.16,21.41,28.35,8.45,317.37,1855.44,-1896.63,-65.5699999999999,-1.88000000000011,No Change
May 2052,Socorro-Sierra,NCAR,Low,No Change,244.66,2.41,153.45,99.76,39.2,4.34,3.99,-0.22,6.46,0,-2.23,0,235.79,23.47,37.48,26.22,322.97,1865.74,-1903.5,10.3,-6.86999999999989,No Change
Jun 2052,Socorro-Sierra,NCAR,Low,No Change,105.28,1.23,71.61,127.74,12.24,77.03,5.04,0.14,2.78,0,-1.01,0,101.27,10.9,44.88,35.48,192.53,1867.33,-1929.71,1.58999999999992,-26.21,No Change
Jul 2052,Socorro-Sierra,NCAR,Low,No Change,2387.31,28.66,128.32,140.13,16.56,17.58,2.48,-0.68,63.06,0,-2.02,0,2295.58,19.9,31.81,30.23,2377.52,1762.55,-1968.31,-104.78,-38.5999999999999,No Change
Aug 2052,Socorro-Sierra,NCAR,Low,No Change,1645.99,18.34,149.42,109.5,65.52,28.03,2.91,-0.58,43.48,0,-2.29,0,1584.16,23.06,27.06,27.3,1661.58,1732.89,-1940.67,-29.6599999999999,27.6399999999999,No Change
Sep 2052,Socorro-Sierra,NCAR,Low,No Change,21.32,0.16,21.26,59.13,6.53,47.17,4.28,-0.12,0.56,0,-0.28,0,20.6,3.2,26.84,23.78,74.43,1746.8,-1930.26,13.9099999999999,10.4100000000001,No Change
Oct 2052,Socorro-Sierra,NCAR,Low,No Change,483.85,5.51,65.35,15.26,49.03,2.5,2.73,-0.69,12.78,0,-0.98,0,465.56,10.04,18.31,13.18,507.1,1683.72,-1958.15,-63.0799999999999,-27.8900000000001,No Change
Nov 2052,Socorro-Sierra,NCAR,Low,No Change,69.87,0.6,48.95,0.11,43.55,0.32,0.94,-1.23,1.85,0,0.09,0,67.43,6.1,10.47,0.05,84.05,1715.37,-1962.95,31.6499999999999,-4.79999999999995,No Change
Dec 2052,Socorro-Sierra,NCAR,Low,No Change,46.07,0.47,39.11,0.11,34.82,0.31,0.92,-1.23,1.22,0,0.05,0,44.39,4.91,7.12,0,56.42,1750.3,-1963.24,34.9300000000001,-0.289999999999964,No Change
Jan 2053,Socorro-Sierra,NCAR,Low,No Change,480.69,5.7,77.92,7.96,65.16,0.31,0.92,-1.23,12.7,0,-1.17,0,462.29,11.99,6.49,0,480.78,1779.84,-1964.12,29.54,-0.879999999999882,No Change
Feb 2053,Socorro-Sierra,NCAR,Low,No Change,255.39,2.62,59.73,27.88,26.49,0.31,0.92,-1.23,6.75,0,-0.9,0,246.03,9.19,12.27,0,267.48,1840.34,-1954.75,60.5,9.36999999999989,No Change
Mar 2053,Socorro-Sierra,NCAR,Low,No Change,134,1.32,62.8,108.5,0.2,53.29,1.11,-1.19,3.54,0,-0.93,0,129.15,9.64,21.61,0.74,161.14,1856.41,-1951.05,16.0700000000002,3.70000000000005,No Change
Apr 2053,Socorro-Sierra,NCAR,Low,No Change,128.49,1.18,79.75,88.33,18.59,37.03,3.69,-0.32,3.39,0,-1.15,0,123.92,12.18,31.53,23.01,190.63,1784.01,-1951.48,-72.4000000000001,-0.430000000000064,No Change
May 2053,Socorro-Sierra,NCAR,Low,No Change,292.07,2.6,95.73,100.6,27.05,42.57,4.04,-0.22,7.72,0,-1.4,0,281.75,14.65,36.91,27.09,360.41,1738.06,-1976.26,-45.95,-24.78,No Change
Jun 2053,Socorro-Sierra,NCAR,Low,No Change,364,3.92,39,128.9,11.39,102.77,4.53,-0.05,9.62,0,-0.56,0,350.46,5.96,38.8,32.54,427.76,1689.9,-2001.29,-48.1599999999999,-25.03,No Change
Jul 2053,Socorro-Sierra,NCAR,Low,No Change,1734.53,20.36,80.24,139.36,4.38,54.31,3.09,-0.5,45.82,0,-1.27,0,1668.35,12.46,31.15,31.05,1743.01,1564.3,-2029.36,-125.6,-28.0699999999999,No Change
Aug 2053,Socorro-Sierra,NCAR,Low,No Change,1820.87,23.21,91.19,113.35,15.77,27.43,2.65,-0.61,48.1,0,-1.43,0,1749.56,14.12,24.57,27.84,1816.09,1486.79,-2019.44,-77.51,9.91999999999985,No Change
Sep 2053,Socorro-Sierra,NCAR,Low,No Change,464.45,5.23,59.5,60.27,17.59,21.38,3.69,-0.33,12.27,0,-0.88,0,446.96,9.12,23,22.93,502.01,1453.83,-2003.87,-32.96,15.5700000000002,No Change
Oct 2053,Socorro-Sierra,NCAR,Low,No Change,730.4,7.4,94.23,15.51,74.52,1.49,2.11,-0.95,19.29,0,-1.43,0,703.7,14.53,14.56,8.32,741.11,1431.06,-2019.43,-22.77,-15.5600000000002,No Change
Nov 2053,Socorro-Sierra,NCAR,Low,No Change,65.81,0.59,48.62,0.11,43.24,0.31,0.92,-1.25,1.74,0,0.06,0,63.49,6.12,8.59,0,78.2,1492.58,-2012.95,61.52,6.48000000000002,No Change
Dec 2053,Socorro-Sierra,NCAR,Low,No Change,249.06,2.95,53.46,0.27,49.03,0.31,0.92,-1.24,6.58,0,-0.8,0,239.53,8.22,5.76,0,253.51,1529.08,-2013.32,36.5,-0.369999999999891,No Change
Jan 2054,Socorro-Sierra,NCAR,Low,No Change,333.83,3.7,83.88,7.42,68.84,0.31,0.92,-1.24,8.82,0,-1.25,0,321.32,12.89,8.18,0,342.39,1574.21,-2009.71,45.1300000000001,3.6099999999999,No Change
Feb 2054,Socorro-Sierra,NCAR,Low,No Change,97.31,1.06,54.66,27.68,24.08,3.62,0.92,-1.24,2.57,0,-0.81,0,93.69,8.39,11.12,0,113.19,1636.72,-2004.31,62.51,5.40000000000009,No Change
Mar 2054,Socorro-Sierra,NCAR,Low,No Change,108.6,1.01,77.34,108.28,0.04,40.69,0.96,-1.24,2.87,0,-1.14,0,104.73,11.86,18.02,0.13,134.74,1648.22,-2004.72,11.5,-0.410000000000082,No Change
Apr 2054,Socorro-Sierra,NCAR,Low,No Change,394.2,3.72,191.75,87.35,83.16,1.62,2.51,-0.92,10.41,0,-2.83,0,380.06,29.41,25.45,7.74,442.67,1591.74,-2005.31,-56.48,-0.589999999999918,No Change
May 2054,Socorro-Sierra,NCAR,Low,No Change,589.9,6.37,174.44,100.61,59.95,3.92,3.67,-0.34,15.58,0,-2.57,0,567.95,26.74,35.2,27.17,657.05,1651.26,-2008.9,59.52,-3.59000000000015,No Change
Jun 2054,Socorro-Sierra,NCAR,Low,No Change,242.56,2.81,123.53,127.47,11.69,29.9,4.69,0.01,6.41,0,-1.78,0,233.33,18.87,39.26,33.04,324.51,1676.1,-2027.07,24.8399999999999,-18.1699999999998,No Change
Jul 2054,Socorro-Sierra,NCAR,Low,No Change,754.9,8.06,108.82,135.15,6.41,39.77,4.26,-0.15,19.94,0,-1.62,0,726.89,16.71,34.4,31.7,809.7,1623.31,-2060.16,-52.79,-33.0899999999999,No Change
Aug 2054,Socorro-Sierra,NCAR,Low,No Change,1110.9,12.38,112.14,108.91,29.37,29.33,3.56,-0.37,29.35,0,-1.7,0,1069.17,17.27,27.3,28.39,1142.13,1559.96,-2077.94,-63.3499999999999,-17.7800000000002,No Change
Sep 2054,Socorro-Sierra,NCAR,Low,No Change,1666.84,18.26,151.36,61.49,104.87,17.78,2.41,-0.77,44.03,0,-2.33,0,1604.54,23.37,21.76,22.58,1672.26,1536.64,-2082.62,-23.3199999999999,-4.67999999999984,No Change
Oct 2054,Socorro-Sierra,NCAR,Low,No Change,172.72,1.89,44.03,14.37,28.43,2.98,3.11,-0.58,4.56,0,-0.64,0,166.27,6.74,18.35,13.49,204.85,1605.15,-2066.67,68.51,15.9499999999998,No Change
Nov 2054,Socorro-Sierra,NCAR,Low,No Change,486.17,5.55,104.84,0.28,95.94,0.37,1,-1.23,12.84,0,-1.57,0,467.77,16.12,11.01,0.32,495.21,1615.93,-2079.93,10.78,-13.2599999999998,No Change
Dec 2054,Socorro-Sierra,NCAR,Low,No Change,138.47,1.24,72.65,0.11,64.82,0.32,0.93,-1.24,3.66,0,0.02,0,133.57,9.26,7.42,0,150.25,1702.73,-2071.2,86.8,8.73000000000002,No Change
Jan 2055,Socorro-Sierra,NCAR,Low,No Change,475.3,5.38,117.7,7.26,99.82,0.32,0.93,-1.23,12.56,0,-1.76,0,457.36,18.08,8.71,0,484.16,1761.97,-2069.68,59.24,1.51999999999998,No Change
Feb 2055,Socorro-Sierra,NCAR,Low,No Change,157.1,1.74,64.8,27.65,30.22,0.32,0.93,-1.23,4.15,0,-0.96,0,151.21,9.95,11.88,0,173.04,1854.91,-2061.05,92.9400000000001,8.62999999999965,No Change
Mar 2055,Socorro-Sierra,NCAR,Low,No Change,338.99,2.89,165.65,107.21,64.98,26.62,1.03,-1.21,8.95,0,-2.45,0,327.14,25.42,20.85,0.4,373.8,1875.09,-2060.01,20.1799999999998,1.03999999999996,No Change
Apr 2055,Socorro-Sierra,NCAR,Low,No Change,74.53,0.7,223.93,86.15,109.41,1.95,2.77,-0.82,1.97,0,-3.27,0,71.86,34.28,29.2,8.69,144.03,1894.84,-2056.15,19.75,3.86000000000013,No Change
May 2055,Socorro-Sierra,NCAR,Low,No Change,545.34,5.95,221.14,99.52,100.86,3.92,3.66,-0.32,14.41,0,-3.24,0,524.98,33.88,38.68,26.54,624.08,1976.69,-2069.73,81.8500000000001,-13.5799999999999,No Change
Jun 2055,Socorro-Sierra,NCAR,Low,No Change,372.17,3.48,217.21,125.91,69.72,5.02,4.53,-0.05,9.83,0,-3.17,0,358.85,33.25,43.28,32.13,467.52,2038.94,-2089.1,62.25,-19.3699999999999,No Change
Jul 2055,Socorro-Sierra,NCAR,Low,No Change,1123.64,12.44,248.26,133.29,97.11,4.12,3.8,-0.27,29.68,0,-3.68,0,1081.52,38.1,39.28,31.34,1190.25,2064.94,-2119.15,26,-30.0500000000002,No Change
Aug 2055,Socorro-Sierra,NCAR,Low,No Change,992.69,13.19,234.39,107.05,112.12,4.08,3.58,-0.28,26.22,0,-3.45,0,953.28,35.93,34.56,28.77,1052.54,2122.72,-2128.56,57.7799999999997,-9.40999999999985,No Change
Sep 2055,Socorro-Sierra,NCAR,Low,No Change,266.06,2.64,235.12,177.48,32.02,4.29,3.95,-0.23,7.03,0,-3.42,0,256.39,35.98,31.91,22.94,347.21,2200.07,-2138.42,77.3500000000004,-9.86000000000013,No Change
Oct 2055,Socorro-Sierra,NCAR,Low,No Change,463.74,5.43,165.5,128.39,21.62,2.02,2.43,-0.8,12.25,0,-2.44,0,446.06,25.38,22.83,10.06,504.31,2200.07,-2161.93,0,-23.5099999999998,No Change
Nov 2055,Socorro-Sierra,NCAR,Low,No Change,62.38,0.62,55.82,11.12,37.9,0.32,0.93,-1.22,1.65,0,-0.82,0,60.12,8.56,14.74,0,83.42,2200.07,-2165.41,0,-3.48000000000002,No Change
Dec 2055,Socorro-Sierra,NCAR,Low,No Change,50.88,0.5,44.73,31.44,7.91,0.32,0.93,-1.22,1.34,0,-0.66,0,49.03,6.86,9.75,0,65.64,2225.07,-2166.74,25,-1.32999999999993,No Change
Jan 2056,Socorro-Sierra,NCAR,Low,No Change,863.08,10.8,113.69,99.62,9.4,0.32,0.93,-1.22,22.8,0,-1.72,0,829.49,17.51,11.23,0,858.23,2225.07,-2168.21,0,-1.47000000000025,No Change
Feb 2056,Socorro-Sierra,NCAR,Low,No Change,223.33,2.45,64.47,49.34,8.96,0.32,0.93,-1.22,5.9,0,-0.96,0,214.97,9.91,13.73,0,238.61,2225.07,-2149.28,0,18.9299999999998,No Change
Mar 2056,Socorro-Sierra,NCAR,Low,No Change,137.94,1.46,70.26,108.34,0.07,46.43,1,-1.21,3.64,0,-1.04,0,132.84,10.78,23.93,0.27,167.82,2222.14,-2146.5,-2.93000000000029,2.7800000000002,No Change
Apr 2056,Socorro-Sierra,NCAR,Low,No Change,165.81,1.34,147.34,87.24,42.89,1.86,2.73,-0.84,4.38,0,-2.17,0,160.09,22.58,33.83,8.4,224.9,2154.06,-2146.37,-68.0799999999999,0.130000000000109,No Change
May 2056,Socorro-Sierra,NCAR,Low,No Change,91.68,0.64,217.93,113.54,79.5,4.64,4.23,-0.14,2.42,0,-3.16,0,88.62,33.32,44,26.68,192.62,2164.83,-2156.13,10.77,-9.76000000000022,No Change
Jun 2056,Socorro-Sierra,NCAR,Low,No Change,114.06,1.24,178.06,126.08,34.29,5.71,4.99,0.12,3.01,0,-2.57,0,109.81,27.2,50.8,34.65,222.46,2200.07,-2187.92,35.2400000000002,-31.79,No Change
Jul 2056,Socorro-Sierra,NCAR,Low,No Change,1127.12,12.15,135.34,134.35,14.45,20.1,3.84,-0.27,29.77,0,-2.04,0,1085.19,20.82,42.02,31.47,1179.51,2182.72,-2226.99,-17.3500000000004,-39.0699999999997,No Change
Aug 2056,Socorro-Sierra,NCAR,Low,No Change,1207.46,13.93,135.09,107.19,51.23,28.15,3.41,-0.39,31.9,0,-2.03,0,1161.63,20.79,34.39,28.16,1244.97,2139.16,-2234.83,-43.5599999999999,-7.84000000000015,No Change
Sep 2056,Socorro-Sierra,NCAR,Low,No Change,559.09,6.58,74.9,66.79,32.24,27.93,3.52,-0.36,14.77,0,-1.11,0,537.74,11.49,29.99,22.33,601.55,2131.65,-2236.93,-7.50999999999976,-2.09999999999991,No Change
Oct 2056,Socorro-Sierra,NCAR,Low,No Change,113.86,1.18,35.58,14.95,20.36,3.48,2.98,-0.63,3.01,0,-0.52,0,109.68,5.44,23.18,11.51,149.81,2109.86,-2249.48,-21.79,-12.5500000000002,No Change
Nov 2056,Socorro-Sierra,NCAR,Low,No Change,443.95,5.54,87.5,0.11,81.47,0.32,0.93,-1.22,11.73,0,-0.81,0,426.69,12.59,12.37,0,451.65,2107.17,-2262.11,-2.69000000000005,-12.6300000000001,No Change
Dec 2056,Socorro-Sierra,NCAR,Low,No Change,452.55,5.06,84.34,24.59,53.42,0.32,0.93,-1.22,11.95,0,-1.27,0,435.53,12.98,8.3,0,456.81,2178.11,-2253.35,70.9400000000001,8.76000000000022,No Change
Jan 2057,Socorro-Sierra,NCAR,Low,No Change,174.89,2.25,42.06,32.98,5.81,0.32,0.93,-1.22,4.62,0,-0.63,0,168.02,6.46,7.65,0,182.13,2225.07,-2244.82,46.96,8.52999999999975,No Change
Feb 2057,Socorro-Sierra,NCAR,Low,No Change,80.38,0.96,46.25,49.2,2.6,11.01,0.93,-1.22,2.12,0,-0.68,0,77.3,7.1,13.95,0,98.34,2225.07,-2242.98,0,1.84000000000015,No Change
Mar 2057,Socorro-Sierra,NCAR,Low,No Change,291.94,3.03,98.61,108.09,6.3,26.42,1.07,-1.2,7.71,0,-1.47,0,281.19,15.14,24.94,0.54,321.81,2204.87,-2243.7,-20.2000000000003,-0.7199999999998,No Change
Apr 2057,Socorro-Sierra,NCAR,Low,No Change,62.92,0.7,83.43,88.15,18.71,34.26,3.73,-0.3,1.66,0,-1.2,0,60.55,12.73,37.37,22.51,133.16,2162.08,-2240.26,-42.79,3.4399999999996,No Change
May 2057,Socorro-Sierra,NCAR,Low,No Change,12.04,0.12,78.95,100.32,28.35,60.52,4.71,0.03,0.32,0,-1.12,0,11.61,12.02,50.67,31.94,106.24,2113.19,-2266.34,-48.8899999999999,-26.0799999999999,No Change
Jun 2057,Socorro-Sierra,NCAR,Low,No Change,314.67,3.7,25.28,128.76,12.22,115.5,4.82,0.07,8.31,0,-0.35,0,302.66,3.84,49.01,35.66,391.18,2035.04,-2303.75,-78.1500000000001,-37.4099999999999,No Change
Jul 2057,Socorro-Sierra,NCAR,Low,No Change,1348.93,16.27,58.19,137.19,5.26,76.1,3.53,-0.34,35.63,0,-0.91,0,1297.03,9.02,37.9,31.78,1375.73,1887.51,-2336.21,-147.53,-32.46,No Change
Aug 2057,Socorro-Sierra,NCAR,Low,No Change,750.88,8.42,71.12,107.78,5.97,44.08,4,-0.22,19.84,0,-1.06,0,722.62,10.93,32.02,28.86,794.44,1782.63,-2337.14,-104.88,-0.929999999999836,No Change
Sep 2057,Socorro-Sierra,NCAR,Low,No Change,673.15,8.44,44.39,68.28,6.05,27.66,3.46,-0.38,17.78,0,-0.67,0,646.94,6.83,27.27,23.51,704.54,1716.73,-2351.45,-65.9000000000001,-14.3099999999999,No Change
Oct 2057,Socorro-Sierra,NCAR,Low,No Change,249.58,2.69,50.52,15.18,34.12,3.09,2.82,-0.7,6.59,0,-0.75,0,240.29,7.75,19.89,11.21,279.15,1671.7,-2361.69,-45.03,-10.2400000000002,No Change
Nov 2057,Socorro-Sierra,NCAR,Low,No Change,140.17,1.49,52.13,0.11,47.04,0.32,0.94,-1.24,3.7,0,-0.16,0,134.98,6.95,11.15,0,153.08,1686.36,-2370.58,14.6599999999999,-8.88999999999987,No Change
Dec 2057,Socorro-Sierra,NCAR,Low,No Change,277.44,3.21,56.04,0.11,51.77,0.32,0.94,-1.24,7.33,0,-0.71,0,266.91,8.39,6.36,0,281.65,1724.1,-2369.22,37.74,1.36000000000013,No Change
Jan 2058,Socorro-Sierra,NCAR,Low,No Change,50.48,0.54,32.53,7.24,21.64,0.32,0.94,-1.24,1.33,0,-0.48,0,48.61,4.99,9.1,0,62.7,1771.37,-2364.78,47.27,4.4399999999996,No Change
Feb 2058,Socorro-Sierra,NCAR,Low,No Change,120.14,1.2,48.67,27.72,24.14,8.73,0.94,-1.24,3.17,0,-0.72,0,115.76,7.48,11.66,0,134.9,1785.76,-2366.1,14.3900000000001,-1.31999999999971,No Change
Mar 2058,Socorro-Sierra,NCAR,Low,No Change,75.48,0.69,53.81,108.52,0.1,61.57,1.03,-1.22,1.99,0,-0.8,0,72.79,8.26,20.83,0.33,102.2,1791.68,-2365.83,5.92000000000007,0.269999999999982,No Change
Apr 2058,Socorro-Sierra,NCAR,Low,No Change,333.87,3.71,127.15,88.26,26.74,1.76,2.56,-0.88,8.82,0,-1.88,0,321.34,19.51,28.34,8.86,378.04,1711.64,-2367.22,-80.04,-1.38999999999987,No Change
May 2058,Socorro-Sierra,NCAR,Low,No Change,443.82,5.01,154.07,100.42,41.42,4.1,3.79,-0.3,11.72,0,-2.25,0,427.09,23.59,36.95,26.67,514.3,1711.72,-2372.58,0.0799999999999272,-5.36000000000013,No Change
Jun 2058,Socorro-Sierra,NCAR,Low,No Change,109.01,0.82,96.84,127.2,11.87,54.8,4.94,0.07,2.88,0,-1.38,0,105.3,14.77,42.18,33.6,195.86,1716.18,-2393.86,4.46000000000004,-21.2800000000002,No Change
Jul 2058,Socorro-Sierra,NCAR,Low,No Change,1739.2,19.75,152.09,137.27,31.73,18.3,3.11,-0.52,45.94,0,-2.33,0,1673.5,23.47,33.25,30.67,1760.89,1635.93,-2430.84,-80.25,-36.98,No Change
Aug 2058,Socorro-Sierra,NCAR,Low,No Change,865.36,9.4,95.32,107.88,13.04,29.43,3.83,-0.3,22.86,0,-1.43,0,833.11,14.66,29.45,27.99,905.2,1619.73,-2421.51,-16.2,9.32999999999993,No Change
Sep 2058,Socorro-Sierra,NCAR,Low,No Change,371.27,3.78,73.81,66.6,29.51,28.75,3.85,-0.29,9.81,0,-1.08,0,357.69,11.3,26.04,22.95,417.99,1578.02,-2432.2,-41.71,-10.6899999999996,No Change
Oct 2058,Socorro-Sierra,NCAR,Low,No Change,42.32,0.53,30.67,15,15.87,3.9,3.2,-0.56,1.12,0,-0.43,0,40.67,4.67,20.03,12.9,78.27,1556.88,-2450.57,-21.1399999999999,-18.3700000000003,No Change
Nov 2058,Socorro-Sierra,NCAR,Low,No Change,1178.47,14.47,115.89,2.41,112.17,0.32,0.94,-1.25,31.13,0,-1.77,0,1132.87,17.88,10.85,0.03,1161.63,1552.58,-2466.55,-4.30000000000018,-15.98,No Change
Dec 2058,Socorro-Sierra,NCAR,Low,No Change,503.04,6.43,59.47,0.94,57.02,0.32,0.94,-1.24,13.29,0,-0.9,0,483.32,9.16,7.48,0,499.96,1655.77,-2439.41,103.19,27.1400000000003,No Change
Jan 2059,Socorro-Sierra,NCAR,Low,No Change,170.03,2.02,48.54,7.38,36.78,0.32,0.94,-1.24,4.49,0,-0.72,0,163.52,7.46,9.25,0,180.22,1707.17,-2429.21,51.4000000000001,10.1999999999998,No Change
Feb 2059,Socorro-Sierra,NCAR,Low,No Change,155.37,1.71,58.56,27.72,24.75,0.32,0.94,-1.24,4.1,0,-0.87,0,149.55,8.99,11.73,0,170.28,1736.56,-2427.63,29.3899999999999,1.57999999999993,No Change
Mar 2059,Socorro-Sierra,NCAR,Low,No Change,30.09,0.29,86.48,107.98,0.14,33.32,1.08,-1.22,0.79,0,-1.27,0,29,13.25,20.87,0.47,63.59,1751.44,-2426.58,14.8800000000001,1.05000000000018,No Change
Apr 2059,Socorro-Sierra,NCAR,Low,No Change,183.69,1.67,155.59,87.3,50.46,2.06,2.82,-0.81,4.85,0,-2.28,0,177.17,23.84,29.21,10.05,240.27,1699.68,-2429.81,-51.76,-3.23000000000002,No Change
May 2059,Socorro-Sierra,NCAR,Low,No Change,1141.93,12.09,185.64,101.4,73.8,3.22,3.2,-0.52,30.17,0,-2.78,0,1099.67,28.54,38.25,28.16,1194.62,1722.5,-2440.92,22.8199999999999,-11.1100000000001,No Change
Jun 2059,Socorro-Sierra,NCAR,Low,No Change,1131.58,13.07,65.62,130.54,10.94,71.92,3.61,-0.35,29.89,0,-1.01,0,1088.62,10.14,39.03,32.03,1169.82,1758.54,-2445.41,36.04,-4.48999999999978,No Change
Jul 2059,Socorro-Sierra,NCAR,Low,No Change,2247.71,27.46,90.62,140.39,3.58,38.53,2.63,-0.64,59.38,0,-1.46,0,2160.87,14.1,32.39,30.7,2238.07,1662.48,-2452.51,-96.0599999999999,-7.10000000000036,No Change
Aug 2059,Socorro-Sierra,NCAR,Low,No Change,4036.83,47.7,220.34,116.17,143.25,22.09,1.65,-1,106.64,0,-3.49,0,3882.49,34.21,23.73,25.76,3966.18,1598.41,-2428.55,-64.0699999999999,23.96,No Change
Sep 2059,Socorro-Sierra,NCAR,Low,No Change,303.85,3.64,49.05,67.01,7.87,28.98,3.97,-0.23,8.03,0,-0.71,0,292.18,7.49,27.76,23.97,351.41,1698.49,-2353.82,100.08,74.73,No Change
Oct 2059,Socorro-Sierra,NCAR,Low,No Change,9.87,0.14,23.68,14.99,9.78,4.21,3.34,-0.49,0.26,0,-0.33,0,9.47,3.59,20.68,14.12,47.87,1653.82,-2374.67,-44.6700000000001,-20.8499999999999,No Change
Nov 2059,Socorro-Sierra,NCAR,Low,No Change,16.68,0.14,43.92,0.16,38.8,0.37,1.1,-1.23,0.44,0,0.2,0,16.1,5.27,12.53,0.4,34.3,1642.54,-2392.69,-11.28,-18.02,No Change
Dec 2059,Socorro-Sierra,NCAR,Low,No Change,514.76,5.59,90.67,0.11,83.9,0.33,0.94,-1.24,13.6,0,-1.35,0,495.57,13.92,7.02,0,516.51,1670.77,-2394.78,28.23,-2.09000000000015,No Change
Jan 2060,Socorro-Sierra,NCAR,Low,No Change,143.41,1.62,57.44,7.13,44.29,0.33,0.94,-1.24,3.79,0,-0.85,0,138.01,8.82,7.94,0,154.77,1749.51,-2384.72,78.74,10.0600000000004,No Change
Feb 2060,Socorro-Sierra,NCAR,Low,No Change,95.9,1.17,41.64,27.87,24.14,14.98,0.95,-1.24,2.53,0,-0.62,0,92.19,6.39,12.96,0.01,111.55,1787.72,-2383.97,38.21,0.75,No Change
Mar 2060,Socorro-Sierra,NCAR,Low,No Change,240.46,2.34,112.19,107.72,18.69,27.44,2.24,-1,6.35,0,-1.66,0,231.78,17.22,22.66,4.33,275.98,1786.11,-2384.25,-1.61000000000013,-0.2800000000002,No Change
Apr 2060,Socorro-Sierra,NCAR,Low,No Change,113.11,1.27,114.4,87.88,16.55,4.6,3.11,-0.67,2.99,0,-1.67,0,108.85,17.51,31.73,13.59,171.68,1757.94,-2387.13,-28.1699999999998,-2.88000000000011,No Change
May 2060,Socorro-Sierra,NCAR,Low,No Change,90.93,0.76,145.24,99.5,31.25,4.84,4.37,-0.11,2.4,0,-2.09,0,87.77,22.19,39.92,28.48,178.35,1741.93,-2403.17,-16.01,-16.04,No Change
Jun 2060,Socorro-Sierra,NCAR,Low,No Change,472.86,5.77,77.34,128.81,11.78,68.19,4.48,-0.05,12.49,0,-1.12,0,454.59,11.83,41.4,33.94,541.77,1732.9,-2435.82,-9.02999999999997,-32.6500000000001,No Change
Jul 2060,Socorro-Sierra,NCAR,Low,No Change,2490.11,28.05,143.11,139.47,28.66,16.91,2.54,-0.71,65.78,0,-2.26,0,2396.28,22.2,31.92,30.62,2481.02,1639.62,-2462.93,-93.2800000000002,-27.1099999999997,No Change
Aug 2060,Socorro-Sierra,NCAR,Low,No Change,1026.72,11.47,120.64,108.16,36.37,29.17,3.68,-0.34,27.12,0,-1.81,0,988.13,18.55,29.12,28.57,1064.38,1622.7,-2433.28,-16.9199999999998,29.6499999999996,No Change
Sep 2060,Socorro-Sierra,NCAR,Low,No Change,1759.55,20.01,106.47,70.6,66.3,25.25,2.26,-0.81,46.48,0,-1.67,0,1693.06,16.5,22.97,22.19,1754.72,1604.8,-2440.56,-17.9000000000001,-7.27999999999975,No Change
Oct 2060,Socorro-Sierra,NCAR,Low,No Change,348.51,4.39,39.75,16.02,25.81,3.2,2.85,-0.66,9.21,0,-0.59,0,334.92,6.1,19.27,13.06,373.34,1625.95,-2421.01,21.1500000000001,19.5499999999997,No Change
Nov 2060,Socorro-Sierra,NCAR,Low,No Change,381.57,4.95,53.13,0.77,50.26,0.33,0.95,-1.24,10.08,0,-0.8,0,366.53,8.18,11.65,0,386.36,1632.79,-2428.94,6.83999999999992,-7.92999999999984,No Change
Dec 2060,Socorro-Sierra,NCAR,Low,No Change,535.8,6.67,58.29,1.06,56.12,0.33,0.95,-1.24,14.15,0,-0.89,0,514.97,8.99,6.86,0,530.82,1673.26,-2421.86,40.47,7.07999999999993,No Change
Jan 2061,Socorro-Sierra,NCAR,Low,No Change,97.35,1.22,36.25,7.4,25.37,0.33,0.95,-1.24,2.57,0,-0.54,0,93.56,5.57,7.76,0,106.89,1724.39,-2410.78,51.1300000000001,11.0799999999999,No Change
Feb 2061,Socorro-Sierra,NCAR,Low,No Change,248.19,2.88,52.29,28.11,24.3,4.49,0.95,-1.24,6.56,0,-0.79,0,238.76,8.04,10.32,0,257.11,1743.86,-2410.94,19.4699999999998,-0.159999999999854,No Change
Mar 2061,Socorro-Sierra,NCAR,Low,No Change,351.14,3.32,99.34,108.35,6.97,26.45,0.96,-1.24,9.28,0,-1.48,0,338.54,15.27,18.75,0.06,372.62,1755.54,-2407.35,11.6800000000001,3.59000000000015,No Change
Apr 2061,Socorro-Sierra,NCAR,Low,No Change,240.36,2.51,43.35,89.18,16.31,65.64,2.96,-0.73,6.35,0,-0.65,0,231.49,6.66,30.53,12.9,281.58,1719.51,-2401.82,-36.03,5.52999999999975,No Change
May 2061,Socorro-Sierra,NCAR,Low,No Change,548.22,6.56,63.66,102.32,27.17,68.09,3.72,-0.31,14.48,0,-0.94,0,527.17,9.76,36.28,27.72,600.93,1643.34,-2412.7,-76.1700000000001,-10.8799999999997,No Change
Jun 2061,Socorro-Sierra,NCAR,Low,No Change,37.5,0.33,19.52,128.28,12.21,123.31,5.12,0.13,0.99,0,-0.25,0,36.18,2.92,41.09,34.86,115.06,1570.18,-2430.92,-73.1599999999999,-18.2200000000003,No Change
Jul 2061,Socorro-Sierra,NCAR,Low,No Change,2245.06,26.6,99.58,141.18,3.46,32.36,2.62,-0.67,59.31,0,-1.59,0,2159.16,15.49,28.99,30.28,2233.92,1422.97,-2470.02,-147.21,-39.0999999999999,No Change
Aug 2061,Socorro-Sierra,NCAR,Low,No Change,1265.48,14.38,69.56,110.36,4.8,40.9,3.38,-0.44,33.43,0,-1.09,0,1217.66,10.77,25.73,28.33,1282.49,1368.36,-2445.87,-54.6100000000001,24.1500000000001,No Change
Sep 2061,Socorro-Sierra,NCAR,Low,No Change,1093.3,12.66,64.65,69.99,25.39,27.07,3.05,-0.55,28.88,0,-1,0,1051.76,10,22.42,23.48,1107.66,1310.35,-2445.67,-58.01,0.199999999999818,No Change
Oct 2061,Socorro-Sierra,NCAR,Low,No Change,1246.65,14.35,76.79,19.09,62.7,1.35,1.86,-1,32.93,0,-1.21,0,1199.37,11.91,15.26,11.54,1238.08,1289.85,-2444.88,-20.5,0.789999999999964,No Change
Nov 2061,Socorro-Sierra,NCAR,Low,No Change,69.71,0.75,34.12,0.11,30.62,0.33,0.95,-1.25,1.84,0,-0.14,0,67.12,4.6,10.01,0,81.73,1338.79,-2427.55,48.9400000000001,17.3299999999999,No Change
Dec 2061,Socorro-Sierra,NCAR,Low,No Change,653.54,7.76,74.8,1.54,70.96,0.33,0.95,-1.25,17.26,0,-1.14,0,628.52,11.54,6.38,0,646.43,1361.27,-2428.05,22.48,-0.5,No Change
Jan 2062,Socorro-Sierra,NCAR,Low,No Change,80.73,0.86,38.51,7.29,27.07,0.33,0.95,-1.25,2.13,0,-0.57,0,77.73,5.91,6.58,0,90.23,1427.73,-2414.13,66.46,13.9200000000001,No Change
Feb 2062,Socorro-Sierra,NCAR,Low,No Change,59.99,0.63,34.89,27.87,24.06,21.24,0.95,-1.25,1.58,0,-0.52,0,57.78,5.36,9.97,0,73.1,1450.09,-2414.77,22.3599999999999,-0.639999999999873,No Change
Mar 2062,Socorro-Sierra,NCAR,Low,No Change,45.04,0.51,43.32,108.69,0.13,71,1.09,-1.23,1.19,0,-0.64,0,43.34,6.65,18.24,0.46,68.69,1445.14,-2415.91,-4.94999999999982,-1.13999999999987,No Change
Apr 2062,Socorro-Sierra,NCAR,Low,No Change,186.86,2.02,41.81,89.24,16.33,67.54,3.01,-0.72,4.94,0,-0.62,0,179.9,6.41,26.52,12.91,225.75,1358.34,-2418.13,-86.8000000000002,-2.22000000000025,No Change
May 2062,Socorro-Sierra,NCAR,Low,No Change,254.04,2.7,45.01,101.66,27.16,87.34,4.02,-0.24,6.71,0,-0.65,0,244.62,6.87,30.92,26.56,308.97,1284.35,-2430.45,-73.99,-12.3199999999997,No Change
Jun 2062,Socorro-Sierra,NCAR,Low,No Change,290.23,3.01,29.12,128.99,11.77,112.65,4.79,0,7.67,0,-0.41,0,279.55,4.43,34.44,34.13,352.56,1197.52,-2455.21,-86.8299999999999,-24.7600000000002,No Change
Jul 2062,Socorro-Sierra,NCAR,Low,No Change,1543.24,18.28,57.33,140.68,4.64,77.7,3.24,-0.48,40.77,0,-0.92,0,1484.19,8.92,25.45,30.44,1549.01,1066.98,-2486.87,-130.54,-31.6599999999999,No Change
Aug 2062,Socorro-Sierra,NCAR,Low,No Change,2282.99,26.32,132.05,115.41,50.84,26.28,2.3,-0.8,60.31,0,-2.08,0,2196.37,20.48,18.63,26.52,2262,972.18,-2481.18,-94.8000000000001,5.69000000000005,No Change
Sep 2062,Socorro-Sierra,NCAR,Low,No Change,291.88,2.91,24.17,67.44,6.09,49.79,4.13,-0.22,7.71,0,-0.35,0,281.25,3.69,20.82,24.81,330.58,981.22,-2452.58,9.04000000000008,28.5999999999999,No Change
Oct 2062,Socorro-Sierra,NCAR,Low,No Change,2164.4,25.9,108.89,25.15,95.01,0.55,1.12,-1.21,57.18,0,-1.74,0,2081.32,16.93,11.27,12.48,2122,921.05,-2474.38,-60.1700000000001,-21.8000000000002,No Change
Nov 2062,Socorro-Sierra,NCAR,Low,No Change,18.68,0.15,32.4,0.11,28.71,0.33,0.95,-1.26,0.49,0,0.12,0,18.04,3.93,9.24,0,31.21,1006.57,-2433.76,85.5200000000001,40.6199999999999,No Change
Dec 2062,Socorro-Sierra,NCAR,Low,No Change,45.16,0.45,37.26,0.11,33.15,0.33,0.96,-1.26,1.19,0,-0.01,0,43.52,4.79,5.8,0,54.1,1027.92,-2435.36,21.35,-1.59999999999991,No Change
Jan 2063,Socorro-Sierra,NCAR,Low,No Change,516.38,6.09,87.8,8.66,73.37,0.33,0.96,-1.26,13.64,0,-1.32,0,496.65,13.51,4.98,0,515.14,1057.17,-2436.4,29.25,-1.03999999999996,No Change
Feb 2063,Socorro-Sierra,NCAR,Low,No Change,158.34,1.74,43.95,28.16,24.13,12.71,0.96,-1.26,4.18,0,-0.66,0,152.42,6.76,7.98,0,167.15,1127.45,-2426.3,70.28,10.0999999999999,No Change
Mar 2063,Socorro-Sierra,NCAR,Low,No Change,186.39,1.71,83.01,108.41,0.27,35.48,1.22,-1.21,4.92,0,-1.23,0,179.76,12.74,16.46,1.06,210.02,1133.11,-2424.99,5.65999999999985,1.3100000000004,No Change
Apr 2063,Socorro-Sierra,NCAR,Low,No Change,59.14,0.56,46.58,88.76,18.45,66.51,3.67,-0.37,1.56,0,-0.66,0,57.02,7.1,22.74,21.32,108.18,1083.88,-2424.79,-49.2299999999998,0.199999999999818,No Change
May 2063,Socorro-Sierra,NCAR,Low,No Change,134,1.03,62.86,100.8,27.43,73.03,4.29,-0.17,3.54,0,-0.9,0,129.43,9.59,28.16,27.75,194.94,1017.12,-2449.24,-66.7600000000001,-24.4499999999998,No Change
Jun 2063,Socorro-Sierra,NCAR,Low,No Change,394.44,4.26,51.54,129.36,6.84,87.53,4.5,-0.1,10.42,0,-0.75,0,379.76,7.88,27.94,32.11,447.7,947.82,-2478.82,-69.3,-29.5800000000004,No Change
Jul 2063,Socorro-Sierra,NCAR,Low,No Change,1302.57,14.24,82.81,85.3,29.51,29.28,3.61,-0.4,34.41,0,-1.28,0,1253.91,12.81,21.52,30.83,1319.06,843.78,-2505.85,-104.04,-27.0299999999997,No Change
Aug 2063,Socorro-Sierra,NCAR,Low,No Change,1252.12,14.12,73.97,64.45,16.99,3.64,3.43,-0.44,33.08,0,-1.15,0,1204.92,11.44,17.08,28.47,1261.92,826.5,-2507.56,-17.28,-1.71000000000004,No Change
Sep 2063,Socorro-Sierra,NCAR,Low,No Change,222.65,2.9,27.33,41.87,7.14,22.55,4.01,-0.24,5.88,0,-0.38,0,213.86,4.15,16.55,23.31,257.88,826.64,-2507.98,0.139999999999986,-0.420000000000073,No Change
Oct 2063,Socorro-Sierra,NCAR,Low,No Change,532.45,6.86,26.03,18.46,13.92,3.11,2.63,-0.75,14.07,0,-0.4,0,511.53,4.02,11.61,13,540.16,798.93,-2530.05,-27.71,-22.0700000000002,No Change
Nov 2063,Socorro-Sierra,NCAR,Low,No Change,391.11,4.5,89.2,0.89,80.77,0.33,0.96,-1.27,10.33,0,-1.33,0,376.28,13.71,6.03,0,396.03,801.5,-2532.76,2.57000000000005,-2.71000000000004,No Change
Dec 2063,Socorro-Sierra,NCAR,Low,No Change,465.59,5.45,74.29,1.42,68.33,0.33,0.96,-1.27,12.3,0,-1.12,0,447.85,11.44,4.35,0,463.63,878.13,-2525.99,76.63,6.77000000000044,No Change
Jan 2064,Socorro-Sierra,NCAR,Low,No Change,292.97,3.4,61.74,8.1,48.8,0.33,0.96,-1.27,7.74,0,-0.93,0,281.83,9.5,5.01,0,296.34,944.01,-2517.04,65.88,8.94999999999982,No Change
Feb 2064,Socorro-Sierra,NCAR,Low,No Change,288.38,3.41,65.17,28.63,31.24,0.33,0.96,-1.26,7.62,0,-0.98,0,277.35,10.02,7.55,0,294.92,989.7,-2512.45,45.6900000000001,4.59000000000015,No Change
Mar 2064,Socorro-Sierra,NCAR,Low,No Change,27.5,0.3,42.03,108.64,0.36,72.5,1.29,-1.2,0.73,0,-0.62,0,26.47,6.44,15.48,1.3,49.7,1015.28,-2508.03,25.5799999999999,4.41999999999962,No Change
Apr 2064,Socorro-Sierra,NCAR,Low,No Change,228.55,2.46,72.83,89.18,18.16,42.13,3.47,-0.44,6.04,0,-1.06,0,220.05,11.14,20.27,21.2,272.66,930.14,-2511.72,-85.14,-3.6899999999996,No Change
May 2064,Socorro-Sierra,NCAR,Low,No Change,184.04,1.82,128.63,100.29,23.96,11.6,4.14,-0.22,4.86,0,-1.86,0,177.35,19.66,24.86,26.84,248.72,889.81,-2531.85,-40.33,-20.1300000000001,No Change
Jun 2064,Socorro-Sierra,NCAR,Low,No Change,1089.86,11.76,155.63,112.75,66.56,33.52,3.7,-0.37,28.79,0,-2.33,0,1049.31,23.93,24.47,31.62,1129.32,881.67,-2560.06,-8.13999999999999,-28.21,No Change
Jul 2064,Socorro-Sierra,NCAR,Low,No Change,1730.53,20.15,125.66,98.87,32.74,3.29,3.13,-0.53,45.71,0,-1.94,0,1664.67,19.41,19.94,30.88,1734.91,894.33,-2569.3,12.6600000000001,-9.24000000000024,No Change
Aug 2064,Socorro-Sierra,NCAR,Low,No Change,1006.69,12.31,69.46,84.43,6.65,18.97,3.56,-0.37,26.59,0,-1.05,0,967.8,10.7,17.89,27.66,1024.05,907.49,-2560.06,13.16,9.24000000000024,No Change
Sep 2064,Socorro-Sierra,NCAR,Low,No Change,463.57,4.12,80.58,42.71,35.56,4.74,3.92,-0.32,12.25,0,-1.19,0,447.2,12.36,17.49,24.08,501.14,881.23,-2566.11,-26.26,-6.05000000000018,No Change
Oct 2064,Socorro-Sierra,NCAR,Low,No Change,477.44,5.65,57.13,16.73,41.46,3.33,2.96,-0.62,12.61,0,-0.85,0,459.18,8.78,13.32,15.71,496.99,898.79,-2583.38,17.5599999999999,-17.27,No Change
Nov 2064,Socorro-Sierra,NCAR,Low,No Change,38.13,0.38,49.16,0.18,43.51,0.4,1.18,-1.25,1.01,0,0.06,0,36.74,6.18,8.02,0.58,51.51,927.18,-2590.91,28.39,-7.52999999999975,No Change
Dec 2064,Socorro-Sierra,NCAR,Low,No Change,215.26,2.52,60.33,0.3,54.52,0.33,0.96,-1.26,5.69,0,-0.9,0,207.05,9.27,5.43,0,221.75,964.71,-2592.84,37.5300000000001,-1.93000000000029,No Change
Jan 2065,Socorro-Sierra,NCAR,Low,No Change,72.83,0.81,47.07,7.24,34.45,0.33,0.96,-1.26,1.92,0,-0.7,0,70.09,7.22,5.67,0,82.99,1015.69,-2590.28,50.98,2.55999999999995,No Change
Feb 2065,Socorro-Sierra,NCAR,Low,No Change,472.58,5.27,91.58,28.8,55.67,0.33,0.96,-1.26,12.48,0,-1.38,0,454.83,14.09,7.01,0,475.93,1046.36,-2591.28,30.6699999999998,-1,No Change
Mar 2065,Socorro-Sierra,NCAR,Low,No Change,187.07,1.82,104.41,108.23,10.15,26.63,1,-1.25,4.94,0,-1.54,0,180.3,16.02,14.09,0.14,210.55,1096.91,-2582.4,50.5500000000002,8.88000000000011,No Change
Apr 2065,Socorro-Sierra,NCAR,Low,No Change,268.96,2.97,199.83,87.47,89.72,2.08,2.78,-0.83,7.1,0,-2.93,0,258.88,30.62,21.31,10.77,321.57,1068.61,-2581.4,-28.3000000000002,1,No Change
May 2065,Socorro-Sierra,NCAR,Low,No Change,163.7,1.68,219.7,98.87,96.69,4.59,4.19,-0.19,4.32,0,-3.19,0,157.7,33.6,28.95,27.14,247.39,1138.56,-2591.6,69.95,-10.1999999999998,No Change
Jun 2065,Socorro-Sierra,NCAR,Low,No Change,899.21,10.1,227.36,128.64,81.53,4.22,3.89,-0.29,23.75,0,-3.36,0,865.35,34.87,30.66,31.78,962.66,1206.08,-2621.98,67.52,-30.3800000000001,No Change
Jul 2065,Socorro-Sierra,NCAR,Low,No Change,1561.74,18.22,163.92,138.49,40.35,19.46,3.25,-0.48,41.26,0,-2.48,0,1502.26,25.24,27.44,30.38,1585.33,1256.91,-2637.54,50.8300000000002,-15.5599999999999,No Change
Aug 2065,Socorro-Sierra,NCAR,Low,No Change,872.41,9.86,140.3,108.32,52.33,29.94,3.91,-0.27,23.05,0,-2.08,0,839.5,21.54,25.26,29.02,915.32,1254.08,-2632.87,-2.83000000000015,4.67000000000007,No Change
Sep 2065,Socorro-Sierra,NCAR,Low,No Change,125.67,1.5,41.37,58.19,6.31,27.35,4.2,-0.18,3.32,0,-0.58,0,120.85,6.29,22.54,23.83,173.5,1255.39,-2645.11,1.31000000000017,-12.2400000000002,No Change
Oct 2065,Socorro-Sierra,NCAR,Low,No Change,140.09,1.54,37.41,14.46,22.46,3.14,3.23,-0.55,3.7,0,-0.54,0,134.85,5.72,15.94,14.04,170.55,1216.21,-2670.58,-39.1800000000001,-25.4699999999998,No Change
Nov 2065,Socorro-Sierra,NCAR,Low,No Change,1111.91,13.14,158.68,2.86,147.27,0.34,0.97,-1.25,29.37,0,-2.4,0,1069.39,24.43,9.34,0.42,1103.58,1223.37,-2685.24,7.15999999999985,-14.6599999999999,No Change
Dec 2065,Socorro-Sierra,NCAR,Low,No Change,58.72,0.57,35.66,0.12,31.87,0.34,0.97,-1.25,1.55,0,-0.04,0,56.6,4.63,6.41,0,67.64,1363.19,-2660.91,139.82,24.3299999999999,No Change
Jan 2066,Socorro-Sierra,NCAR,Low,No Change,15.55,0.14,27.68,7.24,17.07,0.34,0.97,-1.25,0.41,0,-0.41,0,15,4.25,7.53,0,26.78,1390.52,-2661.62,27.3299999999999,-0.710000000000036,No Change
Feb 2066,Socorro-Sierra,NCAR,Low,No Change,258.45,3.08,42.65,28.57,24.23,12.99,0.97,-1.25,6.83,0,-0.64,0,248.54,6.57,9.65,0,264.76,1401.94,-2663.83,11.4200000000001,-2.21000000000004,No Change
Mar 2066,Socorro-Sierra,NCAR,Low,No Change,165.69,1.77,64.46,108.73,0.16,51.6,1.13,-1.22,4.38,0,-0.96,0,159.55,9.9,17.94,0.63,188.02,1405.74,-2659.87,3.79999999999995,3.96000000000004,No Change
Apr 2066,Socorro-Sierra,NCAR,Low,No Change,188.91,1.89,110.09,88.22,18.27,9.75,3.56,-0.4,4.99,0,-1.6,0,182.03,16.84,25.46,21.59,245.92,1338.71,-2659.43,-67.03,0.440000000000055,No Change
May 2066,Socorro-Sierra,NCAR,Low,No Change,237.96,2.56,95.54,100.88,27.66,43.66,4.31,-0.15,6.29,0,-1.38,0,229.11,14.6,34.25,29.71,307.67,1325.73,-2681.59,-12.98,-22.1600000000003,No Change
Jun 2066,Socorro-Sierra,NCAR,Low,No Change,120.18,1.38,25.11,128.6,12,117.56,4.97,0.07,3.17,0,-0.34,0,115.63,3.79,35.28,34.05,188.75,1279.94,-2710.86,-45.79,-29.27,No Change
Jul 2066,Socorro-Sierra,NCAR,Low,No Change,1865.96,21.37,95.41,140.89,4.11,41.52,3.04,-0.56,49.29,0,-1.51,0,1795.29,14.81,26.19,30.89,1867.17,1143.99,-2746.96,-135.95,-36.0999999999999,No Change
Aug 2066,Socorro-Sierra,NCAR,Low,No Change,3533.97,41.91,189.28,120.35,109.12,24.67,1.74,-0.99,93.36,0,-3,0,3398.71,29.39,18.18,25.89,3472.17,1084,-2733.67,-59.99,13.29,No Change
Sep 2066,Socorro-Sierra,NCAR,Low,No Change,81.01,0.93,19.63,60.28,6.48,48.9,4.3,-0.15,2.14,0,-0.26,0,77.94,2.96,21.95,24.19,127.05,1153,-2671.93,69,61.7400000000002,No Change
Oct 2066,Socorro-Sierra,NCAR,Low,No Change,112.46,1.24,26.66,14.52,13,3.31,3.33,-0.52,2.97,0,-0.38,0,108.25,4.06,15.24,14.81,142.37,1093.08,-2698.7,-59.9200000000001,-26.77,No Change
Nov 2066,Socorro-Sierra,NCAR,Low,No Change,7.74,0.06,28.81,0.16,25.5,0.39,1.13,-1.25,0.2,0,0.14,0,7.48,3.45,8.7,0.41,20.03,1091.38,-2714.77,-1.69999999999982,-16.0700000000002,No Change
Dec 2066,Socorro-Sierra,NCAR,Low,No Change,268.05,3.45,42.64,0.95,39.56,0.34,0.97,-1.26,7.08,0,-0.64,0,257.51,6.56,5.94,0,270.02,1110.18,-2717.21,18.8,-2.44000000000005,No Change
Jan 2067,Socorro-Sierra,NCAR,Low,No Change,63.92,0.74,29.38,7.46,18.92,0.34,0.97,-1.26,1.69,0,-0.44,0,61.49,4.51,6.43,0,72.43,1145.69,-2713,35.51,4.21000000000004,No Change
Feb 2067,Socorro-Sierra,NCAR,Low,No Change,527.94,5.88,100.73,28.76,64.21,0.34,0.97,-1.26,13.95,0,-1.51,0,508.11,15.49,9.3,0,532.9,1160.07,-2713.98,14.3799999999999,-0.980000000000018,No Change
Mar 2067,Socorro-Sierra,NCAR,Low,No Change,246.49,2.66,69.67,108.77,1.15,47.25,2.19,-1.04,6.51,0,-1.04,0,237.31,10.71,16.87,4.14,269.03,1216.88,-2703.78,56.8100000000002,10.1999999999998,No Change
Apr 2067,Socorro-Sierra,NCAR,Low,No Change,13.86,0.1,52.95,88.5,15.77,58.55,2.96,-0.79,0.37,0,-0.77,0,13.39,8.1,22.57,9.97,54.03,1157.13,-2705.67,-59.75,-1.88999999999987,No Change
May 2067,Socorro-Sierra,NCAR,Low,No Change,22.85,0.21,42.22,100.92,27.94,92.25,4.55,-0.08,0.6,0,-0.58,0,22.04,6.41,31.03,29.43,88.91,1095.53,-2719.8,-61.6000000000001,-14.1300000000001,No Change
Jun 2067,Socorro-Sierra,NCAR,Low,No Change,907.54,10.91,58.32,132.03,6.02,76.92,3.99,-0.24,23.97,0,-0.88,0,872.65,8.98,29.07,33.77,944.47,1004.81,-2753.83,-90.72,-34.0299999999997,No Change
Jul 2067,Socorro-Sierra,NCAR,Low,No Change,1681.48,19.72,90.39,126.66,14.32,43.46,3.24,-0.49,44.42,0,-1.42,0,1617.34,14,22.95,31.68,1685.97,909.08,-2768.74,-95.7299999999999,-14.9099999999999,No Change
Aug 2067,Socorro-Sierra,NCAR,Low,No Change,1058.99,12.69,45.45,86.39,5.21,39.8,3.56,-0.38,27.97,0,-0.71,0,1018.32,7.04,17.44,28.09,1070.89,860.73,-2761.15,-48.35,7.58999999999969,No Change
Sep 2067,Socorro-Sierra,NCAR,Low,No Change,602.11,6.05,63.73,43.5,21.25,3.82,3.66,-0.4,15.91,0,-0.96,0,580.15,9.8,15.89,23.16,628.99,812.65,-2765.92,-48.08,-4.76999999999998,No Change
Oct 2067,Socorro-Sierra,NCAR,Low,No Change,495.44,6.28,37.3,17.23,23.53,2.36,2.64,-0.77,13.09,0,-0.57,0,476.07,5.75,11.62,12.21,505.65,818.26,-2778.19,5.61000000000001,-12.27,No Change
Nov 2067,Socorro-Sierra,NCAR,Low,No Change,386.39,4.72,65.22,1.43,59.8,0.34,0.97,-1.27,10.21,0,-0.98,0,371.47,10.04,6.77,0,388.28,831.22,-2781.28,12.96,-3.09000000000015,No Change
Dec 2067,Socorro-Sierra,NCAR,Low,No Change,504.96,5.54,95.25,1.02,86.88,0.34,0.97,-1.27,13.34,0,-1.43,0,486.08,14.65,4.03,0,504.77,886.15,-2774.3,54.9299999999999,6.98000000000002,No Change
Jan 2068,Socorro-Sierra,NCAR,Low,No Change,293.27,3.59,64.76,8.19,51.52,0.34,0.97,-1.26,7.75,0,-0.97,0,281.93,9.95,5.61,0,297.49,970.9,-2764.63,84.75,9.67000000000007,No Change
Feb 2068,Socorro-Sierra,NCAR,Low,No Change,169.77,1.9,56.4,28.1,24.13,1.75,0.97,-1.26,4.48,0,-0.84,0,163.38,8.66,6.53,0,178.58,1018.71,-2760.1,47.8100000000001,4.5300000000002,No Change
Mar 2068,Socorro-Sierra,NCAR,Low,No Change,87.15,0.78,86.47,108.17,0.01,32.92,0.98,-1.26,2.3,0,-1.27,0,84.07,13.26,12.63,0.01,109.97,1036.8,-2758.69,18.0899999999999,1.40999999999985,No Change
Apr 2068,Socorro-Sierra,NCAR,Low,No Change,16.72,0.19,85.84,88.08,15.92,29.86,3.01,-0.78,0.44,0,-1.25,0,16.1,13.13,20.66,10.64,60.52,993.49,-2759.91,-43.3099999999999,-1.2199999999998,No Change
May 2068,Socorro-Sierra,NCAR,Low,No Change,251.59,2.72,132.73,100.61,27.31,10.84,4.13,-0.22,6.65,0,-1.93,0,242.22,20.3,26.5,27.69,316.71,962.68,-2775.14,-30.8100000000001,-15.23,No Change
Jun 2068,Socorro-Sierra,NCAR,Low,No Change,717.14,8.46,100.02,130.5,6.24,42.12,4.14,-0.2,18.94,0,-1.48,0,689.73,15.34,27.76,32.65,765.48,957,-2802.46,-5.67999999999995,-27.3200000000002,No Change
Jul 2068,Socorro-Sierra,NCAR,Low,No Change,2260.31,26.7,122.05,130.93,39.62,38.81,2.67,-0.68,59.71,0,-1.92,0,2173.9,18.93,21.27,30.51,2244.61,897.71,-2821.99,-59.29,-19.5299999999997,No Change
Aug 2068,Socorro-Sierra,NCAR,Low,No Change,1828.64,20.76,143.85,88.46,58.98,2.83,2.82,-0.65,48.31,0,-2.22,0,1759.57,22.22,16.63,27.86,1826.29,880.6,-2798.06,-17.11,23.9299999999998,No Change
Sep 2068,Socorro-Sierra,NCAR,Low,No Change,1074.08,11.83,101.38,45.72,56.49,3.09,3.08,-0.58,28.37,0,-1.54,0,1033.88,15.63,16.17,22.8,1088.48,923.59,-2783.31,42.99,14.75,No Change
Oct 2068,Socorro-Sierra,NCAR,Low,No Change,153.13,1.79,45.89,14.56,30.17,3.4,3.36,-0.5,4.05,0,-0.66,0,147.3,7.01,14.41,15.64,184.35,964.49,-2782.94,40.9,0.369999999999891,No Change
Nov 2068,Socorro-Sierra,NCAR,Low,No Change,55.02,0.51,49.63,0.12,44.04,0.34,0.98,-1.26,1.45,0,0.02,0,53.05,6.31,6.6,0,65.95,980.71,-2799.05,16.22,-16.1100000000001,No Change
Dec 2068,Socorro-Sierra,NCAR,Low,No Change,11.88,0.1,40.36,0.12,35.65,0.34,0.98,-1.26,0.31,0,0.18,0,11.47,4.85,5.61,0,21.93,1020.05,-2799.81,39.3399999999999,-0.759999999999764,No Change
Jan 2069,Socorro-Sierra,NCAR,Low,No Change,609.66,7.24,101.65,8.99,86.13,0.34,0.98,-1.26,16.11,0,-1.53,0,586.31,15.64,5.37,0,607.33,1051.99,-2801.56,31.9400000000001,-1.75,No Change
Feb 2069,Socorro-Sierra,NCAR,Low,No Change,229.68,2.6,55.6,28.32,24.19,2.02,0.98,-1.26,6.07,0,-0.83,0,221.01,8.55,7.46,0,237.02,1134.64,-2789.22,82.6500000000001,12.3400000000001,No Change
Mar 2069,Socorro-Sierra,NCAR,Low,No Change,84.19,0.78,67.85,108.4,0.17,49.34,1.15,-1.23,2.22,0,-1,0,81.19,10.41,15.88,0.59,108.07,1151.58,-2786.23,16.9399999999998,2.98999999999978,No Change
Apr 2069,Socorro-Sierra,NCAR,Low,No Change,220.63,2.41,109.19,88.57,18.2,10.29,3.5,-0.43,5.83,0,-1.59,0,212.4,16.7,22.34,21.26,272.71,1088.9,-2787.97,-62.6799999999998,-1.73999999999978,No Change
May 2069,Socorro-Sierra,NCAR,Low,No Change,448.79,5.19,136.01,101.46,27.61,6.72,4.15,-0.2,11.86,0,-1.99,0,431.75,20.82,30.98,31.06,514.61,1078.4,-2808.93,-10.5,-20.96,No Change
Jun 2069,Socorro-Sierra,NCAR,Low,No Change,244.03,2.88,36.81,129.06,7.67,102.12,4.91,0.05,6.45,0,-0.52,0,234.7,5.6,32.53,35.13,307.95,1072.67,-2834.47,-5.73000000000002,-25.54,No Change
Jul 2069,Socorro-Sierra,NCAR,Low,No Change,1166.73,13,84.8,108.12,25.28,47.4,3.8,-0.33,30.82,0,-1.3,0,1122.91,13.09,24.24,31.31,1191.54,950.54,-2868.52,-122.13,-34.0500000000002,No Change
Aug 2069,Socorro-Sierra,NCAR,Low,No Change,1938.16,21.91,142.91,66.42,81.17,2.66,2.72,-0.69,51.2,0,-2.21,0,1865.06,22.1,16.76,27.35,1931.27,908.32,-2874.44,-42.2199999999999,-5.92000000000007,No Change
Sep 2069,Socorro-Sierra,NCAR,Low,No Change,1348.61,15.63,85.62,47.85,44.15,2.67,2.71,-0.68,35.63,0,-1.33,0,1297.35,13.25,15.94,22.34,1348.88,973.47,-2856.21,65.15,18.23,No Change
Oct 2069,Socorro-Sierra,NCAR,Low,No Change,689.83,7.95,58.81,17.18,43.65,2.24,2.55,-0.79,18.22,0,-0.9,0,663.65,9.07,13.05,13.06,698.84,1002.4,-2847.65,28.9299999999999,8.55999999999995,No Change
Nov 2069,Socorro-Sierra,NCAR,Low,No Change,631.11,7.13,105.33,1.49,96.7,0.34,0.98,-1.26,16.67,0,-1.59,0,607.3,16.21,7.14,0,630.65,1034.09,-2846.72,31.6899999999999,0.930000000000291,No Change
Dec 2069,Socorro-Sierra,NCAR,Low,No Change,230.73,2.85,47.07,0.59,43.14,0.34,0.98,-1.26,6.09,0,-0.71,0,221.78,7.24,4.97,0,233.98,1125.55,-2833.88,91.46,12.8399999999997,No Change
Jan 2070,Socorro-Sierra,NCAR,Low,No Change,413.29,5.44,46.81,9.12,36.98,0.34,0.98,-1.26,10.92,0,-0.71,0,396.93,7.22,5.65,0,409.8,1165.62,-2830.73,40.0699999999999,3.15000000000009,No Change
Feb 2070,Socorro-Sierra,NCAR,Low,No Change,298.96,3.43,65.64,28.44,31.87,0.34,0.98,-1.26,7.9,0,-0.98,0,287.63,10.09,7.68,0,305.4,1198.84,-2822.77,33.22,7.96000000000004,No Change
Mar 2070,Socorro-Sierra,NCAR,Low,No Change,410.85,4.31,83.25,109.3,0.01,33.31,0.99,-1.26,10.85,0,-1.25,0,395.69,12.81,14.47,0.03,422.99,1224.92,-2818.09,26.0800000000002,4.67999999999984,No Change
Apr 2070,Socorro-Sierra,NCAR,Low,No Change,24.13,0.2,140.94,87.27,36.36,2.01,2.86,-0.84,0.64,0,-2.06,0,23.29,21.58,21.98,8.69,75.54,1179.41,-2810.77,-45.51,7.32000000000016,No Change
May 2070,Socorro-Sierra,NCAR,Low,No Change,297.29,2.97,165.8,100.02,49.97,4.18,3.93,-0.3,7.85,0,-2.42,0,286.47,25.37,28.22,25.23,365.29,1195.48,-2824.58,16.0699999999999,-13.8099999999999,No Change
Jun 2070,Socorro-Sierra,NCAR,Low,No Change,474.86,5.09,166.56,127.74,25.84,4.99,4.5,-0.09,12.54,0,-2.43,0,457.22,25.5,32.69,33.06,548.48,1217.28,-2848.6,21.8,-24.02,No Change
Jul 2070,Socorro-Sierra,NCAR,Low,No Change,1732.59,20.24,171.78,139.24,48.07,19.15,3.16,-0.51,45.77,0,-2.61,0,1666.59,26.47,27.25,31.08,1751.39,1210.03,-2876.15,-7.25,-27.5500000000002,No Change
Aug 2070,Socorro-Sierra,NCAR,Low,No Change,1833.25,20.47,202.95,111.06,111.76,27.61,2.75,-0.67,48.43,0,-3.08,0,1764.35,31.28,21.65,26.77,1844.05,1215.37,-2867.75,5.33999999999992,8.40000000000009,No Change
Sep 2070,Socorro-Sierra,NCAR,Low,No Change,594.06,5.78,91.42,60.69,45.89,22.06,3.69,-0.39,15.69,0,-1.36,0,572.59,14.04,21.75,23,631.38,1281.3,-2852.59,65.9300000000001,15.1599999999999,No Change
Oct 2070,Socorro-Sierra,NCAR,Low,No Change,996.19,10.38,126.66,16.34,105.06,1.96,2.39,-0.85,26.32,0,-1.92,0,959.49,19.52,15.28,13.84,1008.12,1287.45,-2865.34,6.15000000000009,-12.75,No Change
Nov 2070,Socorro-Sierra,NCAR,Low,No Change,261.36,3,99.27,0.12,89.13,0.35,1,-1.25,6.9,0,-0.93,0,251.45,14.31,9.04,0.05,274.85,1378.52,-2858.03,91.0699999999999,7.30999999999995,No Change
Dec 2070,Socorro-Sierra,NCAR,Low,No Change,473.9,5.98,69.92,1.19,65.35,0.35,0.99,-1.25,12.52,0,-1.06,0,455.4,10.76,6.16,0,472.33,1460.5,-2854.35,81.98,3.68000000000029,No Change
Jan 2071,Socorro-Sierra,NCAR,Low,No Change,532.9,6.15,92.27,8.12,77.84,0.35,0.99,-1.25,14.08,0,-1.39,0,512.66,14.2,5.91,0,532.78,1521.57,-2845.12,61.0699999999999,9.23000000000002,No Change
Feb 2071,Socorro-Sierra,NCAR,Low,No Change,214.88,2.53,69.82,27.91,35.1,0.35,0.99,-1.24,5.68,0,-1.04,0,206.68,10.72,9.94,0,227.34,1595.39,-2834.66,73.8200000000002,10.46,No Change
Mar 2071,Socorro-Sierra,NCAR,Low,No Change,286.13,3.03,135.97,107.97,38.69,26.51,0.99,-1.24,7.56,0,-2.01,0,275.54,20.86,15.51,0,311.91,1622.44,-2832.26,27.05,2.39999999999964,No Change
Apr 2071,Socorro-Sierra,NCAR,Low,No Change,87.08,0.74,96.01,88.22,14.12,18.89,1.73,-1.08,2.3,0,-1.41,0,84.03,14.72,23.95,3.49,126.19,1621.34,-2828.94,-1.10000000000014,3.32000000000016,No Change
May 2071,Socorro-Sierra,NCAR,Low,No Change,319.89,3.58,221.84,99.28,99.88,4.44,4.08,-0.22,8.45,0,-3.23,0,307.86,33.95,35.72,27.78,405.3,1595.43,-2834.36,-25.9099999999999,-5.42000000000007,No Change
Jun 2071,Socorro-Sierra,NCAR,Low,No Change,483.99,6.04,188.43,127.51,45.94,5.07,4.48,-0.06,12.79,0,-2.74,0,465.16,28.84,38.96,33.73,566.69,1659.44,-2861.21,64.01,-26.8499999999999,No Change
Jul 2071,Socorro-Sierra,NCAR,Low,No Change,1250.86,14.92,109.39,137.16,5.53,33.58,3.74,-0.3,33.04,0,-1.66,0,1202.9,16.85,34.51,32.31,1286.56,1665.89,-2889.44,6.45000000000005,-28.23,No Change
Aug 2071,Socorro-Sierra,NCAR,Low,No Change,512.76,6.05,80.68,107.62,6.46,38.52,4.28,-0.14,13.55,0,-1.18,0,493.17,12.36,28.96,28.58,563.05,1607.38,-2894.4,-58.51,-4.96000000000004,No Change
Sep 2071,Socorro-Sierra,NCAR,Low,No Change,519.97,5.96,65.43,59.59,23.36,20.63,3.76,-0.32,13.74,0,-0.97,0,500.28,10.04,24.46,23.75,558.53,1550.78,-2915.04,-56.6000000000001,-20.6399999999999,No Change
Oct 2071,Socorro-Sierra,NCAR,Low,No Change,479.77,5.4,62.6,15.39,46.94,3.01,3.05,-0.58,12.67,0,-0.93,0,461.69,9.61,18.41,16.19,505.91,1533.13,-2930.1,-17.6499999999999,-15.0599999999999,No Change
Nov 2071,Socorro-Sierra,NCAR,Low,No Change,47.15,0.42,43.23,0.17,38.42,0.4,1.17,-1.23,1.25,0,0.1,0,45.49,5.37,11.12,0.47,62.44,1562.28,-2938.19,29.1499999999999,-8.09000000000015,No Change
Dec 2071,Socorro-Sierra,NCAR,Low,No Change,1062.24,13.03,89.32,2.96,87.32,0.35,0.99,-1.24,28.06,0,-1.38,0,1021.15,13.8,6.21,0,1041.16,1591.57,-2939.71,29.29,-1.51999999999998,No Change
Jan 2072,Socorro-Sierra,NCAR,Low,No Change,168.4,1.9,49.51,7.41,37.49,0.35,0.99,-1.24,4.45,0,-0.74,0,162.04,7.61,6.57,0,176.22,1674.56,-2915.26,82.99,24.4499999999998,No Change
Feb 2072,Socorro-Sierra,NCAR,Low,No Change,391.17,4.17,84.14,27.98,49,0.35,0.99,-1.24,10.33,0,-1.26,0,376.67,12.94,9.2,0,398.82,1707.36,-2913.78,32.8,1.48000000000002,No Change
Mar 2072,Socorro-Sierra,NCAR,Low,No Change,7.38,0.08,59.12,108.34,0.16,57.49,1.15,-1.21,0.19,0,-0.87,0,7.11,9.06,20.38,0.53,37.08,1749.04,-2906.94,41.6800000000001,6.84000000000015,No Change
Apr 2072,Socorro-Sierra,NCAR,Low,No Change,60.68,0.6,131.39,87.48,29.31,2.99,3.38,-0.58,1.6,0,-1.91,0,58.48,20.1,30.92,15.76,125.26,1673.68,-2910.5,-75.3599999999999,-3.55999999999995,No Change
May 2072,Socorro-Sierra,NCAR,Low,No Change,211.36,2.1,166.83,99.56,50.92,4.64,4.26,-0.17,5.58,0,-2.42,0,203.68,25.51,37.33,28.15,294.67,1673.03,-2930.53,-0.650000000000091,-20.0300000000002,No Change
Jun 2072,Socorro-Sierra,NCAR,Low,No Change,621.13,7.42,117.5,128.81,11.41,31.57,4.36,-0.11,16.41,0,-1.72,0,597.3,18,39.54,33.97,688.81,1686.4,-2959.94,13.3700000000001,-29.4099999999999,No Change
Jul 2072,Socorro-Sierra,NCAR,Low,No Change,2398.52,27.21,216.03,138.78,92.28,17.86,2.64,-0.69,63.36,0,-3.31,0,2307.94,33.35,30.93,30.63,2402.85,1631.16,-2983.69,-55.24,-23.75,No Change
Aug 2072,Socorro-Sierra,NCAR,Low,No Change,3198.12,37.65,202.1,114.37,122.24,25.01,1.77,-0.96,84.48,0,-3.17,0,3075.99,31.32,23.27,25.32,3155.9,1677.97,-2957.6,46.8099999999999,26.0900000000001,No Change
Sep 2072,Socorro-Sierra,NCAR,Low,No Change,1040.8,12.78,73.95,64.65,34.63,22.82,3.13,-0.5,27.49,0,-1.13,0,1000.52,11.4,25.61,23.82,1061.36,1754.67,-2904.34,76.7,53.2599999999998,No Change
Oct 2072,Socorro-Sierra,NCAR,Low,No Change,5.79,0.05,32.88,13.93,17.83,3.36,3.41,-0.48,0.15,0,-0.46,0,5.58,5,19.67,14.14,44.4,1744.48,-2905.42,-10.1900000000001,-1.07999999999993,No Change
Nov 2072,Socorro-Sierra,NCAR,Low,No Change,466.18,5.41,87.98,0.4,81.16,0.37,1.02,-1.23,12.32,0,-1.32,0,448.45,13.53,11.12,0.15,473.26,1743.17,-2923.76,-1.30999999999995,-18.3400000000001,No Change
Dec 2072,Socorro-Sierra,NCAR,Low,No Change,192.18,2.17,50.16,0.12,45.78,0.35,0.99,-1.23,5.08,0,-0.51,0,184.93,7.3,7.52,0,199.76,1815.1,-2915.17,71.9299999999998,8.59000000000015,No Change
Jan 2073,Socorro-Sierra,NCAR,Low,No Change,486,5.74,82.13,7.83,68.99,0.35,0.99,-1.23,12.84,0,-1.24,0,467.42,12.64,7.63,0,487.69,1855.23,-2912.83,40.1300000000001,2.34000000000015,No Change
Feb 2073,Socorro-Sierra,NCAR,Low,No Change,165.54,1.82,48.37,27.89,24.13,8.55,0.99,-1.23,4.37,0,-0.72,0,159.35,7.43,8.36,0,175.14,1918.46,-2903.45,63.23,9.38000000000011,No Change
Mar 2073,Socorro-Sierra,NCAR,Low,No Change,89.53,0.82,76.16,108.23,0.06,41.86,1.05,-1.22,2.36,0,-1.12,0,86.34,11.68,20.48,0.2,118.69,1927.9,-2902.03,9.44000000000005,1.41999999999962,No Change
Apr 2073,Socorro-Sierra,NCAR,Low,No Change,51.1,0.35,159,87,52.2,1.88,2.8,-0.85,1.35,0,-2.33,0,49.4,24.35,28.52,7.81,110.08,1867.89,-2903.25,-60.01,-1.2199999999998,No Change
May 2073,Socorro-Sierra,NCAR,Low,No Change,374.26,3.47,162.78,99.76,48.26,4.32,4.06,-0.24,9.89,0,-2.38,0,360.91,24.93,39.39,27.54,452.76,1893.34,-2915.69,25.4499999999998,-12.4400000000001,No Change
Jun 2073,Socorro-Sierra,NCAR,Low,No Change,450.06,4.4,109.59,127.75,11.29,40.23,4.6,-0.05,11.89,0,-1.6,0,433.78,16.78,42.43,33.28,526.27,1902.18,-2940.01,8.84000000000015,-24.3200000000002,No Change
Jul 2073,Socorro-Sierra,NCAR,Low,No Change,1529.39,17.32,171.81,136.2,48.85,19.78,3.47,-0.41,40.4,0,-2.6,0,1471.67,26.45,35.72,31.62,1565.47,1835.46,-2967.66,-66.72,-27.6499999999996,No Change
Aug 2073,Socorro-Sierra,NCAR,Low,No Change,671.8,8.37,128.86,107.34,42.43,30.4,4.17,-0.15,17.75,0,-1.89,0,645.69,19.74,31.96,29.6,726.99,1832.69,-2965.35,-2.76999999999998,2.30999999999995,No Change
Sep 2073,Socorro-Sierra,NCAR,Low,No Change,297.3,2.99,62.98,57.8,19.99,20.54,4.11,-0.21,7.85,0,-0.92,0,286.46,9.63,27.85,24.26,348.2,1817.08,-2983.42,-15.6100000000001,-18.0700000000002,No Change
Oct 2073,Socorro-Sierra,NCAR,Low,No Change,161.44,1.99,29.28,14.66,14.96,2.41,2.81,-0.71,4.26,0,-0.43,0,155.19,4.49,18,10.09,187.77,1793,-3005.06,-24.0799999999999,-21.6399999999999,No Change
Nov 2073,Socorro-Sierra,NCAR,Low,No Change,85.16,1.07,30.83,0.12,27.98,0.35,1,-1.23,2.25,0,-0.28,0,81.84,4.43,12.06,0,98.32,1791.07,-3014.83,-1.93000000000006,-9.76999999999998,No Change
Dec 2073,Socorro-Sierra,NCAR,Low,No Change,1557.38,20.15,100.75,4.48,102.75,0.35,1,-1.23,41.14,0,-1.57,0,1496.09,15.6,6.52,0,1518.2,1808.87,-3015.1,17.8,-0.269999999999982,No Change
Jan 2074,Socorro-Sierra,NCAR,Low,No Change,46.45,0.53,31.1,7.29,20.38,0.35,1,-1.23,1.23,0,-0.46,0,44.69,4.77,7.51,0,56.97,1906.97,-2977.75,98.1000000000001,37.3499999999999,No Change
Feb 2074,Socorro-Sierra,NCAR,Low,No Change,278.33,3.01,80.64,27.66,45.15,0.35,1,-1.23,7.35,0,-1.2,0,267.97,12.39,9.93,0,290.29,1921.72,-2979.21,14.75,-1.46000000000004,No Change
Mar 2074,Socorro-Sierra,NCAR,Low,No Change,676.36,6.51,175.05,107.74,75.82,26.29,1,-1.23,17.87,0,-2.62,0,651.99,26.9,17.18,0,696.07,1958.82,-2975.29,37.0999999999999,3.92000000000007,No Change
Apr 2074,Socorro-Sierra,NCAR,Low,No Change,113.31,1.11,121.49,87.88,19.14,1.25,1.95,-1,2.99,0,-1.78,0,109.2,18.61,28.67,5.15,161.63,1993.4,-2962.27,34.5800000000002,13.02,No Change
May 2074,Socorro-Sierra,NCAR,Low,No Change,556.74,5.99,127.83,100.86,26.6,11.36,3.7,-0.34,14.71,0,-1.88,0,536.04,19.6,38.31,26.18,620.13,1985.57,-2969.16,-7.83000000000015,-6.88999999999987,No Change
Jun 2074,Socorro-Sierra,NCAR,Low,No Change,359.33,3.57,48.15,128.47,11.23,94.65,4.58,-0.05,9.49,0,-0.7,0,346.27,7.36,41.95,31.88,427.46,1966.54,-2986.55,-19.03,-17.3900000000003,No Change
Jul 2074,Socorro-Sierra,NCAR,Low,No Change,2032.8,22.51,145.79,137.6,29.08,18.67,2.98,-0.58,53.7,0,-2.27,0,1956.6,22.55,34.34,30.86,2044.35,1845.81,-3014.27,-120.73,-27.7199999999998,No Change
Aug 2074,Socorro-Sierra,NCAR,Low,No Change,1712.78,18.38,144.74,109.12,61.92,28.05,3.02,-0.58,45.25,0,-2.23,0,1649.15,22.36,28.6,27.65,1727.76,1825.43,-2997.25,-20.3799999999999,17.02,No Change
Sep 2074,Socorro-Sierra,NCAR,Low,No Change,441.76,3.83,66.96,60.43,24.06,22.99,4.02,-0.26,11.67,0,-0.99,0,426.26,10.28,28.08,24.42,489.04,1834.3,-2985.48,8.86999999999989,11.77,No Change
Oct 2074,Socorro-Sierra,NCAR,Low,No Change,408.21,4.86,51.44,15.21,36.79,2.84,2.97,-0.61,10.78,0,-0.76,0,392.57,7.9,19.62,14.38,434.47,1811.58,-3003.51,-22.72,-18.0300000000002,No Change
Nov 2074,Socorro-Sierra,NCAR,Low,No Change,388.66,4.66,64.75,0.49,60.29,0.36,1.01,-1.23,10.27,0,-0.98,0,373.73,9.97,10.84,0.03,394.57,1829.49,-3011.44,17.9100000000001,-7.92999999999984,No Change
Dec 2074,Socorro-Sierra,NCAR,Low,No Change,715.3,8.79,71.63,1.39,69.42,0.35,1,-1.23,18.9,0,-1.1,0,687.61,11.05,8.05,0,706.71,1880.82,-3004.42,51.3299999999999,7.01999999999998,No Change
Jan 2075,Socorro-Sierra,NCAR,Low,No Change,274.12,3.24,85.98,7.11,70.54,0.35,1,-1.23,7.24,0,-1.28,0,263.64,13.2,10.13,0,286.97,1944.07,-2988.85,63.25,15.5700000000002,No Change
Feb 2075,Socorro-Sierra,NCAR,Low,No Change,416.73,4.65,96.31,27.73,60.22,0.35,1,-1.22,11.01,0,-1.44,0,401.07,14.8,11.85,0,427.72,2006.36,-2985.11,62.29,3.73999999999978,No Change
Mar 2075,Socorro-Sierra,NCAR,Low,No Change,310.52,3.03,140.84,107.63,19.64,2.92,1.02,-1.22,8.2,0,-2.09,0,299.28,21.61,20.49,0.06,341.45,2056.61,-2977.77,50.2500000000002,7.34000000000015,No Change
Apr 2075,Socorro-Sierra,NCAR,Low,No Change,122.87,1.03,130.25,87.52,27.41,1.69,2.68,-0.89,3.25,0,-1.91,0,118.6,19.96,30.27,6.75,175.58,2055.07,-2973.96,-1.53999999999996,3.80999999999995,No Change
May 2075,Socorro-Sierra,NCAR,Low,No Change,740.45,8.25,229.33,99.66,109.82,3.68,3.52,-0.39,19.56,0,-3.38,0,712.63,35.16,40.35,26.63,814.77,2054.08,-2982.95,-0.990000000000236,-8.98999999999978,No Change
Jun 2075,Socorro-Sierra,NCAR,Low,No Change,270.67,2.89,219.35,125.79,71.36,5.28,4.72,0.01,7.15,0,-3.18,0,260.63,33.55,46.19,32.65,373.02,2123.79,-2997.31,69.71,-14.3600000000001,No Change
Jul 2075,Socorro-Sierra,NCAR,Low,No Change,1520.9,17.03,258.15,150.09,92.99,3.71,3.53,-0.39,40.18,0,-3.86,0,1463.7,39.67,41.52,32.01,1576.9,2148.4,-3030.71,24.6100000000001,-33.4000000000001,No Change
Aug 2075,Socorro-Sierra,NCAR,Low,No Change,1137.44,13.36,251.37,197.56,36.24,3.92,3.63,-0.33,30.05,0,-3.72,0,1094.03,38.57,36.28,29.19,1198.08,2200.07,-3030.31,51.6700000000001,0.400000000000091,No Change
Sep 2075,Socorro-Sierra,NCAR,Low,No Change,1384.67,16.06,117.86,88.4,32.06,2.92,2.91,-0.58,36.58,0,-1.8,0,1332.03,18.18,32.63,24.64,1407.48,2200.07,-3037.14,0,-6.82999999999993,No Change
Oct 2075,Socorro-Sierra,NCAR,Low,No Change,86.1,0.92,48.82,20.77,25.63,3.42,3.42,-0.46,2.27,0,-0.7,0,82.91,7.45,26.09,15.11,131.56,2200.07,-3030.49,0,6.65000000000009,No Change
Nov 2075,Socorro-Sierra,NCAR,Low,No Change,531.15,5.17,147.48,93.26,39.39,0.46,1.15,-1.2,14.03,0,-2.2,0,511.94,22.66,16.28,0.55,551.43,2200.07,-3047.91,0,-17.4200000000001,No Change
Dec 2075,Socorro-Sierra,NCAR,Low,No Change,421.35,4.37,98.18,82.47,6.82,0.36,1.01,-1.22,11.13,0,-1.47,0,405.85,15.1,8.69,0,429.64,2225.07,-3038.98,25,8.92999999999984,No Change
Jan 2076,Socorro-Sierra,NCAR,Low,No Change,204.16,2.54,56.18,43.45,7.84,0.36,1.01,-1.22,5.39,0,-0.84,0,196.22,8.63,9.71,0,214.57,2225.07,-3031.55,0,7.42999999999984,No Change
Feb 2076,Socorro-Sierra,NCAR,Low,No Change,378.67,4.24,99.29,78.8,11.31,0.36,1.01,-1.22,10,0,-1.48,0,364.43,15.26,13.18,0,392.87,2225.07,-3029.22,0,2.33000000000038,No Change
Mar 2076,Socorro-Sierra,NCAR,Low,No Change,68.84,0.6,94.38,107.85,0.28,26.22,1.28,-1.17,1.82,0,-1.39,0,66.42,14.47,26.36,0.99,108.24,2225.07,-3022.93,0,6.28999999999996,No Change
Apr 2076,Socorro-Sierra,NCAR,Low,No Change,15.36,0.13,173.6,93.33,60.34,3.97,3.75,-0.32,0.41,0,-2.51,0,14.83,26.53,35.59,21.07,98.02,2175.21,-3025.94,-49.8600000000001,-3.01000000000022,No Change
May 2076,Socorro-Sierra,NCAR,Low,No Change,230.29,2.59,203.72,139.02,43.52,4.43,4.08,-0.2,6.08,0,-2.96,0,221.62,31.16,43.37,26.39,322.55,2200.07,-3053.19,24.8600000000001,-27.25,No Change
Jun 2076,Socorro-Sierra,NCAR,Low,No Change,397.16,4.28,221.58,153.11,47.08,5.01,4.53,-0.06,10.49,0,-3.23,0,382.39,33.91,46.66,31.96,494.92,2200.07,-3080.74,0,-27.5499999999997,No Change
Jul 2076,Socorro-Sierra,NCAR,Low,No Change,1743.18,20.13,259.46,205.59,41.39,3.39,3.25,-0.46,46.05,0,-3.89,0,1676.99,39.9,41.72,31.74,1790.35,2200.07,-3110.03,0,-29.2900000000004,No Change
Aug 2076,Socorro-Sierra,NCAR,Low,No Change,1122.29,11.76,262.43,206.27,35.37,3.83,3.69,-0.35,29.65,0,-3.9,0,1080.88,40.28,35.58,28.5,1185.25,2200.07,-3103.33,0,6.70000000000027,No Change
Sep 2076,Socorro-Sierra,NCAR,Low,No Change,334.38,3.78,215.52,160.32,33.54,4.39,4.04,-0.21,8.83,0,-3.14,0,321.77,32.98,33.4,24.25,412.4,2200.07,-3110.13,0,-6.80000000000018,No Change
Oct 2076,Socorro-Sierra,NCAR,Low,No Change,1743.92,20.41,144.68,127.49,17.93,0.46,1.13,-1.2,46.07,0,-2.24,0,1677.44,22.37,19.81,6.65,1726.27,2200.07,-3132.94,0,-22.8099999999999,No Change
Nov 2076,Socorro-Sierra,NCAR,Low,No Change,56.23,0.53,60.57,15.53,37.54,0.36,1.01,-1.22,1.49,0,-0.89,0,54.21,9.29,14.42,0,77.92,2200.07,-3098.1,0,34.8400000000001,No Change
Dec 2076,Socorro-Sierra,NCAR,Low,No Change,78.89,0.94,49.11,35.98,7.61,0.36,1.01,-1.22,2.08,0,-0.73,0,75.87,7.54,9.49,0,92.9,2225.07,-3099.74,25,-1.63999999999987,No Change
Jan 2077,Socorro-Sierra,NCAR,Low,No Change,221.03,2.52,64.63,50.52,8.03,0.36,1.01,-1.22,5.84,0,-0.96,0,212.67,9.93,9.9,0,232.51,2225.07,-3100.62,0,-0.880000000000109,No Change
Feb 2077,Socorro-Sierra,NCAR,Low,No Change,227.64,2.58,74.31,55.44,11.51,0.36,1.01,-1.22,6.01,0,-1.11,0,219.05,11.41,13.38,0,243.84,2225.07,-3097.97,0,2.65000000000009,No Change
Mar 2077,Socorro-Sierra,NCAR,Low,No Change,45.42,0.45,78.08,108.11,0.11,40.52,1.12,-1.2,1.2,0,-1.15,0,43.78,11.97,24.44,0.36,80.54,2225.07,-3095.3,0,2.66999999999962,No Change
Apr 2077,Socorro-Sierra,NCAR,Low,No Change,58.4,0.46,192.73,98.07,70.58,2.16,2.96,-0.77,1.54,0,-2.81,0,56.4,29.51,34.63,9.77,130.3,2162.54,-3097.93,-62.5300000000002,-2.62999999999965,No Change
May 2077,Socorro-Sierra,NCAR,Low,No Change,222.91,2.02,176.49,113.98,44.58,4.48,4.17,-0.19,5.89,0,-2.57,0,215,27,44.46,26.76,313.23,2200.07,-3112.71,37.5300000000002,-14.7800000000002,No Change
Jun 2077,Socorro-Sierra,NCAR,Low,No Change,119.42,1.12,113.37,126.99,12.02,40.2,5.05,0.11,3.15,0,-1.63,0,115.15,17.3,50.42,34.18,217.05,2200.07,-3140.51,0,-27.8000000000002,No Change
Jul 2077,Socorro-Sierra,NCAR,Low,No Change,1355.26,15.72,122.58,135.33,5.29,19.36,3.68,-0.32,35.8,0,-1.86,0,1303.74,18.89,41.84,32.23,1396.7,2126.4,-3178.09,-73.6700000000001,-37.5799999999999,No Change
Aug 2077,Socorro-Sierra,NCAR,Low,No Change,933.55,10.56,112.68,107.1,29.69,29.19,3.9,-0.26,24.66,0,-1.69,0,898.33,17.32,35.41,29.21,980.27,2074.51,-3180.4,-51.8899999999999,-2.30999999999995,No Change
Sep 2077,Socorro-Sierra,NCAR,Low,No Change,163.07,1.87,35.06,66.62,6.32,40.84,4.26,-0.15,4.31,0,-0.49,0,156.89,5.33,32.12,24.32,218.66,2043.77,-3190.8,-30.7400000000002,-10.4000000000001,No Change
Oct 2077,Socorro-Sierra,NCAR,Low,No Change,272.36,2.99,43.63,15.2,29.07,3.69,3.21,-0.54,7.19,0,-0.64,0,262.17,6.69,23.77,14.95,307.59,1981.53,-3215.71,-62.24,-24.9099999999999,No Change
Nov 2077,Socorro-Sierra,NCAR,Low,No Change,175.52,1.96,59.32,0.12,53.82,0.36,1.01,-1.23,4.64,0,-0.15,0,168.92,7.85,12.18,0,188.95,1986.88,-3227.86,5.35000000000014,-12.1500000000001,No Change
Dec 2077,Socorro-Sierra,NCAR,Low,No Change,943.55,12.04,64.17,1.38,66.27,0.36,1.01,-1.23,24.93,0,-1,0,906.58,9.93,8.15,0,924.67,2030.41,-3225.62,43.53,2.24000000000024,No Change
Jan 2078,Socorro-Sierra,NCAR,Low,No Change,430.34,5.43,78.34,7.39,65.86,0.36,1.01,-1.23,11.37,0,-1.18,0,413.54,12.05,9.23,0,434.82,2090.4,-3203.93,59.99,21.6900000000001,No Change
Feb 2078,Socorro-Sierra,NCAR,Low,No Change,707.5,8.37,91.28,28.11,59.22,0.36,1.02,-1.22,18.69,0,-1.39,0,680.44,14.07,9.45,0,703.95,2148.92,-3195.98,58.52,7.94999999999982,No Change
Mar 2078,Socorro-Sierra,NCAR,Low,No Change,99.25,0.92,79.82,108.15,0.02,38.5,1.03,-1.22,2.62,0,-1.18,0,95.71,12.24,22.35,0.06,130.36,2200.57,-3180.92,51.6500000000001,15.0599999999999,No Change
Apr 2078,Socorro-Sierra,NCAR,Low,No Change,81.89,0.68,113.92,87.69,15.11,3.98,2.72,-0.88,2.16,0,-1.67,0,79.04,17.45,31.81,6.94,135.25,2142,-3181.79,-58.5700000000002,-0.869999999999891,No Change
May 2078,Socorro-Sierra,NCAR,Low,No Change,2.56,0.02,123.87,99.7,27.76,20.7,4.5,-0.07,0.07,0,-1.77,0,2.48,18.9,45.59,28.04,95.01,2124.92,-3191.84,-17.0799999999999,-10.0500000000002,No Change
Jun 2078,Socorro-Sierra,NCAR,Low,No Change,345.37,4.05,65.05,128.25,11.74,79.89,4.64,-0.02,9.12,0,-0.94,0,332.19,9.94,46.31,32.81,421.25,2090.96,-3226.17,-33.96,-34.3299999999999,No Change
Jul 2078,Socorro-Sierra,NCAR,Low,No Change,940.95,10.64,80.83,135.43,6.13,61.31,4.16,-0.18,24.86,0,-1.22,0,905.45,12.44,40.67,32.25,990.8,1981.16,-3255.45,-109.8,-29.2799999999997,No Change
Aug 2078,Socorro-Sierra,NCAR,Low,No Change,2541.17,32.28,113.04,112.43,41.34,24.22,2.23,-0.77,67.13,0,-1.8,0,2441.77,17.56,28.94,27.47,2515.74,1889.65,-3268.41,-91.51,-12.96,No Change
Sep 2078,Socorro-Sierra,NCAR,Low,No Change,1407,16.4,91.73,68.88,52.25,25.78,2.79,-0.64,37.17,0,-1.42,0,1353.44,14.19,27.9,23.48,1419.01,1880.85,-3233.55,-8.80000000000018,34.8599999999997,No Change
Oct 2078,Socorro-Sierra,NCAR,Low,No Change,394.04,4.89,42.04,15.8,27.99,2.69,2.7,-0.73,10.41,0,-0.63,0,378.73,6.46,20.89,11.33,417.42,1882.84,-3224.72,1.99000000000001,8.83000000000038,No Change
Nov 2078,Socorro-Sierra,NCAR,Low,No Change,85.67,0.94,49.63,0.12,44.47,0.36,1.02,-1.23,2.26,0,0.02,0,82.47,6.32,13.14,0,101.93,1890.68,-3229.7,7.84000000000015,-4.98000000000002,No Change
Dec 2078,Socorro-Sierra,NCAR,Low,No Change,629.78,7.23,71.91,0.44,69.06,0.36,1.02,-1.23,16.64,0,-1.1,0,605.91,11.1,8.7,0,625.7,1923.9,-3229.67,33.22,0.0299999999997453,No Change
Jan 2079,Socorro-Sierra,NCAR,Low,No Change,418.49,5.15,80.42,7.42,67.36,0.36,1.02,-1.23,11.06,0,-1.21,0,402.28,12.37,8.11,0,422.76,1986.15,-3216.38,62.25,13.29,No Change
Feb 2079,Socorro-Sierra,NCAR,Low,No Change,265.87,2.91,61.88,27.77,28.81,0.37,1.03,-1.22,7.02,0,-0.93,0,255.94,9.52,14.89,0.05,280.4,2047.29,-3208.78,61.1399999999999,7.59999999999991,No Change
Mar 2079,Socorro-Sierra,NCAR,Low,No Change,271.27,2.88,65.06,108.45,1.1,50.64,2.18,-1.02,7.17,0,-0.98,0,261.22,10,22.82,3.94,297.98,2063.09,-3204.99,15.8000000000002,3.79000000000042,No Change
Apr 2079,Socorro-Sierra,NCAR,Low,No Change,17.16,0.16,32.53,88.82,15.58,76.21,2.93,-0.8,0.45,0,-0.47,0,16.55,4.98,31.97,9.06,62.56,1993.93,-3205.94,-69.1600000000001,-0.950000000000273,No Change
May 2079,Socorro-Sierra,NCAR,Low,No Change,120.17,1.25,73.64,100.65,27.69,63.63,4.41,-0.11,3.17,0,-1.05,0,115.74,11.23,42.63,28.48,198.09,1905.05,-3218.75,-88.8800000000001,-12.8099999999999,No Change
Jun 2079,Socorro-Sierra,NCAR,Low,No Change,316.74,3.43,61.59,128.32,11.83,83.64,4.8,0.01,8.37,0,-0.89,0,304.94,9.41,43.72,34.07,392.13,1831,-3249.63,-74.05,-30.8800000000001,No Change
Jul 2079,Socorro-Sierra,NCAR,Low,No Change,851.18,9.72,69.08,135.94,6.69,73.41,4.44,-0.1,22.49,0,-1.04,0,818.98,10.63,39.6,34.42,903.62,1720.25,-3281,-110.75,-31.3699999999999,No Change
Aug 2079,Socorro-Sierra,NCAR,Low,No Change,2573.08,30.34,158.58,112.51,79.17,24.85,2.27,-0.81,67.97,0,-2.48,0,2474.77,24.57,26.66,27.57,2553.57,1618.48,-3298.52,-101.77,-17.52,No Change
Sep 2079,Socorro-Sierra,NCAR,Low,No Change,132.93,1.4,38.1,66.57,6.39,38.72,4.32,-0.15,3.51,0,-0.54,0,128.02,5.8,28.33,24.38,186.52,1649.23,-3263.69,30.75,34.8299999999999,No Change
Oct 2079,Socorro-Sierra,NCAR,Low,No Change,49.15,0.6,19.79,15.18,6.73,4.25,3.44,-0.48,1.3,0,-0.27,0,47.25,3,20.78,14.7,85.73,1593.04,-3289.56,-56.1900000000001,-25.8699999999999,No Change
Nov 2079,Socorro-Sierra,NCAR,Low,No Change,74.02,0.71,60.51,0.15,53.8,0.39,1.1,-1.24,1.96,0,0.11,0,71.35,7.55,11.72,0.2,90.82,1578.66,-3307.16,-14.3799999999999,-17.5999999999999,No Change
Dec 2079,Socorro-Sierra,NCAR,Low,No Change,13.22,0.12,36.35,0.12,32.18,0.36,1.02,-1.24,0.35,0,0.17,0,12.76,4.36,7.04,0,24.16,1622.69,-3307.63,44.03,-0.470000000000255,No Change
Jan 2080,Socorro-Sierra,NCAR,Low,No Change,149.19,1.77,39.87,7.48,28.99,0.36,1.02,-1.24,3.94,0,-0.6,0,143.48,6.13,7.09,0,156.69,1649.73,-3309.38,27.04,-1.75,No Change
Feb 2080,Socorro-Sierra,NCAR,Low,No Change,187.89,2.06,67.6,27.7,32.95,0.36,1.02,-1.24,4.96,0,-1.01,0,180.87,10.38,9.92,0,201.17,1673.53,-3308.3,23.8,1.07999999999993,No Change
Mar 2080,Socorro-Sierra,NCAR,Low,No Change,331.83,3.55,84.88,108.74,0.01,32.08,1.02,-1.24,8.77,0,-1.27,0,319.51,13.05,16.79,0,349.35,1698.47,-3306.61,24.9400000000001,1.69000000000005,No Change
Apr 2080,Socorro-Sierra,NCAR,Low,No Change,33.23,0.24,41.81,88.86,14.48,67.09,2.01,-1.02,0.88,0,-0.61,0,32.11,6.41,26.36,4.96,69.84,1651.87,-3301.38,-46.6000000000001,5.23000000000002,No Change
May 2080,Socorro-Sierra,NCAR,Low,No Change,389.65,4.38,59.83,101.76,27.27,73.11,4,-0.26,10.29,0,-0.87,0,374.98,9.16,36.03,27.48,447.66,1575.93,-3309.11,-75.9399999999998,-7.73000000000002,No Change
Jun 2080,Socorro-Sierra,NCAR,Low,No Change,531.28,6.17,35.79,129.71,11.37,104.08,4.37,-0.14,14.03,0,-0.53,0,511.08,5.49,36.51,32.05,585.13,1498.32,-3331.43,-77.6100000000001,-22.3199999999997,No Change
Jul 2080,Socorro-Sierra,NCAR,Low,No Change,1586.61,18.6,82.15,139.07,4.83,54.58,3.42,-0.43,41.91,0,-1.29,0,1526.1,12.73,31.44,32.1,1602.36,1373.6,-3354.48,-124.72,-23.0500000000002,No Change
Aug 2080,Socorro-Sierra,NCAR,Low,No Change,1334.63,15.16,98.07,110.3,17.55,28.25,3.37,-0.47,35.26,0,-1.51,0,1284.21,15.14,25.11,27.94,1352.4,1296.27,-3349.8,-77.3299999999999,4.67999999999984,No Change
Sep 2080,Socorro-Sierra,NCAR,Low,No Change,879.09,9.78,76.97,68.76,34.95,27.66,3.47,-0.45,23.22,0,-1.17,0,846.09,11.86,23.37,24.24,905.56,1264.29,-3347.84,-31.98,1.96000000000004,No Change
Oct 2080,Socorro-Sierra,NCAR,Low,No Change,173.24,2.11,28.13,15.63,14.78,4.06,3.35,-0.51,4.58,0,-0.4,0,166.55,4.29,18.27,15.37,204.48,1252.13,-3353.94,-12.1599999999999,-6.09999999999991,No Change
Nov 2080,Socorro-Sierra,NCAR,Low,No Change,14.27,0.12,41.48,0.18,36.67,0.42,1.22,-1.24,0.38,0,0.19,0,13.77,4.99,10.77,0.48,30.02,1248.44,-3369,-3.69000000000005,-15.0599999999999,No Change
Dec 2080,Socorro-Sierra,NCAR,Low,No Change,1008.01,12.75,89.74,3.2,87.17,0.37,1.03,-1.25,26.63,0,-1.38,0,968.62,13.86,6.88,0,989.36,1276.37,-3371.38,27.9299999999998,-2.38000000000011,No Change
Jan 2081,Socorro-Sierra,NCAR,Low,No Change,57.38,0.63,35.21,7.29,24.03,0.37,1.03,-1.25,1.52,0,-0.52,0,55.23,5.41,7.93,0,68.57,1358.58,-3348.41,82.21,22.9700000000003,No Change
Feb 2081,Socorro-Sierra,NCAR,Low,No Change,342.53,3.62,93.31,27.83,56.52,0.37,1.03,-1.25,9.05,0,-1.39,0,329.86,14.34,9.3,0,353.5,1376.6,-3349.7,18.02,-1.28999999999996,No Change
Mar 2081,Socorro-Sierra,NCAR,Low,No Change,182,2.01,76.85,108.64,0.02,40.45,1.04,-1.25,4.81,0,-1.14,0,175.18,11.8,16.47,0.04,203.49,1425.73,-3344.32,49.1300000000001,5.37999999999965,No Change
Apr 2081,Socorro-Sierra,NCAR,Low,No Change,129.51,1.15,105.49,88,15.68,11.65,2.92,-0.82,3.42,0,-1.55,0,124.93,16.16,25.59,9.77,176.45,1371.11,-3342.98,-54.6200000000001,1.34000000000015,No Change
May 2081,Socorro-Sierra,NCAR,Low,No Change,746.57,7.99,153.69,101.56,42.45,3.65,3.54,-0.43,19.72,0,-2.28,0,718.86,23.59,31.5,26.34,800.29,1353.3,-3354.62,-17.8099999999999,-11.6399999999999,No Change
Jun 2081,Socorro-Sierra,NCAR,Low,No Change,551.23,6.15,71.19,129.3,11.16,72.98,4.32,-0.16,14.56,0,-1.05,0,530.51,10.91,34.11,31.57,607.11,1364.58,-3367.5,11.28,-12.8800000000001,No Change
Jul 2081,Socorro-Sierra,NCAR,Low,No Change,1814.27,20.91,115.5,139.65,4.4,23.71,3.25,-0.51,47.93,0,-1.8,0,1745.44,17.87,29.96,32.07,1825.34,1273.14,-3390.04,-91.4399999999998,-22.54,No Change
Aug 2081,Socorro-Sierra,NCAR,Low,No Change,1765.11,19.88,126.74,111.65,44.59,27.25,2.87,-0.64,46.63,0,-1.97,0,1698.6,19.6,22.77,27.08,1768.05,1227.62,-3379.74,-45.5200000000002,10.3000000000002,No Change
Sep 2081,Socorro-Sierra,NCAR,Low,No Change,280.01,3.66,35.46,67.67,6.07,39.52,4.1,-0.22,7.4,0,-0.5,0,268.95,5.41,23.44,24.3,322.09,1225.71,-3365.67,-1.90999999999985,14.0699999999997,No Change
Oct 2081,Socorro-Sierra,NCAR,Low,No Change,345.86,3.91,51.77,15.97,35.36,2.82,2.65,-0.8,9.14,0,-0.77,0,332.81,7.96,15,9.93,365.69,1173.14,-3387.4,-52.5699999999999,-21.73,No Change
Nov 2081,Socorro-Sierra,NCAR,Low,No Change,825.37,10.76,77.02,3.13,74.31,0.37,1.03,-1.26,21.8,0,-1.18,0,792.81,11.88,8.88,0,813.58,1194.13,-3392.42,20.99,-5.01999999999998,No Change
Dec 2081,Socorro-Sierra,NCAR,Low,No Change,250.07,2.98,58.39,0.29,53.34,0.37,1.03,-1.25,6.61,0,-0.87,0,240.48,8.98,5.7,0,255.16,1261.49,-3374.08,67.3599999999999,18.3400000000001,No Change
Jan 2082,Socorro-Sierra,NCAR,Low,No Change,383.22,4.7,56.1,8.35,45.02,0.37,1.03,-1.25,10.12,0,-0.85,0,368.4,8.64,7.67,0,384.71,1311.05,-3370.63,49.5599999999999,3.44999999999982,No Change
Feb 2082,Socorro-Sierra,NCAR,Low,No Change,186.98,2.05,74.12,27.74,38.51,0.37,1.03,-1.25,4.94,0,-1.1,0,179.99,11.38,8.7,0,200.07,1350.31,-3363.64,39.26,6.99000000000024,No Change
Mar 2082,Socorro-Sierra,NCAR,Low,No Change,63.08,0.63,74.16,108.28,0.12,43.89,1.15,-1.23,1.67,0,-1.09,0,60.78,11.37,17.72,0.41,90.28,1382.05,-3362.09,31.74,1.54999999999973,No Change
Apr 2082,Socorro-Sierra,NCAR,Low,No Change,211.37,2.08,178.79,87.24,71.06,2.2,2.95,-0.8,5.58,0,-2.62,0,203.71,27.39,25.38,10.95,267.42,1322.94,-3364.31,-59.1099999999999,-2.2199999999998,No Change
May 2082,Socorro-Sierra,NCAR,Low,No Change,290.73,2.62,192.79,99.31,74.04,4.62,4.31,-0.19,7.68,0,-2.81,0,280.43,29.5,35.2,28.93,374.07,1370.16,-3376.04,47.22,-11.73,No Change
Jun 2082,Socorro-Sierra,NCAR,Low,No Change,409.89,4.45,118.4,128.06,11.52,33.12,4.65,-0.06,10.83,0,-1.72,0,394.61,18.12,36.52,33.26,482.5,1408.87,-3404.6,38.7099999999998,-28.5599999999999,No Change
Jul 2082,Socorro-Sierra,NCAR,Low,No Change,836.92,9.01,132.84,135.36,9.56,21.49,4.37,-0.16,22.11,0,-1.97,0,805.81,20.39,32.87,32.75,891.82,1355.46,-3433.46,-53.4099999999999,-28.8600000000001,No Change
Aug 2082,Socorro-Sierra,NCAR,Low,No Change,820.69,9.2,91.36,108.6,9.2,29.91,4.01,-0.27,21.68,0,-1.37,0,789.81,14.04,26.25,28.67,858.77,1315.18,-3450.59,-40.28,-17.1300000000001,No Change
Sep 2082,Socorro-Sierra,NCAR,Low,No Change,722.91,8.98,52.51,69.29,12.95,28.05,3.52,-0.41,19.1,0,-0.79,0,694.83,8.08,22.46,23.56,748.93,1272.49,-3463.23,-42.6900000000001,-12.6399999999999,No Change
Oct 2082,Socorro-Sierra,NCAR,Low,No Change,661.08,7.77,52.62,17.46,37.51,1.9,2.02,-0.99,17.46,0,-0.81,0,635.84,8.13,13.62,7.3,664.89,1238.86,-3472.41,-33.6300000000001,-9.17999999999984,No Change
Nov 2082,Socorro-Sierra,NCAR,Low,No Change,9.22,0.07,35.96,0.13,31.8,0.37,1.04,-1.25,0.24,0,0.17,0,8.91,4.31,9.23,0,22.44,1263.86,-3466.07,25,6.33999999999969,No Change
Dec 2082,Socorro-Sierra,NCAR,Low,No Change,58.67,0.77,33.23,0.13,29.83,0.37,1.04,-1.25,1.55,0,-0.22,0,56.35,4.63,6.01,0,66.99,1288.36,-3467.95,24.5,-1.87999999999965,No Change
Jan 2083,Socorro-Sierra,NCAR,Low,No Change,191.47,1.96,82.77,6.98,66.63,0.37,1.04,-1.25,5.06,0,-1.23,0,184.46,12.7,6.56,0,203.73,1314.1,-3468.91,25.74,-0.960000000000036,No Change
Feb 2083,Socorro-Sierra,NCAR,Low,No Change,135.36,1.43,52.37,27.86,24.12,5.44,1.04,-1.25,3.58,0,-0.78,0,130.35,8.04,8.99,0,147.38,1376.09,-3467.37,61.99,1.53999999999996,No Change
Mar 2083,Socorro-Sierra,NCAR,Low,No Change,378.79,4.02,91.93,108.97,0.68,26.46,1.08,-1.24,10.01,0,-1.38,0,364.76,14.13,16.8,0.21,395.91,1388.06,-3466.86,11.97,0.509999999999764,No Change
Apr 2083,Socorro-Sierra,NCAR,Low,No Change,4.86,0.04,42.5,88.65,16.31,68.3,3.22,-0.7,0.13,0,-0.61,0,4.69,6.49,26.26,12.36,49.81,1347.81,-3460.77,-40.25,6.09000000000015,No Change
May 2083,Socorro-Sierra,NCAR,Low,No Change,776.72,8.43,111.81,102.52,26.67,24.46,3.64,-0.4,20.52,0,-1.67,0,747.78,17.18,31.38,27.97,824.31,1273.47,-3477.52,-74.3399999999999,-16.75,No Change
Jun 2083,Socorro-Sierra,NCAR,Low,No Change,208.6,2,39.79,128.48,11.84,104.03,4.97,0.04,5.51,0,-0.56,0,201.09,6.06,35.05,34.27,276.47,1248.33,-3490.68,-25.1400000000001,-13.1599999999999,No Change
Jul 2083,Socorro-Sierra,NCAR,Low,No Change,1811.77,20.53,110.04,140.32,4.25,29.32,3.19,-0.54,47.86,0,-1.72,0,1743.38,17.04,26.46,31.27,1818.15,1126.03,-3524.93,-122.3,-34.25,No Change
Aug 2083,Socorro-Sierra,NCAR,Low,No Change,1255.67,13.66,112.43,110.22,29.21,28.95,3.53,-0.44,33.17,0,-1.72,0,1208.83,17.34,22.45,28.27,1276.89,1078.24,-3513.79,-47.79,11.1399999999999,No Change
Sep 2083,Socorro-Sierra,NCAR,Low,No Change,588.05,5.58,72.51,67.52,29.11,28.59,3.78,-0.38,15.53,0,-1.09,0,566.93,11.15,19.96,23.26,621.3,1060.02,-3514.58,-18.22,-0.789999999999964,No Change
Oct 2083,Socorro-Sierra,NCAR,Low,No Change,514.9,6.02,46.27,17.15,32.47,3.74,3.09,-0.59,13.6,0,-0.7,0,495.27,7.12,15.35,16.67,534.41,1044.74,-3527.55,-15.28,-12.9700000000003,No Change
Nov 2083,Socorro-Sierra,NCAR,Low,No Change,292.07,3.67,52.97,0.93,48.73,0.37,1.04,-1.26,7.72,0,-0.8,0,280.68,8.15,7.37,0,296.2,1061.79,-3535,17.05,-7.44999999999982,No Change
Dec 2083,Socorro-Sierra,NCAR,Low,No Change,1037.68,12.94,89.71,4.08,86.47,0.37,1.04,-1.26,27.41,0,-1.38,0,997.33,13.86,5.34,0,1016.52,1105.08,-3530.38,43.29,4.61999999999989,No Change
Jan 2084,Socorro-Sierra,NCAR,Low,No Change,243.22,2.76,63.57,7.67,50.22,0.37,1.04,-1.26,6.43,0,-0.95,0,234.03,9.77,5.38,0,249.18,1188.14,-3506.65,83.0600000000002,23.73,No Change
Feb 2084,Socorro-Sierra,NCAR,Low,No Change,277.82,3.26,49.15,28.62,24.25,7.29,1.04,-1.26,7.34,0,-0.74,0,267.23,7.57,8.13,0,282.92,1234.91,-3503.47,46.77,3.18000000000029,No Change
Mar 2084,Socorro-Sierra,NCAR,Low,No Change,42.45,0.37,56.91,108.43,0.31,59.33,1.34,-1.2,1.12,0,-0.84,0,40.95,8.73,17.62,1.09,68.39,1246.04,-3499.17,11.1299999999999,4.29999999999973,No Change
Apr 2084,Socorro-Sierra,NCAR,Low,No Change,296.83,3.12,129.94,88.43,30.25,3.62,3.52,-0.45,7.84,0,-1.9,0,285.86,19.89,23.84,21.73,351.32,1171.93,-3502.52,-74.1099999999999,-3.34999999999991,No Change
May 2084,Socorro-Sierra,NCAR,Low,No Change,416.46,4.58,95.82,101.66,27.34,41.87,4.15,-0.23,11,0,-1.4,0,400.87,14.67,31.73,29.24,476.52,1178.68,-3522.27,6.75,-19.75,No Change
Jun 2084,Socorro-Sierra,NCAR,Low,No Change,243.41,2.73,40.05,128.89,11.76,103.41,4.86,0.01,6.43,0,-0.57,0,234.25,6.1,32.45,33.61,306.41,1136.81,-3546.29,-41.8700000000001,-24.02,No Change
Jul 2084,Socorro-Sierra,NCAR,Low,No Change,910.53,11.24,42.07,138.64,6.42,97.59,4.23,-0.17,24.05,0,-0.64,0,875.24,6.49,27.58,33.28,942.58,1017.56,-3578.9,-119.25,-32.6100000000001,No Change
Aug 2084,Socorro-Sierra,NCAR,Low,No Change,772,8.31,86,109.03,11.57,38.22,4.21,-0.22,20.39,0,-1.29,0,743.29,13.22,21.85,29.97,808.34,903.21,-3593.17,-114.35,-14.27,No Change
Sep 2084,Socorro-Sierra,NCAR,Low,No Change,1145.06,13.5,62.94,54.32,23.11,9.75,3.04,-0.59,30.25,0,-0.98,0,1101.32,9.74,16.05,23.1,1150.21,859.15,-3608.47,-44.0600000000001,-15.2999999999997,No Change
Oct 2084,Socorro-Sierra,NCAR,Low,No Change,218.52,2.52,24.48,15.28,11.6,3.27,3.31,-0.55,5.77,0,-0.36,0,210.22,3.74,13.21,15.22,242.4,860.09,-3605.93,0.940000000000055,2.53999999999996,No Change
Nov 2084,Socorro-Sierra,NCAR,Low,No Change,27.58,0.36,27.3,0.2,24.34,0.45,1.29,-1.25,0.73,0,-0.1,0,26.49,3.66,7.74,0.66,38.55,859.07,-3619.59,-1.01999999999998,-13.6600000000003,No Change
Dec 2084,Socorro-Sierra,NCAR,Low,No Change,61.17,0.55,42.31,0.13,37.68,0.37,1.04,-1.27,1.62,0,-0.02,0,59.01,5.45,4.55,0,69.01,877.77,-3622.16,18.6999999999999,-2.56999999999971,No Change
Jan 2085,Socorro-Sierra,NCAR,Low,No Change,382.69,4.5,76.66,8.41,62.49,0.37,1.04,-1.27,10.11,0,-1.15,0,368.08,11.79,5.32,0,385.19,912.83,-3622.87,35.0600000000001,-0.710000000000036,No Change
Feb 2085,Socorro-Sierra,NCAR,Low,No Change,136.15,1.44,43.93,28.11,24.09,12.92,1.04,-1.27,3.6,0,-0.66,0,131.11,6.75,7.8,0,145.66,971.94,-3616.23,59.11,6.63999999999987,No Change
Mar 2085,Socorro-Sierra,NCAR,Low,No Change,543.87,5.45,129.94,109.13,34.65,26.42,1.09,-1.26,14.37,0,-1.95,0,524.06,19.98,13.37,0.24,557.64,977.62,-3615.6,5.67999999999995,0.630000000000109,No Change
Apr 2085,Socorro-Sierra,NCAR,Low,No Change,382.78,4.31,93.71,89.64,15.78,20.4,2.77,-0.85,10.11,0,-1.39,0,368.36,14.39,19.82,11.08,413.65,974.83,-3605.76,-2.78999999999996,9.83999999999969,No Change
May 2085,Socorro-Sierra,NCAR,Low,No Change,960.14,10.55,152.3,103.42,41.7,3.39,3.34,-0.51,25.36,0,-2.28,0,924.22,23.4,24.47,26.83,998.93,954.01,-3611.74,-20.8200000000001,-5.97999999999956,No Change
Jun 2085,Socorro-Sierra,NCAR,Low,No Change,565.26,6.68,94.66,129.84,7.41,49.03,4.49,-0.11,14.93,0,-1.39,0,543.65,14.5,29.16,33.94,621.25,971.69,-3619.33,17.6800000000001,-7.59000000000015,No Change
Jul 2085,Socorro-Sierra,NCAR,Low,No Change,1504,17.31,96.25,140.38,5.93,46.15,3.55,-0.43,39.73,0,-1.49,0,1446.97,14.88,23.91,31.97,1517.73,905.52,-3644.32,-66.1700000000001,-24.9900000000002,No Change
Aug 2085,Socorro-Sierra,NCAR,Low,No Change,690.51,7.73,55.44,91.64,6.13,42.29,4.19,-0.22,18.24,0,-0.83,0,664.54,8.53,19.47,29.03,721.56,845.36,-3642.02,-60.16,2.30000000000018,No Change
Sep 2085,Socorro-Sierra,NCAR,Low,No Change,1183.18,13.95,69.33,47.95,28.88,3.19,3.12,-0.57,31.26,0,-1.08,0,1137.97,10.72,15.53,24.45,1188.67,794.15,-3658.06,-51.21,-16.04,No Change
Oct 2085,Socorro-Sierra,NCAR,Low,No Change,11.43,0.08,23.62,14.07,10.03,3.66,3.61,-0.45,0.3,0,-0.33,0,11.04,3.58,13.3,15.74,43.67,808,-3656.02,13.85,2.03999999999996,No Change
Nov 2085,Socorro-Sierra,NCAR,Low,No Change,436.36,5.13,76.9,1.41,70.34,0.4,1.08,-1.26,11.53,0,-1.16,0,419.7,11.83,6.68,0.17,438.38,805.13,-3675.84,-2.87,-19.8200000000002,No Change
Dec 2085,Socorro-Sierra,NCAR,Low,No Change,191.86,2.22,48.63,0.39,44.09,0.38,1.05,-1.27,5.07,0,-0.73,0,184.57,7.48,4.61,0,196.66,870.74,-3667.99,65.61,7.85000000000036,No Change
Jan 2086,Socorro-Sierra,NCAR,Low,No Change,53.81,0.58,35.33,7.34,24.05,0.38,1.05,-1.27,1.42,0,-0.52,0,51.81,5.42,5.34,0,62.58,912.16,-3665.97,41.42,2.01999999999998,No Change
Feb 2086,Socorro-Sierra,NCAR,Low,No Change,463.44,5.21,75.8,29.17,41.69,0.38,1.05,-1.27,12.24,0,-1.15,0,445.99,11.67,7.11,0,464.77,932.81,-3667.39,20.65,-1.42000000000007,No Change
Mar 2086,Socorro-Sierra,NCAR,Low,No Change,182.65,1.69,108.73,108.14,13.95,26.75,1.15,-1.25,4.82,0,-1.61,0,176.13,16.68,13.48,0.36,206.65,969.33,-3658.6,36.5200000000001,8.78999999999996,No Change
Apr 2086,Socorro-Sierra,NCAR,Low,No Change,11.64,0.08,87.95,88.01,2.53,14.69,3.03,-0.81,0.31,0,-1.28,0,11.25,13.46,19.48,9.81,54,945.46,-3658.15,-23.87,0.449999999999818,No Change
May 2086,Socorro-Sierra,NCAR,Low,No Change,46.73,0.45,90.59,72.15,26,19.64,4.63,-0.08,1.23,0,-1.29,0,45.05,13.81,27.27,29.73,115.86,917.66,-3672.77,-27.8000000000001,-14.6199999999999,No Change
Jun 2086,Socorro-Sierra,NCAR,Low,No Change,129.91,1.25,38.82,13.7,26.64,5.63,5.02,0.05,3.43,0,-0.54,0,125.23,5.9,25.74,33.66,190.53,901.47,-3707.26,-16.1899999999999,-34.4900000000002,No Change
Jul 2086,Socorro-Sierra,NCAR,Low,No Change,1246.76,14.86,74.8,52.49,30.96,4.18,3.84,-0.32,32.94,0,-1.15,0,1198.96,11.55,22.01,32.62,1265.15,901.72,-3743.01,0.25,-35.75,No Change
Aug 2086,Socorro-Sierra,NCAR,Low,No Change,1100.15,13.22,69.86,53.59,23.76,3.97,3.68,-0.37,29.06,0,-1.07,0,1057.86,10.78,19.58,28.94,1117.16,910.65,-3748.01,8.92999999999995,-5,No Change
Sep 2086,Socorro-Sierra,NCAR,Low,No Change,1069.85,11.19,94.62,45.05,50.79,3.19,3.26,-0.56,28.26,0,-1.45,0,1030.4,14.6,17.42,23.36,1085.78,914.91,-3753.01,4.25999999999999,-5,No Change
Oct 2086,Socorro-Sierra,NCAR,Low,No Change,423.9,5.18,33.66,17.12,20.43,3.38,2.94,-0.67,11.2,0,-0.51,0,407.52,5.18,13.94,13.77,440.41,948.9,-3753.37,33.99,-0.359999999999673,No Change
Nov 2086,Socorro-Sierra,NCAR,Low,No Change,504.2,5.93,89.65,1.31,82.21,0.38,1.05,-1.26,13.32,0,-1.35,0,484.95,13.79,6.87,0,505.61,955.63,-3760.06,6.73000000000002,-6.69000000000005,No Change
Dec 2086,Socorro-Sierra,NCAR,Low,No Change,660.26,7.6,98.31,1.67,90.96,0.38,1.05,-1.26,17.44,0,-1.49,0,635.22,15.14,5.4,0,655.76,1032.9,-3750.41,77.2700000000001,9.65000000000009,No Change
Jan 2087,Socorro-Sierra,NCAR,Low,No Change,375.59,4.58,62.33,8.46,50.18,0.38,1.05,-1.26,9.92,0,-0.94,0,361.08,9.59,5.31,0,375.99,1120.4,-3736.77,87.5,13.6399999999999,No Change
Feb 2087,Socorro-Sierra,NCAR,Low,No Change,13.74,0.12,37,27.72,24.01,19.74,1.05,-1.26,0.36,0,-0.55,0,13.26,5.67,9.38,0,28.31,1167.2,-3730.1,46.8,6.67000000000007,No Change
Mar 2087,Socorro-Sierra,NCAR,Low,No Change,22.57,0.18,85.83,107.96,0.32,34.16,1.36,-1.2,0.6,0,-1.26,0,21.79,13.15,16.96,1.12,53.03,1164.4,-3732.6,-2.79999999999995,-2.5,No Change
Apr 2087,Socorro-Sierra,NCAR,Low,No Change,190.26,1.92,151.9,87.7,48.91,3.82,3.68,-0.4,5.03,0,-2.21,0,183.32,23.24,23.65,21.97,252.18,1116.17,-3736.95,-48.23,-4.34999999999991,No Change
May 2087,Socorro-Sierra,NCAR,Low,No Change,303,3.08,193.54,99.68,74.6,4.46,4.16,-0.24,8,0,-2.82,0,291.91,29.62,29.5,27.54,378.57,1141.68,-3760.18,25.51,-23.23,No Change
Jun 2087,Socorro-Sierra,NCAR,Low,No Change,46.86,0.49,101.95,127.17,12.52,51.34,5.38,0.17,1.24,0,-1.45,0,45.13,15.54,36.82,36.88,134.37,1186.71,-3786.93,45.03,-26.75,No Change
Jul 2087,Socorro-Sierra,NCAR,Low,No Change,2244.57,26.14,162.23,141.84,42.02,18.07,2.83,-0.65,59.29,0,-2.51,0,2159.14,25.08,25.64,31.18,2241.04,1116.27,-3829.22,-70.4400000000001,-42.29,No Change
Aug 2087,Socorro-Sierra,NCAR,Low,No Change,1549.37,17,142.48,110.93,57.04,28.29,3.2,-0.56,40.93,0,-2.18,0,1491.45,21.98,21.9,27.62,1562.95,1118.06,-3807.1,1.78999999999996,22.1199999999999,No Change
Sep 2087,Socorro-Sierra,NCAR,Low,No Change,166.65,1.71,48.98,65.74,6.91,28.73,4.35,-0.17,4.4,0,-0.7,0,160.54,7.47,22.14,24.83,214.99,1128.67,-3799.73,10.6100000000001,7.36999999999989,No Change
Oct 2087,Socorro-Sierra,NCAR,Low,No Change,624.21,7.88,65.28,17.27,48.22,1.4,1.98,-1.01,16.49,0,-0.99,0,599.84,10.06,11.72,6.96,628.58,1089.23,-3825.38,-39.4400000000001,-25.6500000000001,No Change
Nov 2087,Socorro-Sierra,NCAR,Low,No Change,225.46,2.6,70.72,0.13,63.76,0.38,1.06,-1.26,5.96,0,-1.05,0,216.91,10.86,8.16,0,235.93,1127.32,-3819.83,38.0899999999999,5.55000000000018,No Change
Dec 2087,Socorro-Sierra,NCAR,Low,No Change,38.66,0.34,50.32,0.13,44.57,0.38,1.06,-1.26,1.02,0,0.14,0,37.3,6.2,6.64,0,50.13,1184.86,-3817.24,57.54,2.59000000000015,No Change
Jan 2088,Socorro-Sierra,NCAR,Low,No Change,196.39,2.62,41.65,8.05,30.82,0.38,1.06,-1.26,5.19,0,-0.62,0,188.58,6.4,7.51,0,202.5,1224.73,-3818.4,39.8700000000001,-1.16000000000031,No Change
Feb 2088,Socorro-Sierra,NCAR,Low,No Change,152.5,1.71,51.38,28.03,24.13,6.2,1.06,-1.25,4.03,0,-0.77,0,146.76,7.89,10.09,0.02,164.77,1249.97,-3816.15,25.24,2.25,No Change
Mar 2088,Socorro-Sierra,NCAR,Low,No Change,63.52,0.64,66.32,108.13,1.66,52.01,2.62,-0.94,1.68,0,-0.98,0,61.21,10.17,20.3,5.91,97.58,1260.12,-3815.22,10.1499999999999,0.930000000000291,No Change
Apr 2088,Socorro-Sierra,NCAR,Low,No Change,15.59,0.13,128.8,87.45,27.71,4.06,3.85,-0.34,0.41,0,-1.86,0,15.05,19.67,24.29,21.65,80.66,1193.03,-3824,-67.0899999999999,-8.7800000000002,No Change
May 2088,Socorro-Sierra,NCAR,Low,No Change,598.73,6.23,165.2,101.09,51.66,4.22,4,-0.3,15.82,0,-2.43,0,576.69,25.32,31.73,29.42,663.16,1196.58,-3851.27,3.54999999999995,-27.27,No Change
Jun 2088,Socorro-Sierra,NCAR,Low,No Change,1161.54,12.56,122.44,130.79,10.54,23.34,3.91,-0.33,30.68,0,-1.85,0,1118.3,18.86,32.68,33.82,1203.66,1216.59,-3871.6,20.01,-20.3299999999999,No Change
Jul 2088,Socorro-Sierra,NCAR,Low,No Change,933.82,11.24,73.96,137.72,6.31,69.11,4.22,-0.18,24.67,0,-1.11,0,897.91,11.38,29.62,33.04,971.95,1175.35,-3880.82,-41.24,-9.22000000000025,No Change
Aug 2088,Socorro-Sierra,NCAR,Low,No Change,1610.55,18.17,110.53,112.16,29.42,28.25,3.14,-0.57,42.55,0,-1.71,0,1549.83,17.1,21.46,28,1616.38,1087.35,-3894.72,-88,-13.8999999999996,No Change
Sep 2088,Socorro-Sierra,NCAR,Low,No Change,1242.2,14.08,96.4,62.37,53.48,18.76,3.04,-0.6,32.81,0,-1.48,0,1195.3,14.89,18.93,23.76,1252.87,1070.76,-3885.59,-16.5899999999999,9.12999999999965,No Change
Oct 2088,Socorro-Sierra,NCAR,Low,No Change,897.87,10.11,85.54,17.59,67.33,1.17,1.83,-1.06,23.72,0,-1.32,0,864.04,13.21,11.49,6.86,895.6,1090.19,-3881.66,19.4300000000001,3.93000000000029,No Change
Nov 2088,Socorro-Sierra,NCAR,Low,No Change,216.47,2.63,59.42,0.34,53.85,0.38,1.06,-1.26,5.72,0,-0.89,0,208.12,9.13,7.8,0,225.05,1147.76,-3869.01,57.5699999999999,12.6499999999996,No Change
Dec 2088,Socorro-Sierra,NCAR,Low,No Change,1021.77,12.53,88.14,3.72,85.07,0.38,1.06,-1.26,26.99,0,-1.36,0,982.25,13.62,4.67,0,1000.54,1195.74,-3866.5,47.98,2.51000000000022,No Change
Jan 2089,Socorro-Sierra,NCAR,Low,No Change,521.76,6,79.79,8.5,66.6,0.38,1.06,-1.25,13.78,0,-1.21,0,501.97,12.29,5.17,0,519.43,1278.08,-3843.18,82.3399999999999,23.3200000000002,No Change
Feb 2089,Socorro-Sierra,NCAR,Low,No Change,88.4,1.08,38.33,28.03,24.09,18.02,1.06,-1.25,2.34,0,-0.57,0,84.98,5.89,9.94,0,100.81,1341.43,-3832.92,63.3500000000001,10.2599999999998,No Change
Mar 2089,Socorro-Sierra,NCAR,Low,No Change,427.34,4.04,156.82,107.93,57.76,26.58,1.17,-1.23,11.29,0,-2.33,0,412.01,24.08,17.13,0.46,453.67,1339.87,-3833.47,-1.56000000000017,-0.549999999999727,No Change
Apr 2089,Socorro-Sierra,NCAR,Low,No Change,157.74,1.71,126.13,87.98,24.41,2.03,2.87,-0.84,4.17,0,-1.85,0,151.86,19.33,23.97,9.29,204.44,1356.32,-3827.38,16.45,6.08999999999969,No Change
May 2089,Socorro-Sierra,NCAR,Low,No Change,91.35,0.66,157.47,99.32,41.87,4.86,4.47,-0.13,2.41,0,-2.28,0,88.28,24.06,33.3,28.14,173.79,1358.45,-3838.06,2.13000000000011,-10.6799999999998,No Change
Jun 2089,Socorro-Sierra,NCAR,Low,No Change,668.39,7.83,65.74,130.08,11.15,76.78,4.31,-0.17,17.66,0,-0.98,0,642.91,10.09,34.36,32.83,720.2,1366.76,-3870.67,8.30999999999995,-32.6100000000001,No Change
Jul 2089,Socorro-Sierra,NCAR,Low,No Change,1338.44,15.77,74.71,138.95,5.34,64.2,3.73,-0.35,35.36,0,-1.16,0,1287.31,11.55,29.69,32.23,1360.78,1271.25,-3891.29,-95.51,-20.6199999999999,No Change
Aug 2089,Socorro-Sierra,NCAR,Low,No Change,1659.13,17.81,129.37,111.1,46.3,28.21,3.13,-0.59,43.83,0,-2,0,1597.49,20,22.48,27.71,1667.68,1186.78,-3893.4,-84.47,-2.11000000000013,No Change
Sep 2089,Socorro-Sierra,NCAR,Low,No Change,330.39,3.98,43.75,60,6.09,24.42,4.17,-0.22,8.73,0,-0.63,0,317.69,6.69,22.59,25.11,372.07,1186.12,-3883.02,-0.660000000000082,10.3800000000001,No Change
Oct 2089,Socorro-Sierra,NCAR,Low,No Change,528.19,6.16,59.17,16.21,43.38,2.48,2.8,-0.73,13.95,0,-0.89,0,508.08,9.1,14.47,12.99,544.64,1149.59,-3904.41,-36.53,-21.3899999999999,No Change
Nov 2089,Socorro-Sierra,NCAR,Low,No Change,327.3,3.46,94.41,0.13,85.18,0.38,1.07,-1.26,8.65,0,-1.21,0,315.19,14.16,7.48,0,336.84,1179.55,-3907.87,29.96,-3.46000000000004,No Change
Dec 2089,Socorro-Sierra,NCAR,Low,No Change,11.43,0.09,32.4,0.13,28.7,0.38,1.07,-1.25,0.3,0,0.14,0,11.03,3.9,6.7,0,21.63,1259.18,-3902.76,79.6300000000001,5.10999999999967,No Change
Jan 2090,Socorro-Sierra,NCAR,Low,No Change,182.35,2.32,41.79,7.87,30.82,0.39,1.07,-1.25,4.82,0,-0.63,0,175.21,6.43,5.95,0,187.59,1283.12,-3904.63,23.9399999999998,-1.86999999999989,No Change
Feb 2090,Socorro-Sierra,NCAR,Low,No Change,139.96,1.54,51.97,27.95,24.11,5.76,1.07,-1.25,3.7,0,-0.77,0,134.73,7.98,9.7,0,152.4,1309.93,-3902.76,26.8100000000002,1.86999999999989,No Change
Mar 2090,Socorro-Sierra,NCAR,Low,No Change,296.63,2.95,105.6,108.49,11.99,26.57,1.07,-1.25,7.84,0,-1.57,0,285.84,16.22,13.65,0,315.71,1320.9,-3902.16,10.97,0.600000000000364,No Change
Apr 2090,Socorro-Sierra,NCAR,Low,No Change,344.39,3.62,181.65,87.86,73.98,1.75,2.42,-0.91,9.1,0,-2.68,0,331.68,27.85,23.66,9.1,392.29,1294.99,-3898.22,-25.9100000000001,3.94000000000005,No Change
May 2090,Socorro-Sierra,NCAR,Low,No Change,827.3,8.77,191.84,101.38,76.13,3.51,3.46,-0.47,21.85,0,-2.84,0,796.68,29.44,29.6,26.03,881.75,1346.9,-3904.23,51.9100000000001,-6.01000000000022,No Change
Jun 2090,Socorro-Sierra,NCAR,Low,No Change,340.5,3.31,137.63,127.4,11.38,16.9,4.75,-0.05,8.99,0,-2,0,328.2,21.06,35.26,32.76,417.28,1393.85,-3915.18,46.9499999999998,-10.9499999999998,No Change
Jul 2090,Socorro-Sierra,NCAR,Low,No Change,1112.75,12.1,143.2,136.27,19.96,20.79,3.96,-0.3,29.4,0,-2.15,0,1071.25,22.02,30.22,31.2,1154.7,1357.87,-3945.74,-35.98,-30.5599999999999,No Change
Aug 2090,Socorro-Sierra,NCAR,Low,No Change,1404.41,15.48,121.31,110.18,38.56,28.81,3.44,-0.47,37.1,0,-1.86,0,1351.83,18.72,24.91,28.69,1424.15,1331.07,-3953.95,-26.8,-8.21000000000004,No Change
Sep 2090,Socorro-Sierra,NCAR,Low,No Change,1744.72,20.06,87.27,65.3,48.89,19.03,2.48,-0.78,46.09,0,-1.39,0,1678.57,13.56,20.34,23.15,1735.62,1319.82,-3951.31,-11.25,2.63999999999987,No Change
Oct 2090,Socorro-Sierra,NCAR,Low,No Change,586.27,6.56,63.6,16.01,47.69,2.38,2.74,-0.75,15.49,0,-0.96,0,564.22,9.8,15.57,12.77,602.36,1332.59,-3933.02,12.77,18.29,No Change
Nov 2090,Socorro-Sierra,NCAR,Low,No Change,122.5,1.3,59.68,0.13,53.4,0.39,1.07,-1.25,3.24,0,-0.27,0,117.97,8.1,9.13,0,135.2,1365.83,-3934.76,33.24,-1.74000000000024,No Change
Dec 2090,Socorro-Sierra,NCAR,Low,No Change,117.58,1.14,47.68,0.13,42.84,0.39,1.07,-1.25,3.11,0,-0.19,0,113.33,6.43,6.45,0,126.21,1412.04,-3934.11,46.21,0.650000000000091,No Change
Jan 2091,Socorro-Sierra,NCAR,Low,No Change,298.54,3.48,77.76,7.59,63.25,0.39,1.07,-1.25,7.89,0,-1.16,0,287.18,11.95,6.35,0,305.48,1450.36,-3933.52,38.3199999999999,0.590000000000146,No Change
Feb 2091,Socorro-Sierra,NCAR,Low,No Change,228.7,2.52,54.25,28.14,24.18,3.07,1.07,-1.25,6.04,0,-0.81,0,220.13,8.34,7.79,0,236.27,1509.19,-3929.11,58.8300000000002,4.40999999999985,No Change
Mar 2091,Socorro-Sierra,NCAR,Low,No Change,352.11,3.74,80.32,109.01,0.05,36.14,1.12,-1.24,9.3,0,-1.21,0,339.07,12.35,17.63,0.21,369.27,1524.82,-3926.2,15.6299999999999,2.91000000000031,No Change
Apr 2091,Socorro-Sierra,NCAR,Low,No Change,57.24,0.51,128.28,87.52,26.21,2.71,3.29,-0.67,1.51,0,-1.87,0,55.22,19.63,27.53,13.42,115.8,1473.46,-3920.68,-51.3599999999999,5.51999999999998,No Change
May 2091,Socorro-Sierra,NCAR,Low,No Change,135.31,1.47,145.66,99.81,32.11,4.94,4.51,-0.11,3.57,0,-2.1,0,130.26,22.26,36.09,29.43,218.03,1473.4,-3938.42,-0.0599999999999454,-17.7400000000002,No Change
Jun 2091,Socorro-Sierra,NCAR,Low,No Change,337.53,3.57,93.36,128.13,11.93,56.05,4.98,0.04,8.92,0,-1.35,0,325.04,14.27,39.4,35.8,414.51,1469.1,-3970.99,-4.30000000000018,-32.5699999999997,No Change
Jul 2091,Socorro-Sierra,NCAR,Low,No Change,1412.48,15.76,103.38,137.97,5.15,38.35,3.72,-0.37,37.31,0,-1.59,0,1359.4,15.97,30.97,32.22,1438.57,1390.52,-4004.16,-78.5799999999999,-33.1700000000001,No Change
Aug 2091,Socorro-Sierra,NCAR,Low,No Change,2881.47,34.24,189.9,115.83,107.61,25.74,2.14,-0.87,76.12,0,-2.96,0,2771.11,29.4,22.15,27.17,2849.83,1330.43,-4004.75,-60.0899999999999,-0.590000000000146,No Change
Sep 2091,Socorro-Sierra,NCAR,Low,No Change,112.08,1.26,42.87,58.88,6.54,27.21,4.43,-0.13,2.96,0,-0.6,0,107.86,6.52,24.76,24.93,164.08,1393.17,-3961.78,62.74,42.9699999999998,No Change
Oct 2091,Socorro-Sierra,NCAR,Low,No Change,763.24,9.03,55.26,17.23,41.54,2.18,2.53,-0.8,20.16,0,-0.85,0,734.05,8.54,15.39,12.93,770.91,1352.32,-3988.93,-40.8500000000001,-27.1499999999996,No Change
Nov 2091,Socorro-Sierra,NCAR,Low,No Change,37.65,0.28,58.7,0.13,51.9,0.39,1.07,-1.25,0.99,0,0.24,0,36.37,7.09,9.89,0,53.36,1379.63,-3985.88,27.3100000000002,3.04999999999973,No Change
Dec 2091,Socorro-Sierra,NCAR,Low,No Change,1065.42,13.08,107.41,3.13,102.82,0.39,1.08,-1.25,28.14,0,-1.64,0,1024.19,16.57,7.02,0,1047.79,1423.57,-3986.97,43.9399999999998,-1.08999999999969,No Change
Jan 2092,Socorro-Sierra,NCAR,Low,No Change,520.84,6,92.03,8.09,77.56,0.39,1.08,-1.25,13.76,0,-1.39,0,501.08,14.16,6.62,0,521.86,1521.31,-3962.79,97.74,24.1799999999998,No Change
Feb 2092,Socorro-Sierra,NCAR,Low,No Change,136.66,1.43,58.23,27.74,24.23,0.39,1.08,-1.24,3.61,0,-0.87,0,131.62,8.94,11.23,0,151.8,1594.18,-3952.74,72.8700000000001,10.0500000000002,No Change
Mar 2092,Socorro-Sierra,NCAR,Low,No Change,58.61,0.6,70.91,108.24,0.69,47.24,1.65,-1.12,1.55,0,-1.04,0,56.46,10.87,21.98,2.62,91.93,1609.1,-3952.32,14.9199999999998,0.419999999999618,No Change
Apr 2092,Socorro-Sierra,NCAR,Low,No Change,301.58,3.48,120.4,88.58,22.43,3.79,3.64,-0.39,7.97,0,-1.76,0,290.13,18.43,29.17,23.15,360.87,1543.34,-3957.2,-65.76,-4.87999999999965,No Change
May 2092,Socorro-Sierra,NCAR,Low,No Change,335.36,3.64,104.99,101,27.28,34.18,4.2,-0.22,8.86,0,-1.53,0,322.86,16.07,35.47,28.26,402.66,1536.84,-3978.17,-6.5,-20.9700000000003,No Change
Jun 2092,Socorro-Sierra,NCAR,Low,No Change,133.13,1.48,24.9,128.56,12.21,117.82,5.19,0.12,3.52,0,-0.33,0,128.14,3.76,39.91,35.57,207.38,1498.88,-4003.52,-37.9599999999998,-25.3499999999999,No Change
Jul 2092,Socorro-Sierra,NCAR,Low,No Change,635.91,7.05,62.28,135.95,6.99,82.25,4.67,-0.06,16.8,0,-0.92,0,612.07,9.56,33.13,33.52,688.27,1358.43,-4040.98,-140.45,-37.46,No Change
Aug 2092,Socorro-Sierra,NCAR,Low,No Change,1123,12.9,106.65,109.93,24.24,29.43,3.73,-0.36,29.67,0,-1.61,0,1080.43,16.42,24.64,29.17,1150.66,1254.77,-4063.36,-103.66,-22.3800000000001,No Change
Sep 2092,Socorro-Sierra,NCAR,Low,No Change,285.32,3.12,33.22,57.11,6.07,31.43,4.2,-0.22,7.54,0,-0.48,0,274.66,5.07,22.57,24.51,326.81,1229.04,-4068.56,-25.73,-5.19999999999982,No Change
Oct 2092,Socorro-Sierra,NCAR,Low,No Change,176.89,2.2,56.78,14.57,39.9,3.35,3.38,-0.52,4.67,0,-0.82,0,170.02,8.68,16.02,15.22,209.93,1185.53,-4090.43,-43.51,-21.8699999999999,No Change
Nov 2092,Socorro-Sierra,NCAR,Low,No Change,79.71,0.76,69.67,0.15,61.81,0.4,1.12,-1.25,2.11,0,0.05,0,76.85,8.84,8.7,0.12,94.49,1209.97,-4105.71,24.4400000000001,-15.2800000000002,No Change
Dec 2092,Socorro-Sierra,NCAR,Low,No Change,363.14,4.08,68.38,0.56,62.8,0.39,1.08,-1.25,9.59,0,-1.03,0,349.47,10.52,5.77,0,365.76,1265.06,-4106.04,55.0899999999999,-0.329999999999927,No Change
Jan 2093,Socorro-Sierra,NCAR,Low,No Change,61.56,0.66,42.92,7.21,30.81,0.39,1.08,-1.25,1.63,0,-0.64,0,59.28,6.59,6.75,0,72.61,1324.03,-4099.82,58.97,6.22000000000025,No Change
Feb 2093,Socorro-Sierra,NCAR,Low,No Change,106.52,1.08,49.9,27.81,24.07,7.82,1.08,-1.25,2.81,0,-0.74,0,102.63,7.66,9.3,0,119.6,1350.03,-4101.16,26,-1.34000000000015,No Change
Mar 2093,Socorro-Sierra,NCAR,Low,No Change,167.04,1.76,65.86,108.74,0.11,50.37,1.2,-1.23,4.41,0,-0.98,0,160.86,10.11,17.21,0.43,188.62,1359.31,-4101.42,9.27999999999997,-0.260000000000218,No Change
Apr 2093,Socorro-Sierra,NCAR,Low,No Change,25.74,0.2,102.56,87.82,15.98,15.25,3.14,-0.75,0.68,0,-1.49,0,24.86,15.7,24.55,10.97,76.07,1294.27,-4100.84,-65.04,0.579999999999927,No Change
May 2093,Socorro-Sierra,NCAR,Low,No Change,18.67,0.2,70.8,100.54,27.81,67.13,4.58,-0.09,0.49,0,-1,0,17.98,10.78,32.88,28.56,90.2,1274.35,-4116.52,-19.9200000000001,-15.6800000000003,No Change
Jun 2093,Socorro-Sierra,NCAR,Low,No Change,408.54,4.06,67.65,128.74,7.17,73.56,4.82,-0.04,10.79,0,-0.99,0,393.69,10.36,34.2,34.27,472.51,1206.82,-4150.26,-67.53,-33.7399999999998,No Change
Jul 2093,Socorro-Sierra,NCAR,Low,No Change,1890.68,21.39,116.41,140.68,25.67,44.76,3.16,-0.57,49.95,0,-1.82,0,1819.35,18.03,25.74,30.98,1894.1,1111.08,-4179.58,-95.74,-29.3199999999997,No Change
Aug 2093,Socorro-Sierra,NCAR,Low,No Change,1350.63,14.67,109.34,98.86,27.07,17.12,3.49,-0.47,35.68,0,-1.68,0,1300.28,16.88,21.11,28.28,1366.55,1069.97,-4166.16,-41.1099999999999,13.4200000000001,No Change
Sep 2093,Socorro-Sierra,NCAR,Low,No Change,216.83,1.98,37.29,41.95,6.16,13.99,4.3,-0.21,5.73,0,-0.53,0,209.12,5.69,19.88,24.26,258.95,1062.78,-4164.4,-7.19000000000005,1.76000000000022,No Change
Oct 2093,Socorro-Sierra,NCAR,Low,No Change,986.57,10.51,97.64,17.42,78.52,1.37,2.04,-1.02,26.06,0,-1.5,0,950,15.08,11.74,8.85,985.67,1039.57,-4187.97,-23.21,-23.5700000000006,No Change
Nov 2093,Socorro-Sierra,NCAR,Low,No Change,586.87,6.94,84.19,1.74,78.09,0.39,1.08,-1.26,15.5,0,-1.27,0,564.43,12.97,8.42,0,585.82,1108.03,-4175.31,68.46,12.6599999999999,No Change
Dec 2093,Socorro-Sierra,NCAR,Low,No Change,294.27,3.91,43.34,1.13,40.5,0.39,1.08,-1.26,7.77,0,-0.66,0,282.59,6.67,5.47,0,294.73,1179.65,-4163.43,71.6200000000001,11.8800000000001,No Change
Jan 2094,Socorro-Sierra,NCAR,Low,No Change,404.83,4.87,72.68,8.35,59.5,0.39,1.08,-1.26,10.69,0,-1.09,0,389.26,11.18,4.9,0,405.35,1216.62,-4158.65,36.9699999999998,4.78000000000065,No Change
Feb 2094,Socorro-Sierra,NCAR,Low,No Change,47.9,0.47,43.92,27.73,24.04,13.46,1.09,-1.25,1.27,0,-0.65,0,46.16,6.74,9.39,0,62.29,1273.16,-4151.39,56.5400000000002,7.25999999999931,No Change
Mar 2094,Socorro-Sierra,NCAR,Low,No Change,92.97,0.89,85.82,108.2,0.09,33.48,1.18,-1.24,2.46,0,-1.27,0,89.62,13.16,16.31,0.32,119.42,1276.69,-4153.11,3.52999999999997,-1.71999999999935,No Change
Apr 2094,Socorro-Sierra,NCAR,Low,No Change,193.35,1.89,166.17,87.43,59.86,2.25,3.02,-0.79,5.11,0,-2.44,0,186.34,25.46,23.76,11.01,246.57,1229.41,-4154.66,-47.28,-1.55000000000018,No Change
May 2094,Socorro-Sierra,NCAR,Low,No Change,236.25,2.5,128.54,100.42,27.52,14.69,4.36,-0.17,6.24,0,-1.86,0,227.5,19.66,32.57,28.88,308.61,1267.07,-4166.82,37.6599999999999,-12.1599999999999,No Change
Jun 2094,Socorro-Sierra,NCAR,Low,No Change,344.11,4.09,90.71,128.64,11.54,57.92,4.7,-0.05,9.09,0,-1.31,0,330.93,13.87,33.08,32.76,410.63,1251.87,-4195.86,-15.2,-29.04,No Change
Jul 2094,Socorro-Sierra,NCAR,Low,No Change,2184.7,25.38,189.73,140.91,66.03,18.2,2.83,-0.66,57.71,0,-2.91,0,2101.6,29.29,25.71,30.32,2186.92,1177.15,-4225.59,-74.7199999999998,-29.7300000000005,No Change
Aug 2094,Socorro-Sierra,NCAR,Low,No Change,2550.59,30.4,172.64,115.56,89.66,26.2,2.28,-0.83,67.38,0,-2.69,0,2452.82,26.71,20.79,27.07,2527.39,1202.77,-4204.6,25.6199999999999,20.9899999999998,No Change
Sep 2094,Socorro-Sierra,NCAR,Low,No Change,554.68,6.27,55.5,61.62,14.53,22.08,3.81,-0.35,14.65,0,-0.83,0,533.76,8.52,21.72,23.67,587.67,1248.55,-4170.09,45.78,34.5100000000002,No Change
Oct 2094,Socorro-Sierra,NCAR,Low,No Change,518.18,6.42,32.37,16.77,19.86,2.34,2.69,-0.77,13.69,0,-0.5,0,498.08,5,14.54,11.96,529.58,1223.45,-4184.1,-25.0999999999999,-14.0100000000002,No Change
Nov 2094,Socorro-Sierra,NCAR,Low,No Change,141.82,1.35,68.12,0.13,60.87,0.4,1.09,-1.25,3.75,0,-0.21,0,136.72,9.08,9,0,154.8,1229.88,-4186.33,6.43000000000006,-2.22999999999956,No Change
Dec 2094,Socorro-Sierra,NCAR,Low,No Change,354.26,3.61,89.74,0.13,81.33,0.4,1.09,-1.25,9.36,0,-1.1,0,341.3,13.37,6.94,0,361.61,1283.7,-4185.14,53.8199999999999,1.1899999999996,No Change
Jan 2095,Socorro-Sierra,NCAR,Low,No Change,476.5,5.95,68.89,8.71,56.97,0.4,1.09,-1.25,12.59,0,-1.04,0,457.95,10.61,6.81,0,475.37,1360.04,-4179.22,76.3399999999999,5.92000000000007,No Change
Feb 2095,Socorro-Sierra,NCAR,Low,No Change,385.05,4.23,85.29,28.24,49.85,0.4,1.09,-1.25,10.17,0,-1.28,0,370.65,13.11,10.48,0,394.24,1412.14,-4170.01,52.1000000000001,9.21000000000004,No Change
Mar 2095,Socorro-Sierra,NCAR,Low,No Change,294.34,3.07,118.24,108.08,24.21,27.37,2.21,-1.05,7.78,0,-1.75,0,283.49,18.15,17.23,3.8,322.67,1453.46,-4163.46,41.3199999999999,6.55000000000018,No Change
Apr 2095,Socorro-Sierra,NCAR,Low,No Change,107.59,0.76,223.63,86.14,109.47,2.2,3.04,-0.8,2.84,0,-3.27,0,103.99,34.25,25.42,10,173.66,1436.32,-4164.5,-17.1400000000001,-1.03999999999996,No Change
May 2095,Socorro-Sierra,NCAR,Low,No Change,742.23,7.83,239.58,100.19,117.67,3.66,3.6,-0.43,19.61,0,-3.53,0,714.79,36.74,32.29,26.16,809.97,1522,-4178.77,85.6800000000001,-14.2700000000004,No Change
Jun 2095,Socorro-Sierra,NCAR,Low,No Change,300.86,3.29,215.88,126.27,68.41,5.39,4.86,0,7.95,0,-3.14,0,289.62,33.02,39.05,33.67,395.36,1607.76,-4192.88,85.76,-14.1099999999997,No Change
Jul 2095,Socorro-Sierra,NCAR,Low,No Change,1395.36,16.01,251.91,135.36,117.76,20.13,3.7,-0.36,36.86,0,-3.75,0,1342.49,38.69,33.7,31.9,1446.79,1636.58,-4226.59,28.8199999999999,-33.71,No Change
Aug 2095,Socorro-Sierra,NCAR,Low,No Change,884.48,10.69,201.35,107.11,106.92,29.89,3.96,-0.26,23.36,0,-2.97,0,850.43,30.87,29.36,29,939.65,1704.58,-4229.46,68,-2.86999999999989,No Change
Sep 2095,Socorro-Sierra,NCAR,Low,No Change,261.2,2.76,111.9,57.55,62.68,21.06,4.22,-0.2,6.9,0,-1.62,0,251.55,17.11,27.15,24.16,319.98,1756.47,-4242.28,51.8900000000001,-12.8199999999997,No Change
Oct 2095,Socorro-Sierra,NCAR,Low,No Change,408.59,5.04,113.54,14.5,90.65,2.3,2.7,-0.76,10.79,0,-1.68,0,392.75,17.41,17.73,10.89,438.78,1775.35,-4265.59,18.8799999999999,-23.3100000000004,No Change
Nov 2095,Socorro-Sierra,NCAR,Low,No Change,427.78,4.14,176.79,0.14,158.33,0.4,1.09,-1.23,11.3,0,-0.35,0,412.34,23.21,11.35,0,446.9,1849.42,-4270.81,74.0700000000002,-5.22000000000025,No Change
Dec 2095,Socorro-Sierra,NCAR,Low,No Change,11.9,0.1,105.91,0.14,93.12,0.4,1.09,-1.22,0.31,0,0.55,0,11.48,12.6,9.17,0,33.26,1998.32,-4262.17,148.9,8.64000000000033,No Change
Jan 2096,Socorro-Sierra,NCAR,Low,No Change,334.95,4.14,128.74,6.51,108.92,0.4,1.09,-1.22,8.85,0,-1.91,0,321.96,19.75,7.35,0,349.06,2084.2,-4263.63,85.8799999999999,-1.46000000000004,No Change
Feb 2096,Socorro-Sierra,NCAR,Low,No Change,387.12,4.11,119.92,60.14,47.66,0.4,1.09,-1.22,10.23,0,-1.79,0,372.78,18.42,12.2,0,403.4,2187.69,-4259,103.49,4.63000000000011,No Change
Mar 2096,Socorro-Sierra,NCAR,Low,No Change,410.7,4.47,106.15,108.2,0.01,12.33,1.1,-1.22,10.85,0,-1.59,0,395.39,16.31,22.14,0.03,433.87,2225.07,-4252.88,37.3800000000001,6.11999999999989,No Change
Apr 2096,Socorro-Sierra,NCAR,Low,No Change,338.92,3.75,229.11,162.77,40.37,2.02,2.82,-0.82,8.95,0,-3.37,0,326.22,35.11,34.86,10.32,406.5,2192.94,-4245.96,-32.1300000000001,6.92000000000007,No Change
May 2096,Socorro-Sierra,NCAR,Low,No Change,487.11,5.03,231.58,165.4,43.2,4.07,3.9,-0.31,12.87,0,-3.39,0,469.21,35.47,43.34,26.35,574.38,2200.07,-4254.33,7.13000000000011,-8.36999999999989,No Change
Jun 2096,Socorro-Sierra,NCAR,Low,No Change,274.57,2.93,199.84,128.89,51.78,5.56,5,0.07,7.25,0,-2.9,0,264.39,30.56,51.15,34.9,381,2200.07,-4275.43,0,-21.1000000000004,No Change
Jul 2096,Socorro-Sierra,NCAR,Low,No Change,2179.34,27.04,124.07,136.87,13.3,16.34,2.8,-0.6,57.57,0,-1.94,0,2094.73,19.21,39.07,30.53,2183.54,2200.07,-4310.9,0,-35.4699999999993,No Change
Aug 2096,Socorro-Sierra,NCAR,Low,No Change,1047,10.62,163.17,106.06,49.02,3.94,3.86,-0.34,27.66,0,-2.45,0,1008.72,25.09,35.21,28.17,1097.19,2161.37,-4289.2,-38.7000000000003,21.6999999999998,No Change
Sep 2096,Socorro-Sierra,NCAR,Low,No Change,1311.69,15.05,115.54,67.33,49.99,2.78,2.87,-0.63,34.65,0,-1.77,0,1261.98,17.83,29.6,22.43,1331.83,2175.44,-4296.36,14.0700000000002,-7.15999999999985,No Change
Oct 2096,Socorro-Sierra,NCAR,Low,No Change,754.26,8.97,65.75,42.58,24.86,1.87,2.36,-0.86,19.93,0,-1.01,0,725.37,10.15,22.69,10.74,768.95,2196.56,-4289.4,21.1199999999999,6.96000000000004,No Change
Nov 2096,Socorro-Sierra,NCAR,Low,No Change,1031.05,12.36,149.64,104.57,37.05,0.4,1.1,-1.22,27.24,0,-2.26,0,991.45,23.04,13.97,0,1028.46,2200.07,-4284.44,3.51000000000022,4.96000000000004,No Change
Dec 2096,Socorro-Sierra,NCAR,Low,No Change,713.69,9.07,76.33,68.38,6.82,0.4,1.1,-1.22,18.85,0,-1.16,0,685.77,11.77,8.74,0,706.28,2225.07,-4261.78,25,22.6599999999999,No Change
Jan 2097,Socorro-Sierra,NCAR,Low,No Change,946.81,11.94,105.26,94.91,8.06,0.4,1.1,-1.22,25.01,0,-1.6,0,909.87,16.23,9.98,0,936.07,2225.07,-4246.42,0,15.3599999999997,No Change
Feb 2097,Socorro-Sierra,NCAR,Low,No Change,168.03,1.8,71.56,51.78,12.05,0.4,1.1,-1.22,4.44,0,-1.06,0,161.8,10.99,13.98,0,186.76,2225.07,-4225.33,0,21.0900000000001,No Change
Mar 2097,Socorro-Sierra,NCAR,Low,No Change,348.79,3.76,101.25,108.16,0.17,17.36,1.26,-1.19,9.21,0,-1.51,0,335.81,15.55,25.7,0.78,377.84,2225.07,-4224.27,0,1.05999999999949,No Change
Apr 2097,Socorro-Sierra,NCAR,Low,No Change,490.93,4.81,194.45,127.73,47.66,3.07,3.2,-0.56,12.97,0,-2.86,0,473.15,29.81,32.91,19.37,555.24,2184.63,-4219.8,-40.4400000000001,4.47000000000025,No Change
May 2097,Socorro-Sierra,NCAR,Low,No Change,198.71,2.02,215.06,147.9,43.93,4.53,4.23,-0.19,5.25,0,-3.12,0,191.44,32.9,43.83,26.42,294.59,2200.07,-4232.83,15.4400000000001,-13.0299999999997,No Change
Jun 2097,Socorro-Sierra,NCAR,Low,No Change,359.93,4.14,210.35,143.23,47.27,5.14,4.66,-0.04,9.51,0,-3.06,0,346.28,32.18,46.83,32.17,457.46,2200.07,-4261.55,0,-28.7200000000003,No Change
Jul 2097,Socorro-Sierra,NCAR,Low,No Change,972.45,10.73,243.2,181.2,43.54,4.51,4.21,-0.2,25.69,0,-3.59,0,936.03,37.3,43.43,32.05,1048.81,2200.07,-4291.96,0,-30.4099999999999,No Change
Aug 2097,Socorro-Sierra,NCAR,Low,No Change,744.15,8.25,247.85,189.87,36.32,4.44,4.15,-0.21,19.66,0,-3.64,0,716.25,37.99,36.24,28.49,818.96,2200.07,-4306.32,0,-14.3599999999997,No Change
Sep 2097,Socorro-Sierra,NCAR,Low,No Change,18.36,0.2,229.39,169.36,33.32,4.83,4.44,-0.12,0.48,0,-3.32,0,17.67,35.06,33.05,23.46,109.24,2200.07,-4323.15,0,-16.8299999999999,No Change
Oct 2097,Socorro-Sierra,NCAR,Low,No Change,207.42,2.23,115.87,82.84,21.48,2.27,2.77,-0.76,5.48,0,-1.7,0,199.71,17.75,22.74,9.32,249.53,2200.07,-4354,0,-30.8500000000004,No Change
Nov 2097,Socorro-Sierra,NCAR,Low,No Change,236.23,2.69,84.62,38.98,36.99,0.4,1.1,-1.22,6.24,0,-1.26,0,227.31,12.99,13.91,0,254.21,2200.07,-4363.08,0,-9.07999999999993,No Change
Dec 2097,Socorro-Sierra,NCAR,Low,No Change,76.68,0.78,52.51,40.04,6.37,0.4,1.1,-1.22,2.03,0,-0.78,0,73.87,8.06,8.29,0,90.23,2225.07,-4360.42,25,2.65999999999985,No Change
Jan 2098,Socorro-Sierra,NCAR,Low,No Change,107.85,1.42,37.44,27.8,6.26,0.4,1.1,-1.22,2.85,0,-0.56,0,103.59,5.75,8.19,0,117.52,2225.07,-4361.5,0,-1.07999999999993,No Change
Feb 2098,Socorro-Sierra,NCAR,Low,No Change,98.32,1.09,54.91,49.05,2.67,3.34,1.1,-1.22,2.6,0,-0.81,0,94.63,8.43,14.39,0,117.46,2225.07,-4361.53,0,-0.0299999999997453,No Change
Mar 2098,Socorro-Sierra,NCAR,Low,No Change,93.54,0.87,111.07,107.68,6.13,17.27,1.24,-1.2,2.47,0,-1.63,0,90.21,17.02,24.84,0.47,132.54,2212.34,-4362.08,-12.73,-0.550000000000182,No Change
Apr 2098,Socorro-Sierra,NCAR,Low,No Change,4.16,0.03,203.11,119.55,58.45,2.99,3.48,-0.58,0.11,0,-2.95,0,4.02,31.07,38.25,14.91,88.26,2178.8,-4364.15,-33.54,-2.06999999999971,No Change
May 2098,Socorro-Sierra,NCAR,Low,No Change,372.52,4.19,224.27,156.73,45.06,4.38,4.1,-0.23,9.84,0,-3.27,0,358.49,34.33,45.01,27.49,465.31,2200.07,-4385.95,21.27,-21.8000000000002,No Change
Jun 2098,Socorro-Sierra,NCAR,Low,No Change,322.09,3.3,206.33,137.15,49.22,5.31,4.83,0,8.51,0,-3,0,310.28,31.57,48.74,33.26,423.85,2200.07,-4411.2,0,-25.25,No Change
Jul 2098,Socorro-Sierra,NCAR,Low,No Change,1084.33,11.64,182.69,133.58,39.7,4.28,4.07,-0.25,28.64,0,-2.72,0,1044.04,28.07,42.45,31.55,1146.11,2200.07,-4443.79,0,-32.5900000000001,No Change
Aug 2098,Socorro-Sierra,NCAR,Low,No Change,1401.96,15.64,176.63,133.7,37.57,3.52,3.45,-0.44,37.04,0,-2.66,0,1349.29,27.18,35.23,28.59,1440.29,2197.36,-4453.74,-2.71000000000004,-9.94999999999982,No Change
Sep 2098,Socorro-Sierra,NCAR,Low,No Change,1213.28,14.45,133.54,101.7,30.81,3.06,3.05,-0.56,32.05,0,-2.02,0,1166.78,20.56,31.36,23.48,1242.19,2200.07,-4451.85,2.71000000000004,1.88999999999942,No Change
Oct 2098,Socorro-Sierra,NCAR,Low,No Change,646.77,7.65,88.93,66.02,19.74,1.52,2.13,-0.95,17.09,0,-1.34,0,622.03,13.69,21.3,7.65,664.67,2200.07,-4448.91,0,2.94000000000051,No Change
Nov 2098,Socorro-Sierra,NCAR,Low,No Change,146.43,1.44,54.38,9.49,39.2,0.41,1.11,-1.22,3.87,0,-0.81,0,141.12,8.36,16.12,0,165.59,2200.07,-4443.9,0,5.01000000000022,No Change
Dec 2098,Socorro-Sierra,NCAR,Low,No Change,30.95,0.23,41.97,28.85,7.94,0.41,1.11,-1.22,0.82,0,-0.62,0,29.9,6.44,9.86,0,46.2,2225.07,-4443.17,25,0.729999999999563,No Change
Jan 2099,Socorro-Sierra,NCAR,Low,No Change,349.89,4.16,83.91,67.77,9.06,0.41,1.11,-1.22,9.24,0,-1.25,0,336.49,12.9,10.98,0,360.37,2225.07,-4445.31,0,-2.14000000000033,No Change
Feb 2099,Socorro-Sierra,NCAR,Low,No Change,370.65,3.94,94.7,73.52,12.39,0.41,1.11,-1.22,9.79,0,-1.42,0,356.91,14.56,14.31,0,385.78,2225.07,-4439.65,0,5.66000000000076,No Change
Mar 2099,Socorro-Sierra,NCAR,Low,No Change,12.15,0.11,85.02,107.96,0.29,34.9,1.39,-1.17,0.32,0,-1.25,0,11.72,13.02,26.42,1.01,52.18,2225.07,-4433.61,0,6.03999999999996,No Change
Apr 2099,Socorro-Sierra,NCAR,Low,No Change,383.43,3.82,216.64,127.75,66.01,3.3,3.35,-0.5,10.13,0,-3.17,0,369.47,33.19,33.09,19.91,455.66,2166.6,-4438.1,-58.4700000000003,-4.49000000000069,No Change
May 2099,Socorro-Sierra,NCAR,Low,No Change,186.74,1.96,176.78,113.76,45.14,4.64,4.31,-0.17,4.93,0,-2.56,0,179.85,27.03,44.98,27.23,279.09,2200.07,-4454.91,33.4700000000003,-16.8099999999995,No Change
Jun 2099,Socorro-Sierra,NCAR,Low,No Change,473.2,5.01,150.98,126.99,13.07,5,4.59,-0.08,12.5,0,-2.21,0,455.7,23.12,47.26,32.49,558.56,2200.07,-4484.25,0,-29.3400000000001,No Change
Jul 2099,Socorro-Sierra,NCAR,Low,No Change,1324.23,14.88,171.47,134.34,47.73,19.52,3.81,-0.33,34.98,0,-2.58,0,1274.37,26.37,41.85,31.88,1374.48,2165.56,-4511.12,-34.5100000000002,-26.8699999999999,No Change
Aug 2099,Socorro-Sierra,NCAR,Low,No Change,2573.92,30.52,207.38,135.89,75.34,2.16,2.36,-0.79,67.99,0,-3.2,0,2475.4,32.04,32.3,27.56,2567.3,2156.05,-4514.72,-9.50999999999976,-3.60000000000036,No Change
Sep 2099,Socorro-Sierra,NCAR,Low,No Change,1098.65,13.69,97.95,71.06,30.17,3.19,3.09,-0.53,29.02,0,-1.48,0,1055.94,15.08,30.61,23.09,1124.73,2200.07,-4480.63,44.02,34.0900000000001,No Change
Oct 2099,Socorro-Sierra,NCAR,Low,No Change,2186.96,25.64,200.09,179.54,18.8,0.44,1.16,-1.22,57.77,0,-3.08,0,2103.55,30.9,20.74,8.81,2164,2200.07,-4479.8,0,0.829999999999927,No Change
Nov 2099,Socorro-Sierra,NCAR,Low,No Change,1371.5,16.3,151.76,111.97,35.41,0.41,1.11,-1.22,36.23,0,-2.32,0,1318.97,23.4,12.34,0,1354.72,2200.07,-4436.29,0,43.5100000000002,No Change
Dec 2099,Socorro-Sierra,NCAR,Low,No Change,64.11,0.7,18.67,16.63,1.72,1.57,1.11,-1.22,1.69,0,-0.28,0,61.72,2.88,8.94,0,73.54,2225.07,-4404.72,25,31.5699999999997,No Change
